0	-68.7866	1.6999999999999975	0.	0	31.19227	6.070211893617949
0.01	-60.59249019367413	2.256363636363634	0.	0	31.22835793127356	6.077234831981615
0.02	-57.081935544886484	2.8127272727272707	0.	0	31.265767229918428	6.084514916745115
0.03	-54.3460596555399	3.3690909090909074	0.	0	31.30431660097308	6.092016866768869
0.04	-52.0127460568019	3.925454545454544	0.	0	31.34387162186122	6.099714522574217
0.05	-49.937471879146464	4.481818181818179	0.	0	31.3843198214226	6.107585996566105
0.060000000000000005	-48.04587205637992	5.038181818181815	0.	0	31.425562343846114	6.115612050782037
0.07	-46.29360046367563	5.594545454545452	0.	0	31.467509816604164	6.12377529276613
0.08	-44.65163867496268	6.15090909090909	0.	0	31.510079931163382	6.132059704760192
0.09	-43.09973568706043	6.707272727272725	0.	0	31.553195879042008	6.140450339350667
0.09999999999999999	-41.62307272691045	7.26363636363636	0.	0	31.596785271187148	6.1489331091726465
0.10999999999999999	-40.21040354235867	7.819999999999997	0.	0	31.640779354608323	6.1574946344618295
0.11999999999999998	-38.85294272023178	8.376363636363635	0.	0	31.68511242359303	6.1661221284733765
0.12999999999999998	-37.54366396708036	8.93272727272727	0.	0	31.729721364565812	6.174803308908615
0.13999999999999999	-36.2768373035833	9.489090909090907	0.	0	31.77454529632276	6.183526327902415
0.15	-35.04771259429772	10.045454545454543	0.	0	31.81952528050133	6.192279715678794
0.16	-33.85229647908467	10.601818181818182	0.	0	31.86460408514601	6.201052334539306
0.17	-32.68719102683483	11.158181818181816	0.	0	31.909725989318527	6.209833340838967
0.18000000000000002	-31.549474406002002	11.714545454545455	0.	0	31.954836620052802	6.218612153256653
0.19000000000000003	-30.436610901906974	12.270909090909091	0.	0	31.999882815230876	6.227378426109901
0.20000000000000004	-29.346381896899402	12.827272727272728	0.	0	32.044812507541806	6.236122026772578
0.21000000000000005	-28.27683212416959	13.383636363636365	0.	0	32.08957462581683	6.244833016474084
0.22000000000000006	-27.226227247686747	13.940000000000001	0.	0	32.13411901085594	6.253501633918672
0.23000000000000007	-26.193019974380046	14.49636363636364	0.	0	32.178396343470006	6.262118281281996
0.24000000000000007	-25.175822685707836	15.052727272727275	0.	0	32.22235808292055	6.2706735122311
0.25000000000000006	-24.173385115015087	15.609090909090911	0.	0	32.265956414288	6.279158021681954
0.26000000000000006	-23.18457597606741	16.165454545454548	0.	0	32.30914420356932	6.287562637061166
0.2700000000000001	-22.208367718827915	16.721818181818186	0.	0	32.35187495951622	6.295878310879461
0.2800000000000001	-21.24382378472647	14.559999999999967	0.	0	32.3941028013921	5.799999999999994
0.2900000000000001	-20.29008787778791	9.679999999999957	0.	0	32.43578243195739	4.799999999999991
0.3000000000000001	-19.3463748751735	4.800000000000013	0.	0	32.476869115100826	3.800000000000004
0.3100000000000001	-18.411963081325766	5.960000000000013	0.	0	32.51731865761908	4.160000000000004
0.3200000000000001	-17.48618759121403	7.120000000000013	0.	0	32.55708739471889	4.520000000000004
0.3300000000000001	-16.568434575247313	7.519999999999996	0.	0	32.59613217887244	4.760000000000002
0.34000000000000014	-15.658136334892962	7.159999999999996	0.	0	32.6344103717054	4.880000000000002
0.35000000000000014	-14.754767006539167	6.799999999999995	0.	0	32.671879838636066	5.000000000000002
0.36000000000000015	-13.857838813589373	6.439999999999995	0.	0	32.708498946017436	5.120000000000002
0.37000000000000016	-12.966898784593486	6.079999999999995	0.	0	32.7442265605614	5.240000000000002
0.38000000000000017	-12.08152586945869	5.839999999999998	0.	0	32.77902205084814	4.9199999999999875
0.3900000000000002	-11.201328397238026	5.719999999999998	0.	0	32.81284529074256	4.159999999999988
0.4000000000000002	-10.325941828267078	5.599999999999999	0.	0	32.8456566645572	3.4000000000000026
0.4100000000000002	-9.455026760969401	5.519999999999999	0.	0	32.87741707381449	3.5600000000000027
0.4200000000000002	-8.588267159832991	5.439999999999999	0.	0	32.90808794547372	3.7200000000000033
0.4300000000000002	-7.725368776148643	5.450000000000003	0.	0	32.937631241497854	4.01000000000001
0.4400000000000002	-6.866057737309313	5.5500000000000025	0.	0	32.966009469644895	4.43000000000001
0.45000000000000023	-6.010079283967698	5.650000000000003	0.	0	32.993185695375004	4.85000000000001
0.46000000000000024	-5.157196637269095	5.750000000000003	0.	0	33.01912355477213	5.270000000000011
0.47000000000000025	-4.307189980824456	5.850000000000003	0.	0	33.043787268383426	5.690000000000012
0.48000000000000026	-3.459855544148703	6.320000000000023	0.	0	33.06714165588562	5.519999999999979
0.49000000000000027	-2.615004776030949	7.160000000000023	0.	0	33.08915215149047	4.759999999999979
0.5000000000000002	-1.7724635977789807	8.00000000000001	0.	0	33.10978482000626	3.9999999999999956
0.5100000000000002	-0.9320717275374079	8.44000000000001	0.	0	33.12900637347444	3.7999999999999954
0.5200000000000002	-0.09368206795129837	8.88000000000001	0.	0	33.146784188303904	3.5999999999999956
0.5300000000000002	0.7428398496336194	9.230000000000006	0.	0	33.16308632282749	3.830000000000015
0.5400000000000003	1.5776163704538473	9.490000000000006	0.	0	33.17788153520771	4.490000000000016
0.5500000000000003	2.4107581764332235	9.750000000000007	0.	0	33.191139301620446	5.150000000000018
0.5600000000000003	3.242364705861498	10.010000000000009	0.	0	33.202829834647154	5.81000000000002
0.5700000000000003	4.072524536888243	10.270000000000008	0.	0	33.21292410180785	6.470000000000021
0.5800000000000003	4.901315738631482	10.109999999999982	0.	0	33.22139384416851	6.579999999999985
0.5900000000000003	5.728806193314666	9.529999999999982	0.	0	33.22821159495809	6.139999999999985
0.6000000000000003	6.5550538925092425	8.949999999999982	0.	0	33.23335069813144	5.699999999999985
0.6100000000000003	7.380107210265278	8.369999999999981	0.	0	33.23678532681615	5.259999999999985
0.6200000000000003	8.204005155653778	7.7899999999999805	0.	0	33.238490501582184	4.819999999999985
0.6300000000000003	9.026777607016887	7.2399999999999824	0.	0	33.23844210847499	4.860000000000017
0.6400000000000003	9.848445530021262	6.719999999999983	0.	0	33.23661691675341	5.380000000000018
0.6500000000000004	10.669021181432136	6.200000000000003	0.	0	33.232992596275935	5.8999999999999995
0.6600000000000004	11.488508300368176	6.2840000000000025	0.	0	33.22754773447924	5.8839999999999995
0.6700000000000004	12.306902288656499	6.368000000000003	0.	0	33.220261852895426	5.867999999999999
0.6800000000000004	13.12419038178247	6.4520000000000035	0.	0	33.21111542315481	5.851999999999999
0.6900000000000004	13.940351811816113	6.536000000000003	0.	0	33.20008988242363	5.835999999999999
0.7000000000000004	14.75535796359637	6.620000000000004	0.	0	33.187167648226946	5.819999999999999
0.7100000000000004	15.569172525362877	6.704000000000003	0.	0	33.17233213260906	5.803999999999999
0.7200000000000004	16.381751634942386	6.788000000000004	0.	0	33.15556775558553	5.787999999999999
0.7300000000000004	17.193044022521246	6.872000000000003	0.	0	33.13685995784265	5.771999999999999
0.7400000000000004	18.0029911509665	6.956000000000004	0.	0	33.11619521264212	5.755999999999999
0.7500000000000004	18.811527354593427	7.0400000000000045	0.	0	33.09356103689082	5.739999999999999
0.7600000000000005	19.618579977219568	7.124000000000004	0.	0	33.06894600133757	5.723999999999999
0.7700000000000005	20.424069510288255	7.208000000000004	0.	0	33.042339739861106	5.707999999999999
0.7800000000000005	21.227909731793936	7.292000000000004	0.	0	33.013732957815336	5.691999999999999
0.7900000000000005	22.0300078466918	7.376000000000005	0.	0	32.98311743940098	5.675999999999999
0.8000000000000005	22.830264629427397	7.460000000000004	0.	0	32.95048605403417	5.659999999999999
0.8100000000000005	23.62857456917682	7.544000000000004	0.	0	32.91583276168613	5.643999999999999
0.8200000000000005	24.424826018344767	7.6280000000000046	0.	0	32.879152617169446	5.627999999999999
0.8300000000000005	25.218901344825106	7.712000000000005	0.	0	32.840441773349944	5.611999999999999
0.8400000000000005	26.010677088487917	7.796000000000005	0.	0	32.79969748326535	5.595999999999999
0.8500000000000005	26.800024122315556	7.880000000000005	0.	0	32.75691810113464	5.579999999999999
0.8600000000000005	27.586807818571206	7.964000000000005	0.	0	32.712103082244724	5.563999999999999
0.8700000000000006	28.370888220342195	8.048000000000005	0.	0	32.66525298170398	5.547999999999999
0.8800000000000006	29.152120218762462	8.132000000000005	0.	0	32.61636945205463	5.531999999999999
0.8900000000000006	29.930353736177818	8.216000000000005	0.	0	32.565455239738995	5.515999999999999
0.9000000000000006	30.705433915478586	8.299999999999981	0.	0	32.51251418041726	5.500000000000008
0.9100000000000006	31.477201315784885	7.93999999999998	0.	0	32.45755119313724	5.640000000000008
0.9200000000000006	32.24549211462964	7.579999999999979	0.	0	32.40057227335935	5.780000000000008
0.9300000000000006	33.01013831674536	7.2199999999999775	0.	0	32.34158448484273	5.920000000000009
0.9400000000000006	33.770967969519916	6.859999999999977	0.	0	32.280595950401285	6.060000000000009
0.9500000000000006	34.52780538514717	6.500000000000005	0.	0	32.21761584154086	6.199999999999999
0.9600000000000006	35.28047136945848	6.580000000000005	0.	0	32.15265436699153	6.179999999999999
0.9700000000000006	36.02878345737989	6.6600000000000055	0.	0	32.0857227601517	6.159999999999998
0.9800000000000006	36.77255615492113	6.7400000000000055	0.	0	32.01683326546276	6.139999999999999
0.9900000000000007	37.51160118756192	6.820000000000006	0.	0	31.94599912373615	6.119999999999999
1.0000000000000007	38.24572775486154	6.900000000000006	0.	0	31.873234556456328	6.099999999999999
1.0100000000000007	38.97474279107878	6.980000000000006	0.	0	31.79855474908598	6.079999999999998
1.0200000000000007	39.69845123154991	7.060000000000006	0.	0	31.72197583340168	6.059999999999999
1.0300000000000007	40.416656284535414	7.140000000000006	0.	0	31.643514868890406	6.039999999999999
1.0400000000000007	41.12915970820727	7.220000000000006	0.	0	31.56318982323929	6.019999999999999
1.0500000000000007	41.83576209241386	7.300000000000006	0.	0	31.481019551952784	5.999999999999998
1.0600000000000007	42.53626314482291	7.380000000000006	0.	0	31.397023777133207	5.979999999999999
1.0700000000000007	43.230461981009746	7.460000000000006	0.	0	31.311223065462467	5.959999999999999
1.0800000000000007	43.91815741802474	7.540000000000006	0.	0	31.22363880542382	5.939999999999999
1.0900000000000007	44.59914827094361	7.620000000000006	0.	0	31.13429318380434	5.919999999999998
1.1000000000000008	45.27323365187408	7.700000000000006	0.	0	31.043209161519815	5.899999999999999
1.1100000000000008	45.94021327086546	7.7800000000000065	0.	0	30.950410448804988	5.879999999999999
1.1200000000000008	46.599887738142634	7.8600000000000065	0.	0	30.855921479812846	5.8599999999999985
1.1300000000000008	47.25205886706213	7.940000000000007	0.	0	30.75976738666784	5.839999999999998
1.1400000000000008	47.8965299771679	8.020000000000007	0.	0	30.66197397301829	5.8199999999999985
1.1500000000000008	48.5331061967061	8.100000000000007	0.	0	30.562567687134138	5.799999999999999
1.1600000000000008	49.16159476394248	8.180000000000007	0.	0	30.461575594596123	5.7799999999999985
1.1700000000000008	49.78180532661335	8.260000000000007	0.	0	30.35902535062355	5.759999999999998
1.1800000000000008	50.39355023883138	8.340000000000007	0.	0	30.254945172087044	5.739999999999998
1.1900000000000008	50.99664485476023	8.420000000000007	0.	0	30.14936380925357	5.719999999999999
1.2000000000000008	51.59090781836886	8.500000000000007	0.	0	30.04231051731026	5.699999999999998
1.2100000000000009	52.176161348574645	8.580000000000007	0.	0	29.933815027713802	5.679999999999998
1.2200000000000009	52.75223151908796	8.660000000000007	0.	0	29.823907519411428	5.659999999999998
1.2300000000000009	53.3189485322755	8.740000000000007	0.	0	29.712618589979474	5.639999999999999
1.2400000000000009	53.87614698636942	8.820000000000007	0.	0	29.59997922672444	5.619999999999998
1.2500000000000009	54.42366613535997	8.900000000000007	0.	0	29.48602077779119	5.599999999999998
1.260000000000001	54.96135014092615	8.980000000000008	0.	0	29.370774923321942	5.579999999999998
1.270000000000001	55.489048315775406	9.060000000000008	0.	0	29.25427364670868	5.559999999999999
1.280000000000001	56.006615357785456	9.140000000000008	0.	0	29.136549205980952	5.539999999999998
1.290000000000001	56.513911574365444	9.220000000000008	0.	0	29.01763410536949	5.519999999999998
1.300000000000001	57.01080309648007	9.299999999999999	0.	0	28.89756106708536	5.5
1.310000000000001	57.49716208180987	9.278571428571427	0.	0	28.776363003352945	5.504761904761905
1.320000000000001	57.9728669065537	9.257142857142856	0.	0	28.654072988733276	5.50952380952381
1.330000000000001	58.437802345412315	9.235714285714284	0.	0	28.5307242327738	5.514285714285715
1.340000000000001	58.891859739330364	9.214285714285714	0.	0	28.406350053018386	5.51904761904762
1.350000000000001	59.33493715061072	9.192857142857141	0.	0	28.280983848410173	5.523809523809525
1.360000000000001	59.76693950505697	9.17142857142857	0.	0	28.15465907311846	5.528571428571429
1.370000000000001	60.18777872084082	9.149999999999999	0.	0	28.02740921081901	5.533333333333334
1.380000000000001	60.59737382383389	9.128571428571426	0.	0	27.899267749455657	5.538095238095239
1.390000000000001	60.99565104918915	9.107142857142856	0.	0	27.770268156509538	5.542857142857144
1.400000000000001	61.38254392900023	9.085714285714284	0.	0	27.64044385480036	5.547619047619048
1.410000000000001	61.757993365914004	9.064285714285713	0.	0	27.509828198842712	5.552380952380953
1.420000000000001	62.1219476926169	9.042857142857141	0.	0	27.37845445177862	5.557142857142858
1.430000000000001	62.474362717161625	9.02142857142857	0.	0	27.246355762905758	5.561904761904763
1.440000000000001	62.815201754146955	8.999999999999998	0.	0	27.11356514581932	5.566666666666667
1.450000000000001	63.144435641808364	8.978571428571428	0.	0	26.980115457183462	5.571428571428572
1.460000000000001	63.46204274512218	8.957142857142856	0.	0	26.84603937614711	5.576190476190477
1.470000000000001	63.768008945069894	8.935714285714283	0.	0	26.711369384416656	5.5809523809523816
1.480000000000001	64.06232761425157	8.914285714285713	0.	0	26.57613774699695	5.585714285714286
1.490000000000001	64.34499957908005	8.89285714285714	0.	0	26.440376493610163	5.590476190476191
1.500000000000001	64.61603306882498	8.87142857142857	0.	0	26.30411740080048	5.595238095238096
1.5100000000000011	64.87544365181739	8.849999999999998	0.	0	26.167391974731217	5.6000000000000005
1.5200000000000011	65.12325415915876	8.828571428571427	0.	0	26.030231434679287	5.604761904761905
1.5300000000000011	65.35949459631487	8.807142857142855	0.	0	25.892666697230588	5.60952380952381
1.5400000000000011	65.58420204300573	8.785714285714285	0.	0	25.754728361178444	5.614285714285715
1.5500000000000012	65.79742054183374	8.764285714285712	0.	0	25.616446693125816	5.6190476190476195
1.5600000000000012	65.99920097611847	8.74285714285714	0.	0	25.477851613790683	5.623809523809524
1.5700000000000012	66.18960093743263	8.72142857142857	0.	0	25.338972685012852	5.628571428571429
1.5800000000000012	66.36868458335567	8.699999999999998	0.	0	25.199839097459016	5.633333333333334
1.5900000000000012	66.53652248598085	8.678571428571427	0.	0	25.060479659021833	5.6380952380952385
1.6000000000000012	66.69319147172968	8.657142857142855	0.	0	24.92092278390777	5.642857142857143
1.6100000000000012	66.83877445304147	8.635714285714284	0.	0	24.781196482407122	5.647619047619048
1.6200000000000012	66.97336025251778	8.614285714285712	0.	0	24.64132835133899	5.652380952380953
1.6300000000000012	67.09704342011078	8.59285714285714	0.	0	24.50134556516269	5.6571428571428575
1.6400000000000012	67.20992404395135	8.57142857142857	0.	0	24.36127486774643	5.661904761904762
1.6500000000000012	67.31210755541598	8.549999999999997	0.	0	24.221142564783126	5.666666666666668
1.6600000000000013	67.40370452903427	8.528571428571427	0.	0	24.0809745168425	5.671428571428573
1.6700000000000013	67.48483047783695	8.507142857142854	0.	0	23.940796133047918	5.676190476190477
1.6800000000000013	67.55560564474123	8.485714285714284	0.	0	23.800632365365637	5.680952380952382
1.6900000000000013	67.61615479056601	8.464285714285712	0.	0	23.660507703493675	5.685714285714287
1.7000000000000013	67.66660697925929	8.442857142857141	0.	0	23.52044617033686	5.690476190476192
1.7100000000000013	67.70709536091388	8.421428571428569	0.	0	23.38047131805413	5.695238095238096
1.7200000000000013	67.73775695313294	8.399999999999991	0.	0	23.24060622466379	5.700000000000001
1.7300000000000013	67.75873242129533	8.330303030303021	0.	0	23.10087349119178	5.709090909090911
1.7400000000000013	67.77016585825557	8.260606060606051	0.	0	22.961295239348164	5.71818181818182
1.7500000000000013	67.77220456399593	8.19090909090908	0.	0	22.821893109716036	5.727272727272728
1.7600000000000013	67.76499882573219	8.121212121212112	0.	0	22.68268826043751	5.736363636363638
1.7700000000000014	67.74870169895327	8.051515151515142	0.	0	22.543701366380674	5.745454545454547
1.7800000000000014	67.72346878985674	7.981818181818172	0.	0	22.404952618771667	5.754545454545456
1.7900000000000014	67.68945803962089	7.912121212121202	0.	0	22.2664617252755	5.7636363636363654
1.8000000000000014	67.64682951093137	7.842424242424233	0.	0	22.128247910509597	5.772727272727274
1.8100000000000014	67.59574517715895	7.772727272727263	0.	0	21.99032991697352	5.781818181818183
1.8200000000000014	67.53636871456168	7.7030303030302925	0.	0	21.8527260063788	5.790909090909093
1.8300000000000014	67.46886529786158	7.633333333333323	0.	0	21.715453961362375	5.800000000000002
1.8400000000000014	67.3934013995216	7.563636363636354	0.	0	21.578531087567647	5.80909090909091
1.8500000000000014	67.31014459302628	7.4939393939393835	0.	0	21.441974216076712	5.81818181818182
1.8600000000000014	67.21926336044456	7.424242424242413	0.	0	21.30579970617809	5.827272727272729
1.8700000000000014	67.12092690452997	7.354545454545444	0.	0	21.170023448453787	5.836363636363638
1.8800000000000014	67.01530496559022	7.2848484848484745	0.	0	21.034660868170157	5.845454545454547
1.8900000000000015	66.90256764333438	7.215151515151504	0.	0	20.89972692895696	5.854545454545456
1.9000000000000015	66.78288522388368	7.145454545454534	0.	0	20.765236136759388	5.863636363636365
1.9100000000000015	66.65642801210893	7.075757575757565	0.	0	20.63120254404795	5.872727272727274
1.9200000000000015	66.52336616943646	7.006060606060595	0.	0	20.4976397542714	5.881818181818184
1.9300000000000015	66.38386955724219	6.936363636363625	0.	0	20.364560926538203	5.890909090909092
1.9400000000000015	66.23810758593395	6.866666666666655	0.	0	20.23197878051232	5.900000000000001
1.9500000000000015	66.08624906980148	6.796969696969685	0.	0	20.09990560150922	5.909090909090911
1.9600000000000015	65.92846208769433	6.727272727272716	0.	0	19.968353245778708	5.91818181818182
1.9700000000000015	65.76491384957039	6.657575757575746	0.	0	19.837333145960983	5.927272727272729
1.9800000000000015	65.59577056893899	6.587878787878776	0.	0	19.706856316703263	5.936363636363638
1.9900000000000015	65.42119734120668	6.518181818181806	0.	0	19.576933360423993	5.945454545454547
2.0000000000000013	65.24135802791773	6.448484848484838	0.	0	19.447574473212647	5.954545454545456
2.010000000000001	65.05641514686633	6.37878787878787	0.	0	19.31878945085298	5.963636363636365
2.020000000000001	64.86652976804332	6.3090909090909015	0.	0	19.190587694958246	5.9727272727272736
2.0300000000000007	64.67186141536726	6.239393939393933	0.	0	19.06297821920718	5.981818181818182
2.0400000000000005	64.47256797413762	6.169696969696965	0.	0	18.935969655669826	5.990909090909091
2.0500000000000003	64.2688056041358	6.099999999999998	0.	0	18.80957026121273	5.999999999999998
2.06	64.06072865828965	6.064102564102563	0.	0	18.6837879239735	5.966666666666666
2.07	63.84848960680763	6.028205128205128	0.	0	18.55863016989476	5.933333333333334
2.0799999999999996	63.6322389666795	5.992307692307692	0.	0	18.434104169308316	5.9
2.0899999999999994	63.412125236432736	5.9564102564102575	0.	0	18.31021674356043	5.866666666666668
2.099999999999999	63.188294836026905	5.920512820512823	0.	0	18.186974371669464	5.833333333333336
2.109999999999999	62.96089205176109	5.884615384615388	0.	0	18.064383197007704	5.8000000000000025
2.1199999999999988	62.73005898606508	5.848717948717953	0.	0	17.942449033999353	5.76666666666667
2.1299999999999986	62.49593551203888	5.812820512820517	0.	0	17.82117737482711	5.733333333333338
2.1399999999999983	62.25865923260198	5.776923076923082	0.	0	17.700573396139994	5.700000000000005
2.149999999999998	62.01836544410901	5.741025641025647	0.	0	17.58064196575563	5.666666666666672
2.159999999999998	61.77518710428766	5.7051282051282115	0.	0	17.46138764935026	5.63333333333334
2.1699999999999977	61.52925480434987	5.669230769230777	0.	0	17.34281471713036	5.600000000000008
2.1799999999999975	61.280696745127614	5.633333333333342	0.	0	17.224927150479747	5.566666666666674
2.1899999999999973	61.02963871708305	5.597435897435907	0.	0	17.10772864857675	5.533333333333342
2.199999999999997	60.776204084040955	5.561538461538472	0.	0	16.991222634975955	5.50000000000001
2.209999999999997	60.52051377049306	5.525641025641036	0.	0	16.875412264149574	5.4666666666666766
2.2199999999999966	60.262686252323135	5.489743589743601	0.	0	16.76030042798365	5.433333333333344
2.2299999999999964	60.00283755080222	5.4538461538461664	0.	0	16.645889762224797	5.400000000000012
2.239999999999996	59.741081229704946	5.417948717948731	0.	0	16.53218265287309	5.366666666666679
2.249999999999996	59.4775283953998	5.382051282051296	0.	0	16.41918124251732	5.333333333333346
2.259999999999996	59.21228769976658	5.346153846153861	0.	0	16.30688743660904	5.300000000000014
2.2699999999999956	58.94546534579757	5.310256410256426	0.	0	16.1953029096718	5.266666666666682
2.2799999999999954	58.677165095741046	5.274358974358991	0.	0	16.084429111442635	5.2333333333333485
2.289999999999995	58.407488281648114	5.238461538461555	0.	0	15.97426727294278	5.200000000000016
2.299999999999995	58.13653381818614	5.2025641025641205	0.	0	15.864818412474914	5.166666666666684
2.3099999999999947	57.8643982175867	5.166666666666686	0.	0	15.75608334154457	5.133333333333351
2.3199999999999945	57.591175606597126	5.13076923076925	0.	0	15.648062670703315	5.100000000000018
2.3299999999999943	57.31695774530891	5.094871794871815	0.	0	15.5407568153118	5.066666666666686
2.339999999999994	57.04183404774076	5.05897435897438	0.	0	15.434166001220719	5.033333333333353
2.349999999999994	56.76589160405483	5.023076923076945	0.	0	15.328290270368038	5.00000000000002
2.3599999999999937	56.48921520429146	4.987179487179509	0.	0	15.223129486291024	4.966666666666688
2.3699999999999934	56.211887363508865	4.9512820512820745	0.	0	15.118683339551795	4.933333333333355
2.3799999999999932	55.93398834821986	4.91538461538464	0.	0	15.014951353075153	4.900000000000023
2.389999999999993	55.65559620401959	4.879487179487205	0.	0	14.911932887397798	4.86666666666669
2.399999999999993	55.37678678430384	4.843589743589769	0.	0	14.809627145828076	4.833333333333357
2.4099999999999926	55.0976337799802	4.807692307692334	0.	0	14.708033179515487	4.800000000000025
2.4199999999999924	54.818208750078185	4.771794871794899	0.	0	14.607149892429568	4.766666666666692
2.429999999999992	54.53858115316848	4.735897435897464	0.	0	14.506976046247523	4.733333333333359
2.439999999999992	54.258818379505236	4.70000000000001	0.	0	14.407510265150465	4.7000000000000135
2.4499999999999917	53.97898578380893	4.687234042553202	0.	0	14.308751040528005	4.682978723404269
2.4599999999999915	53.69914671861043	4.674468085106394	0.	0	14.210696735591165	4.665957446808525
2.4699999999999913	53.41936256808186	4.661702127659586	0.	0	14.113345589893594	4.648936170212781
2.479999999999991	53.13969278228169	4.648936170212777	0.	0	14.016695723761293	4.6319148936170365
2.489999999999991	52.860194911746596	4.636170212765969	0.	0	13.920745142631043	4.614893617021292
2.4999999999999907	52.58092464236441	4.623404255319161	0.	0	13.825491741297846	4.597872340425548
2.5099999999999905	52.301935830467556	4.610638297872352	0.	0	13.730933308071835	4.580851063829804
2.5199999999999902	52.02328053808814	4.597872340425544	0.	0	13.637067528845026	4.563829787234059
2.52999999999999	51.745009068319426	4.585106382978736	0.	0	13.543891991068664	4.546808510638315
2.53999999999999	51.46717000073245	4.5723404255319275	0.	0	13.451404187641522	4.529787234042571
2.5499999999999896	51.189810226798116	4.55957446808512	0.	0	13.35960152071012	4.512765957446827
2.5599999999999894	50.91297498526881	4.546808510638312	0.	0	13.268481305381387	4.495744680851082
2.569999999999989	50.63670789747632	4.534042553191503	0.	0	13.17804077334869	4.478723404255337
2.579999999999989	50.36105100250539	4.521276595744695	0.	0	13.088277076432087	4.461702127659593
2.5899999999999888	50.08604479220516	4.508510638297887	0.	0	12.99918729003362	4.444680851063849
2.5999999999999885	49.81172824600257	4.495744680851079	0.	0	12.910768416508718	4.427659574468104
2.6099999999999883	49.53813886548535	4.48297872340427	0.	0	12.823017388454566	4.41063829787236
2.619999999999988	49.2653127087236	4.470212765957462	0.	0	12.735931071916585	4.393617021276616
2.629999999999988	48.993284424301585	4.457446808510654	0.	0	12.649506269513973	4.376595744680872
2.6399999999999877	48.72208728503346	4.444680851063845	0.	0	12.563739723485469	4.359574468085127
2.6499999999999875	48.451753221339295	4.431914893617037	0.	0	12.478628118656426	4.342553191489383
2.6599999999999873	48.18231285425843	4.419148936170229	0.	0	12.394168085328321	4.325531914893639
2.669999999999987	47.91379552808042	4.40638297872342	0.	0	12.310356202091853	4.308510638297895
2.679999999999987	47.64622934257502	4.393617021276612	0.	0	12.227188998564879	4.29148936170215
2.6899999999999866	47.37964118480457	4.380851063829804	0.	0	12.14466295805625	4.274468085106406
2.6999999999999864	47.1140567605033	4.368085106382996	0.	0	12.06277452015688	4.257446808510662
2.709999999999986	46.8495006250105	4.3553191489361875	0.	0	11.981520083259218	4.240425531914918
2.719999999999986	46.585996213745304	4.34255319148938	0.	0	11.900896007006295	4.223404255319173
2.7299999999999858	46.32356587221252	4.329787234042572	0.	0	11.820898614671718	4.206382978723429
2.7399999999999856	46.06223088553016	4.317021276595763	0.	0	11.741524195471708	4.189361702127684
2.7499999999999853	45.80201150747064	4.304255319148955	0.	0	11.662769006810507	4.17234042553194
2.759999999999985	45.54292698900924	4.291489361702147	0.	0	11.584629276460385	4.155319148936195
2.769999999999985	45.28499560637324	4.278723404255338	0.	0	11.507101204677532	4.138297872340451
2.7799999999999847	45.02823468858822	4.26595744680853	0.	0	11.430180966254959	4.121276595744707
2.7899999999999845	44.77266064451702	4.253191489361722	0.	0	11.353864712513827	4.104255319148963
2.7999999999999843	44.51828898938913	4.240425531914914	0.	0	11.278148573234283	4.087234042553218
2.809999999999984	44.2651343708187	4.227659574468105	0.	0	11.203028658527177	4.070212765957474
2.819999999999984	44.013210594310024	4.214893617021297	0.	0	11.128501060647759	4.05319148936173
2.8299999999999836	43.76253064825043	4.202127659574489	0.	0	11.054561855752683	4.0361702127659855
2.8399999999999834	43.5131067283914	4.18936170212768	0.	0	10.981207105601486	4.019148936170241
2.849999999999983	43.26495026181826	4.176595744680872	0.	0	10.908432859203725	4.002127659574497
2.859999999999983	43.018071930411786	4.163829787234064	0.	0	10.836235154413016	3.9851063829787523
2.869999999999983	42.772481693802426	4.1510638297872555	0.	0	10.764610019469158	3.968085106383008
2.8799999999999826	42.5281888118215	4.1382978723404475	0.	0	10.693553474489407	3.951063829787264
2.8899999999999824	42.28520186645219	4.12553191489364	0.	0	10.62306153291027	3.9340425531915195
2.899999999999982	42.043528783284344	4.112765957446831	0.	0	10.553130202880729	3.9170212765957753
2.909999999999982	41.80317685247768	4.100000000000025	0.	0	10.483755488608189	3.899999999999933
2.9199999999999817	41.56415274923763	4.085964912280727	0.	0	10.414933391658234	3.9368421052630898
2.9299999999999815	41.326462553809975	4.07192982456143	0.	0	10.34665991220925	3.973684210526247
2.9399999999999813	41.090111770998206	4.057894736842131	0.	0	10.278931050263067	4.010526315789404
2.949999999999981	40.85510534921078	4.043859649122833	0.	0	10.211742806812653	4.047368421052561
2.959999999999981	40.62144769904332	4.029824561403536	0.	0	10.14509118496792	4.084210526315719
2.9699999999999807	40.389142711402556	4.015789473684237	0.	0	10.07897219104075	4.121052631578875
2.9799999999999804	40.15819377517784	4.00175438596494	0.	0	10.013381835590145	4.1578947368420325
2.9899999999999802	39.92860379446777	3.9877192982456418	0.	0	9.948316134428651	4.19473684210519
2.99999999999998	39.70037520536763	3.9736842105263435	0.	0	9.883771109590953	4.231578947368347
3.00999999999998	39.47350999232565	3.9596491228070456	0.	0	9.819742790265648	4.2684210526315045
3.0199999999999796	39.248009704074214	3.9456140350877478	0.	0	9.7562272136912	4.305263157894661
3.0299999999999794	39.0238754691439	3.93157894736845	0.	0	9.693220426016925	4.342105263157818
3.039999999999979	38.8011080109674	3.917543859649152	0.	0	9.630718483130039	4.378947368420976
3.049999999999979	38.57970766258009	3.903508771929854	0.	0	9.568717451449624	4.415789473684132
3.0599999999999787	38.35967438092573	3.889473684210556	0.	0	9.507213408688393	4.4526315789472894
3.0699999999999785	38.14100776077371	3.875438596491258	0.	0	9.446202444583179	4.489473684210447
3.0799999999999783	37.92370704825574	3.8614035087719603	0.	0	9.385680661594964	4.526315789473604
3.089999999999978	37.70777115402948	3.8473684210526624	0.	0	9.325644175579336	4.5631578947367615
3.099999999999978	37.493198666076346	3.833333333333364	0.	0	9.26608911642813	4.599999999999918
3.1099999999999777	37.279987862141084	3.8192982456140663	0.	0	9.207011628683139	4.636842105263075
3.1199999999999775	37.06813672182068	3.8052631578947684	0.	0	9.148407872122652	4.673684210526233
3.1299999999999772	36.85764293830957	3.79122807017547	0.	0	9.09027402232159	4.710526315789389
3.139999999999977	36.648503929808925	3.7771929824561723	0.	0	9.032606271185992	4.747368421052546
3.149999999999977	36.44071685060738	3.7631578947368745	0.	0	8.975400827462657	4.784210526315704
3.1599999999999766	36.23427860183987	3.7491228070175766	0.	0	8.918653917224566	4.821052631578861
3.1699999999999764	36.02918584193248	3.7350877192982788	0.	0	8.86236178433289	4.8578947368420184
3.179999999999976	35.82543499674021	3.7210526315789805	0.	0	8.806520690876239	4.894736842105175
3.189999999999976	35.623022269384336	3.7070175438596826	0.	0	8.751126917587811	4.931578947368332
3.1999999999999758	35.42194364979691	3.692982456140385	0.	0	8.696176764241146	4.96842105263149
3.2099999999999755	35.222194923978996	3.678947368421087	0.	0	8.641666550025134	5.005263157894646
3.2199999999999753	35.02377168297965	3.664912280701789	0.	0	8.587592613898849	5.042105263157803
3.229999999999975	34.82666933160194	3.650877192982491	0.	0	8.533951314926915	5.078947368420961
3.239999999999975	34.63088309684329	3.636842105263193	0.	0	8.480739032595945	5.115789473684118
3.2499999999999747	34.436408036076095	3.622807017543895	0.	0	8.42795216711268	5.152631578947275
3.2599999999999745	34.24323904497541	3.608771929824597	0.	0	8.37558713968438	5.189473684210432
3.2699999999999743	34.051370865199885	3.594736842105299	0.	0	8.32364039278203	5.226315789473589
3.279999999999974	33.86079809183227	3.580701754386001	0.	0	8.272108390386926	5.263157894736747
3.289999999999974	33.67151518058551	3.5666666666667033	0.	0	8.220987618221175	5.299999999999903
3.2999999999999736	33.483516454780485	3.5526315789474054	0.	0	8.170274583962597	5.33684210526306
3.3099999999999734	33.29679611210156	3.538596491228107	0.	0	8.119965817444596	5.373684210526218
3.319999999999973	33.11134823113518	3.5245614035088093	0.	0	8.070057870841424	5.410526315789375
3.329999999999973	32.92716677769789	3.5105263157895115	0.	0	8.020547318839375	5.447368421052532
3.3399999999999728	32.7442456109588	3.4964912280702136	0.	0	7.971430758794361	5.484210526315689
3.3499999999999726	32.56257848936245	3.4824561403509153	0.	0	7.9227048108763345	5.521052631578846
3.3599999999999723	32.382159076357	3.4684210526316175	0.	0	7.874366118200965	5.5578947368420035
3.369999999999972	32.20298094593327	3.4543859649123196	0.	0	7.826411346949081	5.59473684210516
3.379999999999972	32.02503758797987	3.440350877193022	0.	0	7.778837186474219	5.631578947368317
3.3899999999999717	31.84832241345922	3.4263157894737235	0.	0	7.731640349398747	5.668421052631475
3.3999999999999715	31.67282875940942	3.4122807017544257	0.	0	7.684817571698908	5.705263157894632
3.4099999999999713	31.498549893777174	3.398245614035128	0.	0	7.638365612779265	5.742105263157789
3.419999999999971	31.325479020085822	3.38421052631583	0.	0	7.592281255536813	5.778947368420946
3.429999999999971	31.15360928194382	3.370175438596532	0.	0	7.546561306415208	5.815789473684103
3.4399999999999706	30.98293376739769	3.356140350877234	0.	0	7.501202595449445	5.8526315789472605
3.4499999999999704	30.813445513133978	3.342105263157936	0.	0	7.456201976301327	5.889473684210417
3.45999999999997	30.645137508534642	3.328070175438638	0.	0	7.411556326286063	5.926315789473574
3.46999999999997	30.47800269958998	3.3140350877193403	0.	0	7.367262546390355	5.963157894736732
3.47999999999997	30.312033992673115	3.299999999999911	0.	0	7.32331756128225	5.999999999999969
3.4899999999999696	30.147224258180337	3.329411764705793	0.	0	7.279718319313095	6.010294117647027
3.4999999999999694	29.983566334040905	3.3588235294116746	0.	0	7.236461792511884	6.0205882352940865
3.509999999999969	29.821053029100163	3.388235294117556	0.	0	7.193544976572311	6.030882352941145
3.519999999999969	29.659677126380053	3.4176470588234378	0.	0	7.15096489083279	6.041176470588203
3.5299999999999687	29.499431386220152	3.4470588235293196	0.	0	7.108718578249713	6.0514705882352615
3.5399999999999685	29.340308549303074	3.4764705882352014	0.	0	7.066803105364269	6.061764705882321
3.5499999999999683	29.182301339567633	3.505882352941083	0.	0	7.025215562263001	6.072058823529379
3.559999999999968	29.025402467013173	3.5352941176469646	0.	0	6.983953062532428	6.082352941176437
3.569999999999968	28.869604630398126	3.564705882352847	0.	0	6.943012743207938	6.092647058823497
3.5799999999999677	28.714900519836366	3.594117647058728	0.	0	6.902391764717188	6.102941176470555
3.5899999999999674	28.561282819294078	3.62352941176461	0.	0	6.862087310818277	6.113235294117613
3.5999999999999672	28.408744208990424	3.6529411764704918	0.	0	6.822096588532874	6.123529411764672
3.609999999999967	28.25727736770488	3.682352941176373	0.	0	6.782416828074544	6.133823529411731
3.619999999999967	28.106874974994085	3.7117647058822554	0.	0	6.743045282772473	6.144117647058789
3.6299999999999666	27.957529713321026	3.7411764705881367	0.	0	6.703979228990792	6.154411764705848
3.6399999999999664	27.809234270099303	3.7705882352940185	0.	0	6.665215966043732	6.164705882352907
3.649999999999966	27.661981339655007	3.7999999999999003	0.	0	6.6267528161067295	6.174999999999965
3.659999999999966	27.515763625108963	3.8294117647057817	0.	0	6.588587124123752	6.1852941176470235
3.6699999999999657	27.370573840181667	3.858823529411664	0.	0	6.550716257710959	6.195588235294082
3.6799999999999655	27.226404710923443	3.8882352941175453	0.	0	6.513137607056923	6.205882352941141
3.6899999999999653	27.08324897737227	3.917647058823427	0.	0	6.4758485848195155	6.216176470588199
3.699999999999965	26.94109939514124	3.947058823529309	0.	0	6.438846626019706	6.226470588235258
3.709999999999965	26.799948736938386	3.9764705882351903	0.	0	6.4021291879323545	6.236764705882317
3.7199999999999647	26.65978979402065	4.0058823529410725	0.	0	6.365693749974184	6.247058823529375
3.7299999999999645	26.520615377584257	4.035294117646954	0.	0	6.329537813589101	6.257352941176434
3.7399999999999642	26.382418320093603	4.064705882352836	0.	0	6.293658902130961	6.267647058823493
3.749999999999964	26.245191476550477	4.0941176470587175	0.	0	6.2580545607439575	6.277941176470551
3.759999999999964	26.10892772570578	4.123529411764599	0.	0	6.22272235624075	6.28823529411761
3.7699999999999636	25.973619971215438	4.152941176470481	0.	0	6.18765987697846	6.298529411764669
3.7799999999999634	25.839261142742476	4.1823529411763625	0.	0	6.152864732732666	6.308823529411727
3.789999999999963	25.705844197006815	4.211764705882244	0.	0	6.118334554569523	6.3191176470587855
3.799999999999963	25.573362118784928	4.241176470588126	0.	0	6.084066994716107	6.329411764705844
3.8099999999999627	25.441807921860452	4.270588235294007	0.	0	6.050059726429121	6.339705882352903
3.8199999999999625	25.311174649927928	4.29999999999989	0.	0	6.01631044386204	6.3499999999999615
3.8299999999999623	25.18145537745097	4.329411764705771	0.	0	5.982816861930846	6.36029411764702
3.839999999999962	25.05264321047633	4.358823529411653	0.	0	5.949576716178396	6.370588235294079
3.849999999999962	24.9247312874056	4.388235294117535	0.	0	5.916587762637588	6.380882352941137
3.8599999999999617	24.797712779725767	4.417647058823416	0.	0	5.883847777693352	6.391176470588196
3.8699999999999615	24.671580892700085	4.447058823529298	0.	0	5.8513545579436155	6.401470588235254
3.8799999999999613	24.54632886602077	4.47647058823518	0.	0	5.819105920059295	6.411764705882313
3.889999999999961	24.421949974424454	4.505882352941061	0.	0	5.787099700643423	6.422058823529372
3.899999999999961	24.29843752827225	4.535294117646943	0.	0	5.755333756089454	6.43235294117643
3.9099999999999606	24.17578487409511	4.564705882352825	0.	0	5.723805962438893	6.442647058823489
3.9199999999999604	24.05398539510598	4.594117647058707	0.	0	5.692514215238244	6.4529411764705475
3.92999999999996	23.93303251167983	4.623529411764588	0.	0	5.661456429395434	6.463235294117606
3.93999999999996	23.812919681802853	4.6529411764704705	0.	0	5.630630539035713	6.473529411764664
3.9499999999999598	23.69364040149145	4.682352941176352	0.	0	5.600034497357126	6.4838235294117235
3.9599999999999596	23.575188205182936	4.711764705882233	0.	0	5.569666276485657	6.494117647058782
3.9699999999999593	23.457556666097812	4.741176470588115	0.	0	5.539523867330029	6.50441176470584
3.979999999999959	23.340739396575827	4.770588235293997	0.	0	5.509605279436307	6.514705882352899
3.989999999999959	23.224730048385883	4.799999999999879	0.	0	5.479908540842292	6.524999999999958
3.9999999999999587	23.10952231301116	4.82941176470576	0.	0	5.45043169793182	6.535294117647016
4.009999999999959	22.995109921910228	4.8588235294116435	0.	0	5.421172815288958	6.545588235294075
4.019999999999959	22.881486646755217	4.888235294117525	0.	0	5.3921299755522245	6.555882352941134
4.0299999999999585	22.768646299647543	4.917647058823407	0.	0	5.363301279268804	6.566176470588193
4.039999999999958	22.656582733312234	4.9470588235292885	0.	0	5.3346848447488675	6.576470588235251
4.049999999999958	22.54528984127194	4.97647058823517	0.	0	5.306278807920002	6.58676470588231
4.059999999999958	22.434761558000663	5.005882352941052	0.	0	5.278081322181835	6.597058823529369
4.069999999999958	22.324991859058784	5.0352941176469335	0.	0	5.250090558260834	6.607352941176427
4.079999999999957	22.215974761209456	5.064705882352816	0.	0	5.222304704065401	6.6176470588234855
4.089999999999957	22.10770432251754	5.094117647058697	0.	0	5.194721964541227	6.627941176470544
4.099999999999957	22.000174642431425	5.123529411764579	0.	0	5.16734056152698	6.638235294117603
4.109999999999957	21.893379861848622	5.152941176470461	0.	0	5.140158733610383	6.648529411764661
4.119999999999957	21.78731416316566	5.182352941176342	0.	0	5.113174735984649	6.65882352941172
4.129999999999956	21.681971770312888	5.211764705882224	0.	0	5.086386840305379	6.669117647058779
4.139999999999956	21.577346948774895	5.241176470588106	0.	0	5.059793334547908	6.679411764705837
4.149999999999956	21.47343400559693	5.270588235293988	0.	0	5.033392522865136	6.689705882352896
4.159999999999956	21.370227289378224	5.300000000000115	0.	0	5.007182725445896	6.7000000000001565
4.1699999999999555	21.267721190252207	5.274577606592164	0.	0	4.981162278373848	6.665182617663226
4.179999999999955	21.165910139854827	5.2493275912414	0.	0	4.955329533486966	6.6306163954515736
4.189999999999955	21.06478861128087	5.224248583227837	0.	0	4.929682858237583	6.596299148889423
4.199999999999955	20.96435111902912	5.199339222100036	0.	0	4.9042206355531155	6.562228714207864
4.209999999999955	20.86459221893679	5.174598157658847	0.	0	4.878941263697362	6.528402948159258
4.2199999999999545	20.765506508103535	5.1500240499385574	0.	0	4.853843156132519	6.494819727832606
4.229999999999954	20.667088624805647	5.125615569185614	0.	0	4.828924741381836	6.46147695046977
4.239999999999954	20.569333248400834	5.101371395835009	0.	0	4.804184462893001	6.42837253328267
4.249999999999954	20.472235099223887	5.077290220484402	0.	0	4.7796207789022365	6.395504413271438
4.259999999999954	20.37578893847384	5.053370743866139	0.	0	4.7552321622991185	6.3628705470435305
4.269999999999953	20.279989568092734	5.0296116768171775	0.	0	4.731017100492166	6.330468910633879
4.279999999999953	20.18483183063663	5.0060117402471045	0.	0	4.706974095275172	6.298297499326033
4.289999999999953	20.090310609139156	4.982569665104291	0.	0	4.68310166269435	6.266354327474386
4.299999999999953	19.99642082696774	4.959284192340234	0.	0	4.6593983329162345	6.234637428327424
4.3099999999999525	19.903157447673188	4.936154072872257	0.	0	4.635862650096422	6.203144853852083
4.319999999999952	19.8105154748327	4.913178067544573	0.	0	4.612493172249104	6.171874674559176
4.329999999999952	19.71848995188676	4.890354947087828	0.	0	4.589288471117444	6.140824979329955
4.339999999999952	19.627075961970053	4.867683492077175	0.	0	4.5662471320447855	6.10999387524376
4.349999999999952	19.536268627736973	4.845162492888994	0.	0	4.543367753846709	6.079379487406842
4.3599999999999515	19.446063111181733	4.822790749656276	0.	0	4.520648948683963	6.04897995878232
4.369999999999951	19.356454613453472	4.800567072222773	0.	0	4.4980893419362245	6.0187934500212705
4.379999999999951	19.267438374666675	4.7784902800959745	0.	0	4.475687572076768	5.988818139295018
4.389999999999951	19.179009673707007	4.756559202398959	0.	0	4.453442290547994	5.95905222212859
4.399999999999951	19.091163828033018	4.734772677821208	0.	0	4.43135216163785	5.9294939112353555
4.40999999999995	19.00389619347374	4.713129554568416	0.	0	4.409415862357142	5.900141436352854
4.41999999999995	18.917202164022537	4.691628690311359	0.	0	4.387632082317745	5.870993044079838
4.42999999999995	18.8310771716275	4.670268952133909	0.	0	4.36599952361171	5.842046997714508
4.43999999999995	18.745516685978316	4.649049216480182	0.	0	4.344516900691286	5.813301577093967
4.4499999999999496	18.660516214290148	4.62796836910093	0.	0	4.323182940249835	5.784755078434886
4.459999999999949	18.576071301084536	4.607025304999211	0.	0	4.301996381103685	5.756405814175397
4.469999999999949	18.492177527967566	4.586218928375367	0.	0	4.2809559740748675	5.728252112818208
4.479999999999949	18.408830513405466	4.565548152571373	0.	0	4.260060481874805	5.700292318774951
4.489999999999949	18.32602591249777	4.545011900014577	0.	0	4.239308678988888	5.672524792211743
4.4999999999999485	18.243759416748432	4.524609102160938	0.	0	4.218699351561997	5.644947908896012
4.509999999999948	18.162026753834706	4.504338699437704	0.	0	4.19823129728494	5.617560060044525
4.519999999999948	18.080823687374295	4.48419964118566	0.	0	4.177903325281794	5.590359652172662
4.529999999999948	18.00014601669064	4.464190885600926	0.	0	4.157714255998206	5.563345106944936
4.539999999999948	17.91998957657676	4.444311399676379	0.	0	4.137662921090588	5.536514861026744
4.549999999999947	17.840350237057553	4.424560159142705	0.	0	4.117748163316245	5.509867365937332
4.559999999999947	17.76122390315082	4.40493614840913	0.	0	4.097968836424432	5.483401087904039
4.569999999999947	17.682606514627125	4.385438360503865	0.	0	4.07832380504832	5.457114507717726
4.579999999999947	17.604494045768625	4.366065797014293	0.	0	4.058811944597897	5.431006120589475
4.589999999999947	17.526882505126945	4.346817468026919	0.	0	4.039432141153779	5.405074436008495
4.599999999999946	17.44976793528026	4.327692392067124	0.	0	4.0201832913619375	5.379317977601266
4.609999999999946	17.373146412589684	4.308689596038749	0.	0	4.001064302329349	5.353735282991906
4.619999999999946	17.2970140469551	4.289808115163538	0.	0	3.9820740915205564	5.328324903663762
4.629999999999946	17.221366981570423	4.271046992920441	0.	0	3.963211586655136	5.303085404822212
4.6399999999999455	17.146201392678616	4.252405280984855	0.	0	3.944475725606083	5.2780153652587005
4.649999999999945	17.071513489326296	4.233882039167767	0.	0	3.9258654562990936	5.253113377215968
4.659999999999945	16.997299513118236	4.215476335354863	0.	0	3.9073797366127487	5.228378046254487
4.669999999999945	16.923555737971657	4.197187245445598	0.	0	3.8890175342796063	5.20380799112012
4.679999999999945	16.850278469870656	4.179013853292284	0.	0	3.8707778267881876	5.179401843612965
4.689999999999944	16.777464046620523	4.160955250639165	0.	0	3.852659601285841	5.1551582484573855
4.699999999999944	16.70510883760233	4.14301053706155	0.	0	3.834661854482517	5.131075863173246
4.709999999999944	16.633209243527645	4.125178819904979	0.	0	3.8167835925554066	5.107153357948319
4.719999999999944	16.561761696193628	4.107459214224485	0.	0	3.799023831054483	5.0833894155118875
4.729999999999944	16.490762658238342	4.089850842723914	0.	0	3.7813815948088916	5.059782731009488
4.739999999999943	16.420208622896627	4.072352835695371	0.	0	3.763855917834236	5.036332011878855
4.749999999999943	16.350096113756354	4.054964330958776	0.	0	3.7464458432407257	5.013035977727008
4.759999999999943	16.280421684515268	4.037684473801558	0.	0	3.7291504231421735	4.9898933602084945
4.769999999999943	16.211181918738426	4.02051241691849	0.	0	3.7119687185658647	4.966902902904778
4.7799999999999425	16.142373429616278	4.003447320351705	0.	0	3.694899799363283	4.944063361204786
4.789999999999942	16.073992859723457	3.9864883514308596	0.	0	3.6779427441216717	4.921373502186573
4.799999999999942	16.00603688077832	3.9696346847135087	0.	0	3.6610966400764418	4.898832104500115
4.809999999999942	15.93850219340333	3.9528855019256697	0.	0	3.6443605830244272	4.876437958251234
4.819999999999942	15.871385526886218	3.9362399919025965	0.	0	3.6277336772379645	4.85418986488664
4.8299999999999415	15.80468363894209	3.9196973505297734	0.	0	3.611215035379801	4.832086637080061
4.839999999999941	15.73839331547647	3.903256780684154	0.	0	3.594803778418834	4.810127098619501
4.849999999999941	15.672511370349296	3.886917492175623	0.	0	3.5784990355466544	4.788310084295568
4.859999999999941	15.607034645139887	3.8706787016887123	0.	0	3.5622999440949097	4.766634439790897
4.869999999999941	15.541960008913053	3.8545396327245904	0.	0	3.5462056494534755	4.745099021570662
4.87999999999994	15.4772843579862	3.8384995155433055	0.	0	3.5302153049894125	4.72370269677413
4.88999999999994	15.413004615697579	3.8225575871063056	0.	0	3.5143280719667476	4.702444343107324
4.89999999999994	15.349117732175666	3.8067130910192444	0.	0	3.4985431194670134	4.681322848736693
4.90999999999994	15.285620684109704	3.790965277475077	0.	0	3.482859624310587	4.6603371121838695
4.9199999999999395	15.222510474521474	3.775313403197452	0.	0	3.4672767709788013	4.639486042221434
4.929999999999939	15.159784132538258	3.7597567313844062	0.	0	3.4517937515368384	4.618768557769752
4.939999999999939	15.097438713167035	3.744294531652365	0.	0	3.4364097655573755	4.5981835877948
4.949999999999939	15.035471297069975	3.7289260799804604	0.	0	3.4211240200449935	4.577730071207019
4.959999999999939	14.973878990341216	3.7136506586551716	0.	0	3.4059357293613535	4.557406956761195
4.9699999999999385	14.912658924284932	3.6984675562152836	0.	0	3.3908441151511015	4.537213202957315
4.979999999999938	14.851808255194742	3.6833760673971785	0.	0	3.375848406268535	4.517147777942443
4.989999999999938	14.791324164134464	3.6683754930804606	0.	0	3.360947838704985	4.497209659413546
4.999999999999938	14.73120385672022	3.6534651402339153	0.	0	3.346141655516954	4.47739783452134
5.009999999999938	14.671444562903927	3.6386443218618156	0.	0	3.331429106754956	4.457711299775076
5.019999999999937	14.612043536758186	3.6239123569505716	0.	0	3.31680944939309	4.4381490609482945
5.029999999999937	14.55299805626254	3.6092685704157197	0.	0	3.302281947259318	4.418710132985543
5.039999999999937	14.494305423091163	3.594712293049268	0.	0	3.2878458709664518	4.399393539910025
5.049999999999937	14.435962962402021	3.5802428614674078	0.	0	3.273500497843842	4.380198314732192
5.0599999999999365	14.37796802262738	3.565859618058556	0.	0	3.2592451118697614	4.361123499359274
5.069999999999936	14.320317975265853	3.5515619109317833	0.	0	3.245079003604481	4.3421681445057265
5.079999999999936	14.263010214675802	3.5373490938655725	0.	0	3.231001470124019	4.32333130960458
5.089999999999936	14.206042157870295	3.523220526256969	0.	0	3.2170118149545694	4.304612062719703
5.099999999999936	14.149411244313471	3.509175573071078	0.	0	3.203109348007617	4.286009480458979
5.1099999999999355	14.093114935718392	3.4952136047909264	0.	0	3.1892933855156937	4.267522647888345
5.119999999999935	14.037150715846382	3.4813339973677015	0.	0	3.1755632499688105	4.249150658446732
5.129999999999935	13.981516090307844	3.467536132171349	0.	0	3.1619182700515327	4.230892613861865
5.139999999999935	13.926208586364535	3.453819395941536	0.	0	3.1483577805807146	4.212747624066952
5.149999999999935	13.871225752733409	3.440183180739005	0.	0	3.13488112244386	4.194714807118198
5.159999999999934	13.816565159391853	3.4266268838972658	0.	0	3.1214876425381313	4.176793289113202
5.169999999999934	13.762224397384493	3.413149907974685	0.	0	3.108176693709982	4.158982204110176
5.179999999999934	13.708201078631458	3.399751660706936	0.	0	3.0949476346954117	4.141280694048002
5.189999999999934	13.654492835738123	3.386431554959808	0.	0	3.0817998300608416	4.123687908667121
5.199999999999934	13.601097321806412	3.3731890086824117	0.	0	3.068732650144611	4.10620300543125
5.209999999999933	13.548012210247538	3.360023444860735	0.	0	3.055745470999059	4.08882514944988
5.219999999999933	13.495235194596267	3.346934291471582	0.	0	3.042837674333227	4.0715535134016125
5.229999999999933	13.44276398832663	3.333920981436863	0.	0	3.0300086474561434	4.054387277458264
5.239999999999933	13.390596324669225	3.3209829525782895	0.	0	3.017257783220717	4.037325629209797
5.2499999999999325	13.338729956429889	3.3081196475723984	0.	0	3.00458447996818	4.020367763589976
5.259999999999932	13.287162655809945	3.295330513905975	0.	0	2.9919881414731475	4.003512882802856
5.269999999999932	13.235892214227881	3.2826150038318263	0.	0	2.979468176889219	3.986760196249989
5.279999999999932	13.18491644214256	3.269972574324935	0.	0	2.9670240006951674	3.970108920458427
5.289999999999932	13.134233168877838	3.257402687038965	0.	0	2.954655032641682	3.9535582790094526
5.299999999999931	13.083840242448742	3.244904808263153	0.	0	2.942360697698661	3.937107502468057
5.309999999999931	13.033735529389018	3.232478408879533	0.	0	2.9301404260030677	3.920755828313169
5.319999999999931	12.983916914580227	3.220122964320558	0.	0	2.9179936528073176	3.9045025008685865
5.329999999999931	12.934382301082264	3.207837954527064	0.	0	2.9059198184282264	3.888346771234672
5.339999999999931	12.885129609965333	3.1956228639065967	0.	0	2.8939183681964624	3.87228789722071
5.34999999999993	12.836156780143332	3.183477181292092	0.	0	2.8819887524065555	3.8563251432780206
5.35999999999993	12.787461768208779	3.171400399900936	0.	0	2.8701304262674143	3.840457780433743
5.36999999999993	12.739042548269076	3.159392017294356	0.	0	2.8583428498533716	3.824685086225334
5.37999999999993	12.690897111784226	3.1474515353371735	0.	0	2.8466254880557322	3.8090063446357316
5.3899999999999295	12.643023467406032	3.1355784601579244	0.	0	2.8349778105348387	3.7934208460292194
5.399999999999929	12.595419640818637	3.1237723021093102	0.	0	2.823399291672638	3.7779278870879542
5.409999999999929	12.548083674580502	3.1120325757290104	0.	0	2.8118894105257413	3.7625267707491568
5.419999999999929	12.5010136279678	3.100358799700839	0.	0	2.8004476507789824	3.7472168061429705
5.429999999999929	12.454207576819176	3.0887504968162447	0.	0	2.7890735006994607	3.731997308530965
5.4399999999999284	12.407663613381947	3.0772071939361707	0.	0	2.777766453091073	3.7168675992452997
5.449999999999928	12.361379846159602	3.065728421953228	0.	0	2.766526005249509	3.7018270056285028
5.459999999999928	12.315354399760759	3.0543137157542386	0.	0	2.755351658917745	3.686874860973915
5.469999999999928	12.269585414749415	3.0429626141830965	0.	0	2.7442429202419705	3.672010504466721
5.479999999999928	12.224071047496613	3.0316746600039775	0.	0	2.73319929972802	3.657233281125649
5.489999999999927	12.178809470033409	3.020449399864877	0.	0	2.7222203121982242	3.642542541745236
5.499999999999927	12.133798869905199	3.009286384261477	0.	0	2.7113054767487426	3.6279376428387318
5.509999999999927	12.08903745002739	2.998185167501359	0.	0	2.7004543167073347	3.6134179465816
5.519999999999927	12.044523428542368	2.987145307668521	0.	0	2.6896663595915684	3.598982820755589
5.5299999999999265	12.000255038677796	2.9761663665882425	0.	0	2.6789411370674903	3.58463163869344
5.539999999999926	11.956230528606214	2.965247909792261	0.	0	2.668278184908701	3.570363779224116
5.549999999999926	11.912448161305944	2.9543895064842727	0.	0	2.657677042955893	3.5561786266186677
5.559999999999926	11.868906214423273	2.943590729505758	0.	0	2.647137255076791	3.5420755705366274
5.569999999999926	11.82560298013591	2.9328511553021137	0.	0	2.6366583691265206	3.5280540059729812
5.5799999999999255	11.782536765017735	2.92217036388911	0.	0	2.626239936908403	3.514113333205706
5.589999999999925	11.739705889904785	2.9115479388196546	0.	0	2.615881514135153	3.5002529577438555
5.599999999999925	11.69710868976252	2.9009834671508754	0.	0	2.605582660390484	3.4864722902761756
5.609999999999925	11.654743513554282	2.8904765394114933	0.	0	2.5953429390911302	3.4727707466202933
5.619999999999925	11.612608724111064	2.8800267495695273	0.	0	2.5851619174492537	3.459147747672417
5.629999999999924	11.570702698002435	2.869633695000279	0.	0	2.5750391664352557	3.4456027193575682
5.639999999999924	11.5290238254087	2.8592969764546328	0.	0	2.5649742607409824	3.432135092580351
5.649999999999924	11.487570509994308	2.849016198027653	0.	0	2.5549667787433044	3.4187443031762212
5.659999999999924	11.446341168782375	2.838790967127472	0.	0	2.5450163024680976	3.405429791863285
5.6699999999999235	11.405334232030487	2.828620894444481	0.	0	2.535122417554589	3.3921910041945957
5.679999999999923	11.364548143107617	2.8185055939208103	0.	0	2.525284713220088	3.3790273905109567
5.689999999999923	11.323981358372208	2.8084446827200886	0.	0	2.5155027822250773	3.3659384058942154
5.699999999999923	11.283632347051487	2.7984377811975145	0.	0	2.5057762208386842	3.352923510121058
5.709999999999923	11.243499591121848	2.7884845128701903	0.	0	2.496104628804505	3.3399821676172783
5.7199999999999225	11.203581585190419	2.778584504387747	0.	0	2.486487609306792	3.327113847412539
5.729999999999922	11.163876836377733	2.7687373855032504	0.	0	2.4769247689370038	3.314318023095607
5.739999999999922	11.124383864201585	2.758942789044389	0.	0	2.4674157176606872	3.3015941727700433
5.749999999999922	11.08510120046191	2.7492003508849336	0.	0	2.457960068784734	3.288941779010387
5.759999999999922	11.046027389126847	2.739509709916469	0.	0	2.4485574389249596	3.2763603288187766
5.769999999999921	11.007160986219823	2.729870508020399	0.	0	2.439207447974031	3.263849313582031
5.779999999999921	10.968500559707815	2.7202823900402273	0.	0	2.4299097190697343	3.2514082290291917
5.789999999999921	10.930044689390602	2.7107450037540954	0.	0	2.4206638785635737	3.2390365751895045
5.799999999999921	10.891791966791113	2.7012579998475874	0.	0	2.411469555989691	3.2267338563508328
5.809999999999921	10.853740995046865	2.691821031886804	0.	0	2.4023263840341293	3.2144995810185284
5.81999999999992	10.815890388802393	2.682433756291686	0.	0	2.3932339985044027	3.202333261874714
5.82999999999992	10.778238774102787	2.6730958323096092	0.	0	2.3841920382993904	3.1902344157379994
5.83999999999992	10.74078478828817	2.663806921989215	0.	0	2.375200145379553	3.178202563523629
5.84999999999992	10.703527079889293	2.6545666901545166	0.	0	2.366257964737449	3.1662372302040307
5.8599999999999195	10.666464308524084	2.6453748043792427	0.	0	2.3573651443685715	3.1543379447697895
5.869999999999919	10.62959514479521	2.636230934961431	0.	0	2.3485213352424825	3.142504240191029
5.879999999999919	10.59291827018865	2.6271347548982735	0.	0	2.3397261912742544	3.1307356533791943
5.889999999999919	10.55643237697321	2.618085939861199	0.	0	2.330979369296204	3.119031725149229
5.899999999999919	10.520136168101093	2.6090841681712065	0.	0	2.322280529029932	3.1073920001821653
5.909999999999918	10.484028357109365	2.600129120774435	0.	0	2.313629333058646	3.0958160269880866
5.919999999999918	10.448107668022388	2.5912204812179613	0.	0	2.305025446799774	3.0843033578694836
5.929999999999918	10.41237283525526	2.5823579356258555	0.	0	2.296468538477871	3.072853548885002
5.939999999999918	10.376822603518116	2.573541172675444	0.	0	2.2879582790977984	3.0614661598135537
5.949999999999918	10.341455727721433	2.5647698835738257	0.	0	2.2794943424181944	3.0501407541188175
5.959999999999917	10.306270972882215	2.5560437620346064	0.	0	2.2710764049252075	3.0388768989140944
5.969999999999917	10.271267114031104	2.5473625042548584	0.	0	2.2627041458065174	3.0276741649275434
5.979999999999917	10.236442936120406	2.538725808892314	0.	0	2.2543772469256216	3.016532126467775
5.989999999999917	10.201797233933021	2.5301333770427745	0.	0	2.2460953927963865	3.0054503613898023
5.9999999999999165	10.167328811992231	2.5215849122177425	0.	0	2.2378582705578633	2.994428451061337
6.009999999999916	10.133036484472402	2.513080120322271	0.	0	2.2296655699493786	2.9834659803294623
6.019999999999916	10.098919075110564	2.5046187096330343	0.	0	2.2215169832858637	2.9725625374876214
6.029999999999916	10.064975417118825	2.4962003907766115	0.	0	2.2134122054334586	2.9617177142429734
6.039999999999916	10.031204353097657	2.4878248767079727	0.	0	2.2053509337853594	2.9509311056840746
6.0499999999999154	9.99760473495004	2.479491882689192	0.	0	2.1973328682379196	2.9402023102489
6.059999999999915	9.964175423796448	2.4712011262683604	0.	0	2.1893577111670006	2.9295309296932004
6.069999999999915	9.930915289890642	2.4629523272587033	0.	0	2.181425167404562	2.9189165690591765
6.079999999999915	9.897823212536322	2.4547452077179073	0.	0	2.173534944215507	2.9083588366444957
6.089999999999915	9.86489808000456	2.4465794919276465	0.	0	2.165686751274751	2.89785734397161
6.099999999999914	9.832138789452086	2.4384549063733125	0.	0	2.1578803006445395	2.8874117057574065
6.109999999999914	9.799544246840332	2.43037117972394	0.	0	2.1501153067520007	2.8770215398831667
6.119999999999914	9.767113366855295	2.422328042812329	0.	0	2.142391486366924	2.8666864673648362
6.129999999999914	9.734845072828175	2.4143252286153674	0.	0	2.1347085585797716	2.8564061123236013
6.1399999999999135	9.702738296656806	2.4063624722345387	0.	0	2.127066244779922	2.8461801019567767
6.149999999999913	9.67079197872783	2.398439510876625	0.	0	2.119464268634122	2.836008066508974
6.159999999999913	9.63900506783968	2.3905560838346047	0.	0	2.1119023560651904	2.825889639243604
6.169999999999913	9.607376521126241	2.3827119324687205	0.	0	2.1043802352309053	2.815824456414626
6.179999999999913	9.575905303981365	2.3749068001877576	0.	0	2.096897636503141	2.8058121572386345
6.1899999999999125	9.544590389984023	2.3671404324304803	0.	0	2.0894542924471997	2.795852383867199
6.199999999999912	9.513430760824269	2.3594125766472716	0.	0	2.082049937801362	2.785944781359504
6.209999999999912	9.482425406229877	2.351722982281939	0.	0	2.074684309456653	2.7760889976552745
6.219999999999912	9.45157332389374	2.3440714007537067	0.	0	2.0673571464368075	2.7662846835479646
6.229999999999912	9.420873519401924	2.3364575854393745	0.	0	2.0600681898784448	2.756531492658235
6.239999999999911	9.390325006162515	2.32888129165567	0.	0	2.052817183011453	2.746829081407701
6.249999999999911	9.359926805335073	2.321342276641753	0.	0	2.0456038711395643	2.737177108992943
6.259999999999911	9.329677945760826	2.3138402995419023	0.	0	2.038428001621134	2.7275752373597877
6.269999999999911	9.299577463893547	2.306375121388375	0.	0	2.0312893238501233	2.7180231311778598
6.2799999999999105	9.269624403731084	2.298946505084422	0.	0	2.024187589237261	2.7085204578153776
6.28999999999991	9.239817816747593	2.291554215387483	0.	0	2.017122551191416	2.6990668873142236
6.29999999999991	9.210156761826413	2.2841980188925404	0.	0	2.010093965101146	2.68966209236526
6.30999999999991	9.18064030519361	2.2768776840156337	0.	0	2.0031015883164467	2.6803057482839057
6.31999999999991	9.151267520352144	2.2695929809775364	0.	0	1.9961451801306715	2.6709975329859423
6.3299999999999095	9.12203748801674	2.2623436817876	0.	0	1.9892245017626564	2.661737126963597
6.339999999999909	9.09294929604932	2.2551295602277435	0.	0	1.982339316339009	2.6525242132618443
6.349999999999909	9.064002039395131	2.247950391836612	0.	0	1.975489388876589	2.643358477454963
6.359999999999909	9.035194820019475	2.2408059538938825	0.	0	1.9686744862651615	2.634239607623326
6.369999999999909	9.006526746845024	2.233696025404722	0.	0	1.9618943772502295	2.625167294330425
6.379999999999908	8.977996935689832	2.226620387084409	0.	0	1.9551488324160395	2.6161412306001366
6.389999999999908	8.949604509205844	2.2195788213430876	0.	0	1.9484376241687613	2.607161111894211
6.399999999999908	8.921348596818103	2.212571112270687	0.	0	1.9417605267198392	2.598226636089996
6.409999999999908	8.893228334664494	2.205597045621981	0.	0	1.9351173160695083	2.5893375034583817
6.419999999999908	8.865242865536095	2.198656408801789	0.	0	1.9285077699904793	2.580493416641967
6.429999999999907	8.837391338818103	2.1917489908503325	0.	0	1.9219316680117957	2.5716940806334616
6.439999999999907	8.809672910431347	2.1848745824287232	0.	0	1.9153887914028425	2.5629392027542877
6.449999999999907	8.782086742774368	2.1780329758046015	0.	0	1.908878923157523	2.5542284926334067
6.459999999999907	8.754632004666062	2.171223964837912	0.	0	1.9024018479786005	2.5455616621863677
6.4699999999999065	8.727307871288863	2.1644473449668102	0.	0	1.8959573522621862	2.5369384255945513
6.479999999999906	8.700113524132528	2.1577029131937233	0.	0	1.889545224082395	2.5283584992846366
6.489999999999906	8.673048150938415	2.1509904680715275	0.	0	1.8831652531761476	2.519821601908268
6.499999999999906	8.646110945644345	2.1443098096898763	0.	0	1.8768172309281337	2.5113274543219313
6.509999999999906	8.619301108329967	2.137660739661649	0.	0	1.8705009503559182	2.5028757795670264
6.519999999999905	8.592617845162685	2.131043061109541	0.	0	1.864216206095205	2.494466302850151
6.529999999999905	8.5660603683441	2.124456578652779	0.	0	1.8579627943852424	2.4860987515235675
6.539999999999905	8.53962789605694	2.117901098393962	0.	0	1.8517405130543811	2.4777728550658824
6.549999999999905	8.513319652412576	2.111376427906043	0.	0	1.8455491615057706	2.4694883450629055
6.559999999999905	8.487134867398977	2.104882376219421	0.	0	1.8393885407032065	2.4612449551887114
6.569999999999904	8.4610727768292	2.098418753809168	0.	0	1.8332584531571139	2.453042421186886
6.579999999999904	8.435132622290404	2.091985372582383	0.	0	1.8271587029106713	2.444880480851959
6.589999999999904	8.4093136510933	2.085582045865653	0.	0	1.8210890955260786	2.436758874011028
6.599999999999904	8.38361511622215	2.079208588392658	0.	0	1.8150494380709563	2.4286773425055617
6.6099999999999035	8.358036276285201	2.0728648162918715	0.	0	1.8090395391048852	2.420635630173386
6.619999999999903	8.33257639546564	2.0665505470744003	0.	0	1.8030592086660742	2.4126334828308464
6.629999999999903	8.307234743472996	2.0602655996219332	0.	0	1.79710825825817	2.4046706482551605
6.639999999999903	8.282010595495029	2.054009794174807	0.	0	1.791186500837193	2.3967468761669317
6.649999999999903	8.256903232150057	2.047782952320181	0.	0	1.785293750798598	2.3888619182128417
6.659999999999902	8.231911939439785	2.0415848969803454	0.	0	1.7794298239644777	2.3810155279485223
6.669999999999902	8.207036008702554	2.0354154524011174	0.	0	1.7735945375708781	2.373207460821586
6.679999999999902	8.18227473656705	2.029274444140367	0.	0	1.7677877102552504	2.3654374741548336
6.689999999999902	8.157627424906481	2.0231616990566526	0.	0	1.7620091620440221	2.3577053271296253
6.699999999999902	8.133093380793142	2.017077045297947	0.	0	1.756258714340296	2.3500107807694195
6.709999999999901	8.108671916453485	2.0110203122905017	0.	0	1.7505361899116632	2.3423535979234655
6.719999999999901	8.084362349223582	2.0049913307277962	0.	0	1.7448414128781446	2.3347335432506697
6.729999999999901	8.060164001505017	1.9989899325596006	0.	0	1.7391742087002506	2.327150383203618
6.739999999999901	8.036076200721201	1.9930159509811418	0.	0	1.7335344041671514	2.319603886012745
6.7499999999999005	8.012098279274129	1.9870692204223774	0.	0	1.727921827384974	2.312093821670677
6.7599999999999	7.988229574501527	1.9811495765373697	0.	0	1.722336307765208	2.304619961916717
6.7699999999999	7.964469428634427	1.9752568561937622	0.	0	1.716777676013231	2.297182080221491
6.7799999999999	7.940817188755126	1.9693908974623546	0.	0	1.7112457641169359	2.289779951771729
6.7899999999999	7.917272206755591	1.9635515396067849	0.	0	1.7057404053354894	2.2824133534552264
6.7999999999998995	7.8938338392961995	1.957738623073299	0.	0	1.7002614341881792	2.275082063845916
6.809999999999899	7.8705014477649335	1.951951989480629	0.	0	1.6948086864433856	2.2677858631891157
6.819999999999899	7.847274398236943	1.9461914816099644	0.	0	1.6893819991076602	2.2605245333869117
6.829999999999899	7.824152061434462	1.9404569433950123	0.	0	1.683981210414899	2.253297857983673
6.839999999999899	7.801133812687175	1.9347482199121666	0.	0	1.6786061598156405	2.2461056221517315
6.849999999999898	7.778219031892906	1.9290651573707591	0.	0	1.673256687966453	2.238947612677179
6.859999999999898	7.755407103478697	1.9234076031034066	0.	0	1.6679326367194338	2.2318236179458193
6.869999999999898	7.732697416362271	1.917775405556454	0.	0	1.6626338491118078	2.22473342792925
6.879999999999898	7.710089363913846	1.912168414280502	0.	0	1.6573601693556288	2.2176768341710797
6.8899999999998975	7.687582343918317	1.90658647992103	0.	0	1.6521114428275818	2.210653629773285
6.899999999999897	7.665175758537804	1.9010294542091066	0.	0	1.6468875160588818	2.203663609382692
6.909999999999897	7.642869014274549	1.8954971899521877	0.	0	1.6416882367252743	2.1967065691775995
6.919999999999897	7.620661521934172	1.889989541025005	0.	0	1.6365134536371329	2.189782306854526
6.929999999999897	7.598552696589248	1.88450636236053	0.	0	1.6313630167296487	2.1828906216150843
6.9399999999998965	7.576541957543289	1.8790475099410442	0.	0	1.6262367770531199	2.176031314152985
6.949999999999896	7.554628728294989	1.8736128407892698	0.	0	1.6211345867633353	2.169204186641174
6.959999999999896	7.532812436502886	1.8682022129596059	0.	0	1.6160562991120486	2.1624090427190814
6.969999999999896	7.511092513950291	1.8628154855294314	0.	0	1.6110017684375415	2.1556456874799967
6.979999999999896	7.489468396510594	1.8574525185904995	0.	0	1.6059708501552907	2.148913927458581
6.989999999999895	7.467939524112877	1.85211317324041	0.	0	1.6009634007487106	2.1422135706184773
6.999999999999895	7.446505340707869	1.8467973115741652	0.	0	1.5959792777599926	2.135544426340058
7.009999999999895	7.425165294234176	1.8415047966757956	0.	0	1.5910183397810327	2.1289063054082766
7.019999999999895	7.403918836584904	1.836235492610082	0.	0	1.5860804464444471	2.122299020000657
7.0299999999998946	7.3827654235745195	1.830989264414336	0.	0	1.5811654584146682	2.1157223836753696
7.039999999999894	7.3617045149060845	1.8257659780902737	0.	0	1.576273237379137	2.109176211359451
7.049999999999894	7.340735574138752	1.820565500595956	0.	0	1.5714036460395688	2.102660319337116
7.059999999999894	7.319858068655599	1.8153876998378093	0.	0	1.5665565481033108	2.0961745252381925
7.069999999999894	7.299071469631743	1.810232444662718	0.	0	1.5617318082747778	2.0897186480266625
7.0799999999998935	7.278375252002762	1.8050996048501944	0.	0	1.5569292922469748	2.0832925079893196
7.089999999999893	7.257768894433431	1.7999890511046224	0.	0	1.552148866693097	2.0768959267245264
7.099999999999893	7.237251879286692	1.794900655047564	0.	0	1.5473903992582076	2.0705287271310824
7.109999999999893	7.216823692593005	1.7898342892101562	0.	0	1.5426537585510034	2.0641907333972025
7.119999999999893	7.196483824019896	1.7847898270255604	0.	0	1.5379388141356525	2.0578817709895962
7.129999999999892	7.176231766841844	1.7797671428214936	0.	0	1.5332454365237118	2.0516016666426546
7.139999999999892	7.156067017910437	1.774766111812826	0.	0	1.52857349716612	2.0453502483477335
7.149999999999892	7.1359890776248	1.7697866100942472	0.	0	1.5239228684452715	2.039127345342549
7.159999999999892	7.115997449902292	1.7648285146329996	0.	0	1.5192934236671582	2.0329327881006622
7.169999999999892	7.096091642149501	1.7598917032616843	0.	0	1.5146850370535943	2.0267664083210772
7.179999999999891	7.0762711652334795	1.7549760546711273	0.	0	1.5100975837345079	2.0206280389179225
7.189999999999891	7.056535533453273	1.750081448403318	0.	0	1.5055309397403103	2.014517514010246
7.199999999999891	7.036884264511693	1.74520776484441	0.	0	1.5009849819943357	2.0084346689118946
7.209999999999891	7.0173168794873515	1.7403548852177826	0.	0	1.496459588305353	2.002379340121495
7.2199999999998905	6.997832902806994	1.7355226915771835	0.	0	1.4919546373601473	1.9963513653125284
7.22999999999989	6.978431862218017	1.730711066799908	0.	0	1.4874700087161734	1.9903505833235007
7.23999999999989	6.9591132887613085	1.7259198945800671	0.	0	1.4830055827942767	1.984376834148201
7.24999999999989	6.9398767167443065	1.7211490594219034	0.	0	1.4785612408714872	1.978429958926059
7.25999999999989	6.920721683714305	1.7163984466331723	0.	0	1.4741368650738713	1.972509799932583
7.269999999999889	6.90164773043202	1.7116679423185852	0.	0	1.4697323383694652	1.9666162005699006
7.279999999999889	6.882654400845386	1.7069574333733106	0.	0	1.4653475445612618	1.9607490053573777
7.289999999999889	6.863741242063601	1.7022668074765386	0.	0	1.460982368280271	1.9549080599223307
7.299999999999889	6.844907804331424	1.6975959530851044	0.	0	1.4566366949786433	1.9490932109908263
7.309999999999889	6.826153641003679	1.6929447594271665	0.	0	1.4523104109228564	1.9433043063785647
7.319999999999888	6.807478308520005	1.6883131164959435	0.	0	1.4480034031869686	1.9375411949818497
7.329999999999888	6.788881366379861	1.6837009150435165	0.	0	1.4437155596459301	1.9318037267686443
7.339999999999888	6.77036237711773	1.6791080465746782	0.	0	1.4394467689689672	1.9260917527697115
7.349999999999888	6.75192090627856	1.674534403340842	0.	0	1.4351969206130135	1.9204051250698295
7.3599999999998875	6.7335565223934335	1.6699798783340092	0.	0	1.4309659048162147	1.9147436967990992
7.369999999999887	6.715268796955465	1.6654443652807902	0.	0	1.4267536125914908	1.9091073221243287
7.379999999999887	6.6970573043959	1.6609277586364766	0.	0	1.4225599357201548	1.9034958562404969
7.389999999999887	6.678921622060452	1.6564299535791738	0.	0	1.418384766745593	1.8979091553622953
7.399999999999887	6.660861330185844	1.6519508460039818	0.	0	1.4142279989670064	1.8923470767157542
7.4099999999998865	6.642876011876565	1.6474903325172319	0.	0	1.4100895264332063	1.8868094785299419
7.419999999999886	6.624965253081851	1.643048310430777	0.	0	1.4059692439364702	1.8812962200287406
7.429999999999886	6.607128642572858	1.6386246777563291	0.	0	1.4018670470064525	1.8758071614227014
7.439999999999886	6.589365771920038	1.6342193331998518	0.	0	1.3977828319041548	1.8703421639009745
7.449999999999886	6.5716762354707585	1.6298321761560057	0.	0	1.3937164956159491	1.8649010896233125
7.459999999999885	6.554059630327076	1.6254631067026395	0.	0	1.3896679358476556	1.8594838017121444
7.469999999999885	6.536515556323743	1.6211120255953329	0.	0	1.3856370510186808	1.8540901642447347
7.479999999999885	6.519043616006411	1.6167788342619918	0.	0	1.3816237402562004	1.8487200422453973
7.489999999999885	6.501643414610008	1.6124634347974864	0.	0	1.3776279033894065	1.843373301677799
7.4999999999998845	6.484314560037353	1.608165729958347	0.	0	1.3736494409437983	1.838049809437319
