0	116.24466916152276	3.3	87.81168494686631	3.5	24.38433494352504	2.2543812581611347
0.01	115.75710195888848	3.3163636363636364	85.53563455900346	3.461818181818182	24.366655163255388	2.252746726590738
0.02	115.21192054019528	3.3327272727272725	83.18929858754757	3.423636363636364	24.34817977600212	2.2510386395398716
0.03	114.60880223024596	3.349090909090909	80.79527562731866	3.3854545454545457	24.32894742850847	2.2492605699783867
0.04	113.94774172329868	3.3654545454545453	78.37405601735524	3.3472727272727276	24.308992564651422	2.2474157023126224
0.05	113.2290412406799	3.381818181818182	75.94390734956032	3.309090909090909	24.288346189329065	2.245506903008336
0.060000000000000005	112.45329974565854	3.398181818181818	73.52084789191707	3.270909090909091	24.26703645007924	2.243536774362532
0.07	111.62140087328329	3.4145454545454546	71.11869091033988	3.232727272727273	24.245089088800135	2.241507696265947
0.08	110.73449938861928	3.4309090909090907	68.74914306254225	3.1945454545454544	24.222527798644798	2.239421859198669
0.09	109.7940061048412	3.4472727272727273	66.42194131232347	3.1563636363636367	24.199374510237	2.2372812906913784
0.09999999999999999	108.80157128452404	3.4636363636363634	64.14501474488685	3.118181818181818	24.175649624239895	2.2350878768267903
0.10999999999999999	107.7590666198613	3.48	61.92465990364806	3.08	24.151372202546057	2.232843379915564
0.11999999999999998	106.66856594433173	3.496363636363636	59.76572055495827	3.041818181818182	24.126560127093523	2.230549453179164
0.12999999999999998	105.5323248719072	3.5127272727272727	57.67176494127793	3.003636363636364	24.101230233027508	2.228207653060937
0.13999999999999999	104.35275959180085	3.529090909090909	55.645255498805355	2.965454545454546	24.07539842129801	2.2258194496359844
0.15	103.1324250681199	3.5454545454545454	53.687707641196006	2.9272727272727272	24.049079754601227	2.2233862354811413
0.16	101.87399290556833	3.5618181818181816	51.799835535613866	2.889090909090909	24.02228853970212	2.220909333285867
0.17	100.5802291454398	3.578181818181818	49.981683836047935	2.8509090909090906	23.99503839852489	2.2183900024247025
0.18000000000000002	99.25397225148099	3.5945454545454547	48.23274512200856	2.8127272727272725	23.967342329906497	2.2158294446665083
0.19000000000000003	97.8981115337742	3.610909090909091	46.55206335591906	2.7745454545454544	23.939212763531657	2.213228809160865
0.20000000000000004	96.51556624162104	3.6272727272727274	44.93832405876424	2.7363636363636363	23.91066160727697	2.2105891968151328
0.21000000000000005	95.10926553458856	3.6436363636363636	43.38993214782872	2.6981818181818182	23.881700288964034	2.207911664154614
0.22000000000000006	93.6821295154941	3.66	41.9050785156117	2.66	23.85233979334253	2.2051972267417117
0.23000000000000007	92.23705148123952	3.6763636363636367	40.48179648332418	2.6218181818181816	23.822590694981727	2.2024468622168185
0.24000000000000007	90.77688151808766	3.692727272727273	39.11800925883148	2.583636363636363	23.792463187634432	2.1996615130130714
0.25000000000000006	89.30441153816783	3.709090909090909	37.81156948587895	2.5454545454545454	23.76196711054577	2.196842088788652
0.26000000000000006	87.82236182456673	3.7254545454545456	36.560291903162266	2.507272727272727	23.731111972103836	2.1939894686133403
0.2700000000000001	86.33336912405481	3.7418181818181817	35.3619800489893	2.469090909090909	23.69990697116844	2.1911045029403957
0.2800000000000001	84.83997629994455	3.7581818181818183	34.214447857761	2.4309090909090907	23.668361016363402	2.188188015390172
0.2900000000000001	83.34462353326617	3.7745454545454544	33.11553690381461	2.3927272727272726	23.636482743576536	2.185240804368026
0.3000000000000001	81.84964103874412	3.790909090909091	32.06312996008042	2.3545454545454545	23.604280531876398	2.182263644535852
0.3100000000000001	80.35724324320304	3.8072727272727276	31.055161455910998	2.316363636363636	23.571762518026166	2.1792572881539223
0.3200000000000001	78.86952435814409	3.8236363636363637	30.089625341756324	2.278181818181818	23.53893660975047	2.176222466307428
0.3300000000000001	77.38845526533638	3.8400000000000003	29.164580798765517	2.2399999999999998	23.50581049789043	2.1731598900302407
0.34000000000000014	75.9158816242904	3.8563636363636364	28.278156169078326	2.2018181818181812	23.472391667564786	2.170070251336781
0.35000000000000014	74.45352310328266	3.872727272727273	27.428551427368625	2.163636363636363	23.438687408440035	2.166954224171512
0.36000000000000015	73.00297363098365	3.889090909090909	26.614039465743236	2.125454545454545	23.404704824199964	2.1638124652844177
0.37000000000000016	71.56570256346545	3.9054545454545457	25.832966421880297	2.087272727272727	23.370450841293884	2.1606456150397966
0.38000000000000017	70.14305666116456	3.921818181818182	25.08375124374653	2.0490909090909084	23.33593221703369	2.157454298164847
0.3900000000000002	68.73626277196817	3.9381818181818184	24.364884652776254	2.0109090909090903	23.301155547101622	2.15423912444378
0.4000000000000002	67.34643111969434	3.954545454545455	23.674927640452626	1.9727272727272722	23.26612727252369	2.151000689362524
0.4100000000000002	65.9745591015708	3.970909090909091	23.012509610257563	1.934545454545454	23.23085368615761	2.1477395747085466
0.4200000000000002	64.6215355036161	3.9872727272727277	22.376326257443882	1.8963636363636356	23.19534093873873	2.1444563491298156
0.4300000000000002	63.288145048847085	4.003636363636364	21.76513726257292	1.8581818181818175	23.159595044522863	2.141151568656487
0.4400000000000002	61.97507319975252	4.0200000000000005	21.177763860837842	1.8199999999999992	23.123621886560805	2.1378257771885485
0.45000000000000023	60.68291114328496	4.036363636363637	20.613086337492412	1.781818181818181	23.08742722163578	2.1344795069522933
0.46000000000000024	59.41216089356148	4.052727272727273	20.070041489902668	1.7436363636363628	23.05101668489186	2.1311132789282285
0.47000000000000025	58.16324045437746	4.069090909090909	19.547620088555107	1.7054545454545447	23.014395794178665	2.1277276032527506
0.48000000000000026	56.93648899040907	4.085454545454546	19.044864362543528	1.6672727272727264	22.977569954135156	2.1243229795957017
0.49000000000000027	55.73217196250866	4.1018181818181825	18.56086552940859	1.629090909090908	22.940544460033173	2.1208998975157116
0.5000000000000002	54.55048618870747	4.118181818181819	18.094761384536465	1.5909090909090902	22.903324501399325	2.117458836795047
0.5100000000000002	53.39156479837713	4.134545454545455	17.64573396148247	1.5527272727272718	22.865915165432337	2.114000267755557
0.5200000000000002	52.25548205242569	4.150909090909091	17.213007271438443	1.5145454545454538	22.828321440231075	2.1105246515571054
0.5300000000000002	51.14225800739073	4.167272727272728	16.79584512749739	1.4763636363636354	22.790548217847444	2.1070324404798204
0.5400000000000003	50.051863005833546	4.1836363636363645	16.39354905728976	1.4381818181818173	22.75260029717682	2.1035240781913194
0.5500000000000003	48.98422197953184	4.200000000000001	16.005456305891933	1.4000000000000008	22.71448238669774	2.1000000000000014
0.5600000000000003	47.93921855562311	4.2233333333333345	15.63093792957084	1.433333333333334	22.676199107071497	2.1466666666666683
0.5700000000000003	46.916698959083256	4.246666666666668	15.269396979871768	1.4666666666666675	22.637754993611438	2.1933333333333347
0.5800000000000003	45.916475707753314	4.2700000000000005	14.92026677673079	1.5000000000000009	22.59915449863085	2.240000000000001
0.5900000000000003	44.9383310985779	4.293333333333334	14.583009268658628	1.533333333333334	22.560401993677722	2.286666666666668
0.6000000000000003	43.98202048581649	4.316666666666667	14.257113477564491	1.5666666666666675	22.521501771663907	2.333333333333335
0.6100000000000003	43.04727535376272	4.340000000000001	13.942094025439072	1.600000000000001	22.482458048895566	2.3800000000000017
0.6200000000000003	42.13380618798472	4.363333333333334	13.63748973987016	1.6333333333333342	22.443274967011433	2.4266666666666685
0.6300000000000003	41.24130515031005	4.386666666666668	13.342862335204316	1.6666666666666676	22.403956594834625	2.473333333333335
0.6400000000000003	40.369448563750446	4.410000000000001	13.05779516607541	1.700000000000001	22.36450693014362	2.520000000000002
0.6500000000000004	39.517899214319215	4.4333333333333345	12.78189204998311	1.7333333333333343	22.324929901367273	2.566666666666668
0.6600000000000004	38.686308477265136	4.456666666666668	12.514776155609932	1.7666666666666677	22.28522936920868	2.613333333333335
0.6700000000000004	37.8743182756533	4.480000000000001	12.256088953604547	1.8000000000000012	22.245409128202034	2.660000000000002
0.6800000000000004	37.08156287948804	4.503333333333335	12.00548922662445	1.8333333333333344	22.205472908206662	2.7066666666666688
0.6900000000000004	36.30767055371556	4.526666666666668	11.762652135516284	1.8666666666666678	22.165424375841763	2.753333333333335
0.7000000000000004	35.55226506348401	4.550000000000002	11.527268338611592	1.9000000000000012	22.125267135865414	2.800000000000002
0.7100000000000004	34.81496704499046	4.573333333333334	11.299043161226148	1.9333333333333347	22.085004732501012	2.8466666666666685
0.7200000000000004	34.09539525012506	4.596666666666668	11.077695812567711	1.966666666666668	22.0446406507141	2.8933333333333353
0.7300000000000004	33.39316767294441	4.620000000000001	10.862958647378461	2.0000000000000013	22.004178317442406	2.940000000000002
0.7400000000000004	32.70790256578036	4.643333333333334	10.654576469761404	2.0333333333333345	21.96362110278158	2.986666666666669
0.7500000000000004	32.03921935252864	4.666666666666668	10.452305876763452	2.066666666666668	21.922972321129187	3.0333333333333354
0.7600000000000005	31.38673944637076	4.690000000000001	10.255914639410088	2.1000000000000014	21.88223523228903	3.0800000000000023
0.7700000000000005	30.75008697887274	4.713333333333335	10.065181119006445	2.1333333333333346	21.84141304253806	3.1266666666666687
0.7800000000000005	30.128889447079516	4.736666666666668	9.879893716636769	2.1666666666666683	21.800508905657722	3.1733333333333356
0.7900000000000005	29.522778284891814	4.760000000000002	9.699850353907268	2.2000000000000015	21.75952592393162	3.2200000000000024
0.8000000000000005	28.931389364676754	4.783333333333335	9.5248579830869	2.2333333333333347	21.71846714911122	3.266666666666669
0.8100000000000005	28.354363434728285	4.806666666666668	9.354732124905292	2.2666666666666684	21.677335583351216	3.3133333333333357
0.8200000000000005	27.791346497862666	4.830000000000002	9.189296432367478	2.3000000000000016	21.636134180115977	3.3600000000000025
0.8300000000000005	27.2419901361093	4.853333333333335	9.028382279040821	2.333333333333335	21.594865845058642	3.406666666666669
0.8400000000000005	26.705951786141412	4.876666666666669	8.87182837036047	2.3666666666666685	21.553533436874037	3.453333333333336
0.8500000000000005	26.182894969784982	4.899999999999997	8.719480376586215	2.399999999999999	21.512139768126765	3.499999999999999
0.8600000000000005	25.67248948365012	4.825714285714282	8.571190586125434	2.3828571428571417	21.470687606055577	3.4828571428571418
0.8700000000000006	25.174411551646696	4.751428571428567	8.426817578014258	2.3657142857142848	21.429179673355186	3.465714285714285
0.8800000000000006	24.688343943877236	4.677142857142853	8.286225912422271	2.3485714285714274	21.38761864893648	3.4485714285714275
0.8900000000000006	24.21397606514391	4.602857142857139	8.14928583811492	2.33142857142857	21.346007168666205	3.4314285714285706
0.9000000000000006	23.751004016064233	4.528571428571425	8.015873015873005	2.314285714285713	21.304347826086953	3.4142857142857133
0.9100000000000006	23.29913062956111	4.45428571428571	7.885868256929594	2.297142857142856	21.26264317311836	3.397142857142856
0.9200000000000006	22.858065485277205	4.3799999999999955	7.75915727554239	2.279999999999999	21.22089572074032	3.379999999999999
0.9300000000000006	22.427524904261006	4.305714285714281	7.635630454873624	2.2628571428571416	21.179107939659012	3.3628571428571417
0.9400000000000006	22.007231926082195	4.231428571428567	7.515182625400339	2.2457142857142847	21.13728226095641	3.3457142857142848
0.9500000000000006	21.596916270356093	4.157142857142853	7.397712855125614	2.2285714285714273	21.09542107672405	3.3285714285714274
0.9600000000000006	21.196314284491567	4.082857142857138	7.283124250906113	2.2114285714285704	21.053526740681548	3.3114285714285705
0.9700000000000006	20.805168879322014	4.008571428571424	7.171323770253174	2.194285714285713	21.011601568780733	3.294285714285713
0.9800000000000006	20.423229454135722	3.9342857142857097	7.062222043004223	2.177142857142856	20.969647839795677	3.277142857142856
0.9900000000000007	20.050251812488348	3.859999999999995	6.955733202298	2.159999999999999	20.92766779589941	3.259999999999999
1.0000000000000007	19.68599807005697	3.7857142857142807	6.851774724321873	2.1428571428571415	20.885663643227726	3.2428571428571416
1.0100000000000007	19.33023655568053	3.7114285714285664	6.75026727633176	2.1257142857142846	20.84363755243058	3.2257142857142846
1.0200000000000007	18.982741706625898	3.6371428571428517	6.6511345724757	2.108571428571427	20.801591659211592	3.2085714285714273
1.0300000000000007	18.643293959021214	3.562857142857138	6.554303236980522	2.0914285714285703	20.75952806485604	3.19142857142857
1.0400000000000007	18.311679634308252	3.488571428571423	6.459702674287696	2.074285714285713	20.717448836747764	3.174285714285713
1.0500000000000007	17.987690822482637	3.414285714285709	6.367264945749497	2.057142857142856	20.675356008875493	3.1571428571428557
1.0600000000000007	17.67112526281476	3.3399999999999945	6.276924652519996	2.0399999999999987	20.63325158232876	3.139999999999999
1.0700000000000007	17.36178622267421	3.26571428571428	6.188618824297346	2.0228571428571414	20.59113752578399	3.1228571428571414
1.0800000000000007	17.059482375016533	3.191428571428566	6.102286813594291	2.0057142857142845	20.54901577598096	3.105714285714284
1.0900000000000007	16.764027675032164	3.117142857142851	6.017870195233231	1.988571428571427	20.50688823818998	3.088571428571427
1.1000000000000008	16.475241236403846	3.042857142857137	5.935312670780111	1.97142857142857	20.46475678667017	3.07142857142857
1.1100000000000008	16.192947207569492	2.9685714285714226	5.854559977648325	1.9542857142857128	20.42262326511899	3.054285714285713
1.1200000000000008	15.916974648342695	2.8942857142857084	5.775559802619738	1.9371428571428557	20.3804894871135	3.0371428571428556
1.1300000000000008	15.647157407202073	2.819999999999994	5.698261699544701	1.9199999999999986	20.338357236543413	3.0199999999999987
1.1400000000000008	15.383333999523396	2.7457142857142793	5.6226170109969855	1.9028571428571415	20.296228268036337	3.0028571428571413
1.1500000000000008	15.125347486994519	2.671428571428565	5.548578793672479	1.8857142857142843	20.25410430737537	2.985714285714284
1.1600000000000008	14.873045358422274	2.5971428571428508	5.476101747332887	1.8685714285714272	20.211987051909354	2.968571428571427
1.1700000000000008	14.626279412112567	2.5228571428571365	5.405142147107093	1.85142857142857	20.16987817095589	2.9514285714285697
1.1800000000000008	14.384905639979454	2.448571428571422	5.33565777897362	1.8342857142857127	20.127779306197453	2.934285714285713
1.1900000000000008	14.14878411351625	2.3742857142857074	5.267607878257798	1.8171428571428556	20.08569207207075	2.9171428571428555
1.2000000000000008	13.91777887174065	2.299999999999996	5.200953070986727	1.7999999999999978	20.043618056149473	2.9
1.2100000000000009	13.691757811207468	2.738351562241494	5.135655317954007	1.7774010736388728	20.00155881952071	4.000311763904143
1.2200000000000009	13.470592578165471	2.6941185156330945	5.0716778613546465	1.755259089216583	19.959515897155136	3.991903179431027
1.2300000000000009	13.25415846291984	2.650831692583968	5.00898517385839	1.7335617510647023	19.917490798271153	3.9834981596542307
1.2400000000000009	13.042334296447994	2.608466859289599	4.947542909997073	1.7122971725459446	19.8754850066932	3.97509700133864
1.2500000000000009	12.835002349304428	2.567000469860886	4.887317859748631	1.6914538599900348	19.833499981204277	3.9666999962408553
1.260000000000001	12.632048232839374	2.526409646567875	4.828277904206844	1.6710206973514317	19.791537155892946	3.9583074311785893
1.270000000000001	12.433360802746124	2.486672160549225	4.770391973232058	1.6509869315526473	19.74959794049485	3.9499195880989704
1.280000000000001	12.238832064943617	2.4477664129887238	4.713630004983911	1.6313421584789152	19.707683720728998	3.9415367441458
1.290000000000001	12.048357083792787	2.409671416758558	4.657962907242524	1.6120763095918216	19.66579585862881	3.9331591717257623
1.300000000000001	11.861833892638765	2.3723667785277534	4.603362520429655	1.5931796391312822	19.62393569286817	3.924787138573634
1.310000000000001	11.67916340666482	2.335832681332964	4.549801582246239	1.5746427118769364	19.582104539082533	3.916420907816507
1.320000000000001	11.500249338038834	2.300049867607767	4.497253693847123	1.5564563914415428	19.54030369018521	3.908060738037042
1.330000000000001	11.32499811332849	2.264999622665698	4.445693287478192	1.5386118290705026	19.49853441667899	3.899706883335798
1.340000000000001	11.153318793157332	2.2306637586314664	4.395095595504985	1.5211004529229588	19.456797966963148	3.8913595933926297
1.350000000000001	10.985122994070611	2.197024598814122	4.34543662076577	1.5039139578112795	19.415095567635944	3.883019113527189
1.360000000000001	10.820324812576754	2.1640649625153507	4.296693108185501	1.4870442953769212	19.373428423792777	3.8746856847585556
1.370000000000001	10.658840751327773	2.1317681502655548	4.248842517590573	1.4704836646818764	19.331797719319987	3.8663595438639975
1.380000000000001	10.50058964740011	2.1001179294800223	4.201862997667307	1.454224503195954	19.290204617184507	3.8580409234369015
1.390000000000001	10.345492602635407	2.0690985205270813	4.155733361010185	1.4382594781612124	19.24865025971935	3.8497300519438706
1.400000000000001	10.193472915999433	2.0386945831998866	4.1104330602086145	1.422581478315819	19.20713576890509	3.841427153781018
1.410000000000001	10.044456017916367	2.0088912035832736	4.0659421649236975	1.40718360596054	19.165662246647383	3.8331324493294767
1.420000000000001	9.898369406534568	1.9796738813069137	4.022241339908908	1.3920591693519058	19.124230775050606	3.824846155010121
1.430000000000001	9.75514258587961	1.9510285171759223	3.9793118239310625	1.377201675406962	19.082842416687733	3.8165684833375466
1.440000000000001	9.614707005849805	1.922941401169961	3.937135409550055	1.36260482270523	19.041498214866444	3.8082996429732887
1.450000000000001	9.476996004009207	1.8953992008018414	3.8956944237180973	1.3482624947742896	19.00019919389161	3.8000398387783223
1.460000000000001	9.341944749133127	1.8683889498266255	3.8549717091610396	1.3341687536460318	18.958946359324198	3.7917892718648396
1.470000000000001	9.209490186461222	1.8418980372922444	3.8149506065063457	1.3203178336713237	18.91774069823663	3.7835481396473263
1.480000000000001	9.079570984613373	1.8159141969226746	3.775614937124009	1.3067041355814135	18.876583179464742	3.7753166358929486
1.490000000000001	8.952127484124041	1.7904254968248083	3.736948986648412	1.2933222207850028	18.835474753856293	3.7670949507712588
1.500000000000001	8.82710164755108	1.7654203295102162	3.698937489150698	1.2801668058904583	18.794416354516176	3.7588832709032354
1.5100000000000011	8.704437011115525	1.7408874022231051	3.6615656119327453	1.267232757443151	18.753408897048395	3.750681779409679
1.5200000000000011	8.584078637829508	1.7168157275659017	3.624818940915227	1.254515086868403	18.712453279794726	3.7424906559589455
1.5300000000000011	8.465973072070055	1.693194614414011	3.5886834665936544	1.2420089456110104	18.67155038407034	3.7343100768140682
1.5400000000000011	8.350068295557143	1.6700136591114287	3.55314557053746	1.2297096204627036	18.630701074396224	3.726140214879245
1.5500000000000012	8.23631368469534	1.647262736939068	3.5181920124085253	1.217612529069386	18.589906198728617	3.7179812397457237
1.5600000000000012	8.124659969238845	1.624931993847769	3.4838099174765675	1.2057132156103274	18.54916658868537	3.709833317737074
1.5700000000000012	8.01505919224084	1.603011838448168	3.44998676460998	1.1940073466419105	18.508483059769446	3.7016966119538894
1.5800000000000012	7.907464671248664	1.5814929342497328	3.4167103747216854	1.1824907070988493	18.467856411589413	3.693571282317883
1.5900000000000012	7.801830960707345	1.560366192141469	3.3839688996505757	1.171159196446165	18.427287428077168	3.6854574856154336
1.6000000000000012	7.698113815534749	1.53962276310695	3.3517508114599868	1.160008824975488	18.38677687770274	3.6773553755405484
1.6100000000000012	7.596270155832599	1.51925403116652	3.3200448921355936	1.1490357102395998	18.346325513686452	3.6692651027372905
1.6200000000000012	7.496258032698422	1.4992516065396844	3.288840223665863	1.138236073619372	18.30593407420823	3.6611868148416464
1.6300000000000012	7.398036595104386	1.4796073190208772	3.2581261784890616	1.1276062370175672	18.2656032826143	3.6531206565228604
1.6400000000000012	7.30156605780988	1.4603132115619761	3.2278924102915068	1.1171426196742034	18.225333847621194	3.645066769524239
1.6500000000000012	7.206807670275568	1.4413615340551136	3.198128845142484	1.1068417350984314	18.1851264635172	3.63702529270344
1.6600000000000013	7.1137236865474955	1.4227447373094992	3.1688256729519293	1.0967001881121228	18.144981810361188	3.628996362072238
1.6700000000000013	7.022277336080732	1.4044554672161464	3.1399733392375815	1.0867146720005587	18.10490055417892	3.620980110835784
1.6800000000000013	6.93243279547284	1.386486559094568	3.11156253718897	1.0768819657658535	18.064883347156886	3.6129766694313776
1.6900000000000013	6.844155161078389	1.3688310322156778	3.08358420001611	1.0671989314789103	18.024930827833664	3.604986165566733
1.7000000000000013	6.757410422476433	1.3514820844952866	3.0560294935713928	1.057662511725928	17.985043621288852	3.597008724257771
1.7100000000000013	6.6721654367638354	1.3344330873527672	3.0288898092336334	1.0482697271456398	17.94522233932961	3.5890444678659223
1.7200000000000013	6.588387903648008	1.3176775807296017	3.0021567570437386	1.039017674053632	17.905467580674856	3.5810935161349713
1.7300000000000013	6.506046341313519	1.3012092682627039	2.9758221590819587	1.029903522150275	17.865779931137126	3.5731559862274254
1.7400000000000013	6.425110063037701	1.2850220126075405	2.9498780430770823	1.0209245123089274	17.82615996380215	3.5652319927604306
1.7500000000000013	6.34554915453123	1.269109830906246	2.924316636238411	1.0120779544412404	17.78660823920617	3.5573216478412344
1.7600000000000013	6.267334451980337	1.2534668903960675	2.899130359301715	1.0033612254365214	17.747125305511	3.5494250611022
1.7700000000000014	6.19043752076807	1.2380875041536141	2.874311820780781	0.9947717671722487	17.707711698676917	3.5415423397353836
1.7800000000000014	6.1148306348526775	1.2229661269705356	2.849853811416514	0.9863070845929597	17.66836794263339	3.5336735885266783
1.7900000000000014	6.040486756781937	1.2080973513563875	2.825749298815922	0.9779647438548545	17.62909454944762	3.525818909889524
1.8000000000000014	5.967379518322875	1.193475903664575	2.8019914222736153	0.9697423705335665	17.589892019490996	3.5179784038981996
1.8100000000000014	5.895483201686997	1.1790966403373995	2.778573487768814	0.9616376478926747	17.55076084160348	3.510152168320696
1.8200000000000014	5.824772721331789	1.1649545442663578	2.755488963131096	0.9536483152106152	17.511701493255902	3.5023402986511805
1.8300000000000014	5.755223606319825	1.1510447212639652	2.7327314733684824	0.9457721661637765	17.472714440710238	3.494542888142048
1.8400000000000014	5.686811983217505	1.1373623966435011	2.7102947961516533	0.9380070472636304	17.43380013917788	3.486760027835576
1.8500000000000014	5.619514559515914	1.123902911903183	2.6881728574484005	0.9303508563458568	17.39495903297592	3.478991806595184
1.8600000000000014	5.553308607556967	1.1106617215113934	2.6663597273026753	0.9228015411095137	17.35619155568149	3.4712383111362985
1.8700000000000014	5.488171948948489	1.0976343897896979	2.644849615752757	0.9153570977043539	17.317498130284175	3.4634996260568354
1.8800000000000014	5.424082939452435	1.0848165878904872	2.623636868883411	0.9080155693645147	17.278879169336484	3.455775833867297
1.8900000000000015	5.361020454330973	1.0722040908661945	2.602715965007001	0.9007750450868378	17.24033507510249	3.448067015020498
1.9000000000000015	5.298963874135655	1.059792774827131	2.5820815109688144	0.8936336583521773	17.201866239704568	3.4403732479409137
1.9100000000000015	5.237893070925369	1.0475786141850738	2.5617282385720093	0.886589585888109	17.16347304526834	3.432694609053668
1.9200000000000015	5.177788394899292	1.0355576789798586	2.5416510011178013	0.8796410464715213	17.125155864065754	3.425031172813151
1.9300000000000015	5.1186306614314185	1.0237261322862838	2.52184477005667	0.8727862997696303	17.08691505865642	3.417383011731284
1.9400000000000015	5.060401138493821	1.0120802276987642	2.502304631746563	0.8660236452180252	17.04875098202716	3.4097501964054318
1.9500000000000015	5.003081534456066	1.0006163068912133	2.4830257843142056	0.8593514209343981	17.010663977729813	3.402132795545963
1.9600000000000015	4.946653986248807	0.9893307972497614	2.4640035346158085	0.852768002666673	16.972654380017303	3.394530876003461
1.9700000000000015	4.891101047879762	0.9782202095759525	2.445233295293602	0.8462718027743018	16.934722513978013	3.3869445027956027
1.9800000000000015	4.836405679290911	0.9672811358581822	2.4267105819247727	0.8398612692415377	16.896868695668505	3.379373739133701
1.9900000000000015	4.782551235545884	0.9565102471091769	2.4084310102595055	0.8335348847215485	16.8590932322445	3.3718186464489004
2.0000000000000013	4.729521456337098	0.9459042912674196	2.3903902935449874	0.8272911656102795	16.82139642209031	3.3642792844180622
2.010000000000001	4.677300455802354	0.9354600911604708	2.3725842399323196	0.8211286611490113	16.78377855494657	3.356755710989314
2.020000000000001	4.625872712641094	0.9251745425282188	2.355008749963437	0.8150459525546062	16.746239912036405	3.349247982407281
2.0300000000000007	4.575223060520776	0.9150446121041553	2.3376598141352365	0.8090416521764765	16.708780766190014	3.341756153238003
2.0400000000000005	4.525336678764143	0.9050673357528286	2.320533510538215	0.8031144026793395	16.671401381967677	3.3342802763935353
2.0500000000000003	4.476199083308482	0.8952398166616965	2.3036260025670305	0.7972628762508656	16.634102015781192	3.3268204031562387
2.06	4.427796117928286	0.8855592235856572	2.2869335367005075	0.7914857738333578	16.596882916013854	3.319376583202771
2.07	4.380113945712975	0.8760227891425951	2.2704524403486896	0.7857818243786392	16.55974432313885	3.3119488646277704
2.0799999999999996	4.333139040791645	0.866627808158329	2.254179119764653	0.7801497841253499	16.522686469836206	3.3045372939672415
2.0899999999999994	4.2868581802970445	0.8573716360594089	2.238110058018851	0.7745884358978882	16.48570958110822	3.297141916221644
2.099999999999999	4.241258436561317	0.8482516873122634	2.2222418130338752	0.7690965884262597	16.44881387439351	3.2897627748787026
2.109999999999999	4.196327169536163	0.8392654339072326	2.2065710156775955	0.763673075686132	16.411999559679543	3.282399911935909
2.1199999999999988	4.152052019430457	0.8304104038860913	2.1910943679126897	0.7583167562584034	16.375266839613786	3.2750533679227574
2.1299999999999986	4.108420899558505	0.821684179911701	2.1758086410006894	0.753026512707642	16.338615909613427	3.2677231819226855
2.1399999999999983	4.065421989392372	0.8130843978784745	2.1607106737587056	0.7478012509787537	16.302046957973758	3.260409391594752
2.149999999999998	4.023043727811917	0.8046087455623834	2.1457973708670846	0.7426398998112792	16.26556016597511	3.253112033195022
2.159999999999998	3.981274806546432	0.7962549613092864	2.131065701226307	0.7375414101707315	16.22915570798849	3.245831141597698
2.1699999999999977	3.9401041638019105	0.7880208327603822	2.116512696361488	0.7325047546964103	16.192833751579855	3.238566750315971
2.1799999999999975	3.8995209780682147	0.779904195613643	2.102135448872941	0.7275289271651546	16.156594457613064	3.231318891522613
2.1899999999999973	3.859514662100607	0.7719029324201214	2.087931110931256	0.7226129419705059	16.120437980351518	3.2240875960703037
2.199999999999997	3.8200748570702525	0.7640149714140505	2.0738968928154806	0.7177558336167859	16.08436446755851	3.216872893511702
2.209999999999997	3.781191426878507	0.7562382853757015	2.0600300614929643	0.7129566562275936	16.048374060596306	3.2096748121192613
2.2199999999999966	3.7428544526299845	0.7485708905259969	2.046327939239544	0.708214483068266	16.012466894523943	3.202493378904789
2.2299999999999964	3.705054227259529	0.7410108454519059	2.03278790229875	0.7035284060818405	15.97664309819379	3.195328619638758
2.239999999999996	3.6677812503083915	0.7335562500616783	2.0194073795787957	0.6988975354380974	15.940902794346872	3.188180558869375
2.249999999999996	3.6310262228450862	0.7262052445690172	2.0061838513861274	0.6943209990952524	15.905246099706984	3.181049219941397
2.259999999999996	3.5947800425265077	0.7189560085053016	1.9931148481943692	0.6897979423738999	15.869673125073588	3.173934625014718
2.2699999999999956	3.559033798795086	0.7118067597590172	1.98019794944755	0.685327527542823	15.834183975413508	3.166836795082702
2.2799999999999954	3.5237787682078223	0.7047557536415645	1.9674307823965154	0.6809089334162848	15.798778749951484	3.159755749990297
2.289999999999995	3.4890064098932743	0.6978012819786549	1.954811020967485	0.6765413549624486	15.763457542259555	3.152691508451911
2.299999999999995	3.4547083611325986	0.6909416722265198	1.942336384661742	0.6722240029225701	15.728220440345224	3.145644088069045
2.3099999999999947	3.4208764330609593	0.684175286612192	1.930004637485483	0.6679561034406286	15.693067526738602	3.1386135053477204
2.3199999999999945	3.3875026064856573	0.6775005212971315	1.917813586908894	0.6637368977030739	15.657998878578343	3.131599775715669
2.3299999999999943	3.354579027817536	0.6709158055635073	1.9057610828535285	0.6595656415883668	15.623014567696492	3.1246029135392988
2.339999999999994	3.3220980051122484	0.6644196010224497	1.8938450167071346	0.6554416053260208	15.588114660702256	3.1176229321404514
2.349999999999994	3.2900520042181367	0.6580104008436274	1.8820633203650652	0.651364073164843	15.553299219064668	3.110659843812934
2.3599999999999937	3.258433645027558	0.6516867290055117	1.8704139652974674	0.6473323430500973	15.518568299194191	3.1037136598388386
2.3699999999999934	3.2272356978285983	0.6454471395657198	1.858894961641462	0.6433457263093169	15.483921952523264	3.096784390504653
2.3799999999999932	3.196451079754192	0.6392902159508385	1.847504357317547	0.6394035473464988	15.449360225585801	3.0898720451171604
2.389999999999993	3.1660728513258043	0.6332145702651609	1.836240237169489	0.6355051433444306	15.414883160095647	3.0829766320191294
2.399999999999993	3.1360942130888816	0.6272188426177764	1.8251007221270024	0.6316498639748992	15.380490793024034	3.076098158604807
2.4099999999999926	3.1065085023373804	0.6213017004674761	1.8140839683905141	0.6278370711165479	15.34618315667602	3.069236631335204
2.4199999999999924	3.077309189924778	0.6154618379849557	1.80318816663737	0.6240661385801505	15.311960278765904	3.0623920557531807
2.429999999999992	3.0484898771590387	0.6096979754318078	1.79241154124882	0.6203364518410794	15.277822182491708	3.055564436498342
2.439999999999992	3.0200442927790916	0.6040088585558183	1.7817523495571832	0.616647407778756	15.243768886608624	3.048753777321725
2.4499999999999917	2.991966290010459	0.5983932580020918	1.7712088811125775	0.6129984144228731	15.20980040550157	3.041960081100314
2.4599999999999915	2.9642498436977456	0.5928499687395491	1.7607794569686508	0.6093888907061926	15.175916749256718	3.035183349851344
2.4699999999999913	2.9368890475117597	0.587377809502352	1.7504624289867339	0.6058182662237211	15.142117923732146	3.028423584746429
2.479999999999991	2.909878111229134	0.5819756222458268	1.7402561791578994	0.6022859809980795	15.10840393062752	3.021680786125504
2.489999999999991	2.883211358082342	0.5766422716164684	1.7301591189423708	0.5987914852508792	15.07477476755289	3.0149549535105784
2.4999999999999907	2.8568832221781237	0.5713766444356247	1.7201696886258133	0.595334239179941	15.041230428096553	3.0082460856193105
2.5099999999999905	2.8308882459823277	0.5661776491964655	1.7102863566919808	0.5919137127421733	15.007770901892037	3.001554180378408
2.5199999999999902	2.8052210778693096	0.561044215573862	1.7005076192112705	0.5885293854419581	14.974396174684195	2.994879234936839
2.52999999999999	2.7798764697340386	0.5559752939468078	1.6908319992447123	0.5851807461248761	14.941106228394414	2.988221245678883
2.53999999999999	2.7548492746651263	0.5509698549330253	1.6812580462629545	0.5818672927766239	14.907901041184992	2.9815802082369984
2.5499999999999896	2.730134444677072	0.5460268889354144	1.671784335579818	0.5785885323269722	14.874780587522622	2.9749561175045245
2.5599999999999894	2.7057270285000405	0.5411454057000081	1.662409467800001	0.5753439804586221	14.841744838241052	2.9683489676482107
2.569999999999989	2.6816221694255535	0.5363244338851108	1.6531320682805268	0.5721331614208174	14.808793760602917	2.9617587521205837
2.579999999999989	2.657815103206544	0.5315630206413088	1.6439507866055558	0.5689556078475811	14.775927318360734	2.955185463672147
2.5899999999999888	2.63430115601022	0.5268602312020441	1.6348642960741795	0.5658108605804473	14.7431454718171	2.94862909436342
2.5999999999999885	2.6110757424222997	0.5222151484844599	1.6258712932008215	0.5626984684955532	14.710448177884054	2.942089635576811
2.6099999999999883	2.5881343635011516	0.5176268727002303	1.6169704972279124	0.559617988334982	14.677835390141697	2.9355670780283396
2.619999999999988	2.5654726048804886	0.5130945209760978	1.6081606496504754	0.5565689845422256	14.645307058895964	2.929061411779193
2.629999999999988	2.543086134919243	0.5086172269838486	1.5994405137523044	0.5535510291016605	14.612863131235688	2.922572626247138
2.6399999999999877	2.520970702897333	0.5041941405794667	1.5908088741534034	0.5505637013819213	14.580503551088833	2.916100710217767
2.6499999999999875	2.4991221372560517	0.49982442745121036	1.5822645363683858	0.547606587983066	14.548228259278027	2.9096456518556053
2.6599999999999873	2.4775363438818605	0.49550726877637213	1.5738063263755184	0.5446792825874278	14.51603719357531	2.903207438715062
2.669999999999987	2.4562093044323783	0.4912418608864757	1.5654330901961342	0.541781385814052	14.48393028875614	2.8967860577512283
2.679999999999987	2.435137074703437	0.4870274149406874	1.5571436934841125	0.5389125050766205	14.451907476652725	2.890381495330545
2.6899999999999866	2.414315783036064	0.48286315660721285	1.5489370211251647	0.5360722544447678	14.419968686206555	2.8839937372413114
2.6999999999999864	2.3937416287623163	0.4787483257524633	1.5408119768456543	0.5332602545086976	14.388113843520287	2.8776227687040574
2.709999999999986	2.373410880688906	0.47468217613778124	1.5327674828306916	0.5304761322470088	14.356342871908883	2.8712685743817765
2.719999999999986	2.353319875617602	0.47066397512352043	1.524802479351254	0.5277195208976456	14.324655691950092	2.8649311383900185
2.7299999999999858	2.3334650169014086	0.46669300338028175	1.5169159244000912	0.5249900598318875	14.293052221534191	2.8586104443068385
2.7399999999999856	2.313842773035563	0.4627685546071126	1.5091067933361721	0.5222873944312963	14.26153237591313	2.852306475182626
2.7499999999999853	2.2944496762824116	0.45888993525648236	1.5013740785374565	0.5196111759675432	14.23009606774892	2.846019213549784
2.759999999999985	2.2752823213292683	0.45505646426585367	1.4937167890617564	0.5169610614850364	14.19874320716141	2.839748641432282
2.769999999999985	2.256337363978359	0.4512674727956718	1.4861339503154867	0.5143367136862788	14.167473701775414	2.833494740355083
2.7799999999999847	2.2376115198680098	0.447522303973602	1.4786246037300816	0.511737800819879	14.136287456767148	2.82725749135343
2.7899999999999845	2.219101563224249	0.4438203126448498	1.471187806445882	0.5091639965711474	14.105184374910094	2.8210368749820187
2.7999999999999843	2.200804325642007	0.4401608651284014	1.463822631003305	0.5066149799552133	14.074164356620168	2.814832871324034
2.809999999999984	2.182716694895142	0.4365433389790284	1.4565281650410837	0.5040904352125885	14.04322730000033	2.8086454600000663
2.819999999999984	2.1648356137745264	0.4329671227549053	1.4493035110014136	0.5015900517071209	14.012373100884519	2.8024746201769037
2.8299999999999836	2.1471580789534617	0.42943161579069233	1.4421477858418168	0.49911352382627405	13.981601652881015	2.796320330576203
2.8399999999999834	2.1296811398796947	0.42593622797593894	1.4350601207535456	0.4966605508836692	13.950912847415214	2.790182569483043
2.849999999999983	2.1124018976933554	0.4224803795386711	1.4280396608863628	0.494230837023834	13.92030657377177	2.784061314754354
2.859999999999983	2.095317504170122	0.41906350083402444	1.4210855650795349	0.4918240911291022	13.889782719136198	2.7779565438272398
2.869999999999983	2.0784251606889774	0.4156850321377955	1.4141970055988713	0.4894400267286052	13.859341168635853	2.7718682337271705
2.8799999999999826	2.061722117223895	0.41234442344477906	1.4073731678796597	0.48707836190930504	13.828981805380383	2.765796361076077
2.8899999999999824	2.0452056713588602	0.4090411342717721	1.4006132502753468	0.4847388192290142	13.798704510501588	2.759740902100318
2.899999999999982	2.0288731673256035	0.4057746334651207	1.3939164638118178	0.4824211256313549	13.768509163192734	2.753701832638547
2.909999999999982	2.0127219950634765	0.40254439901269534	1.3872820319471333	0.4801250123626062	13.73839564074733	2.747679128149466
2.9199999999999817	1.99674958930089	0.39934991786017804	1.3807091903365771	0.477850214890389	13.708363818597322	2.7416727637194644
2.9299999999999815	1.9809534286577715	0.3961906857315543	1.3741971866028968	0.4755964728241487	13.678413570350804	2.735682714070161
2.9399999999999813	1.9653310347684996	0.3930662069536999	1.3677452801115944	0.47336352983738544	13.648544767829172	2.7297089535658348
2.949999999999981	1.9498799714247954	0.3899759942849591	1.3613527417511395	0.47115113359158817	13.618757281103742	2.7237514562207483
2.959999999999981	1.9345978437380633	0.3869195687476127	1.3550188537179948	0.4689590356618337	13.589050978531885	2.7178101957063774
2.9699999999999807	1.9194822973206902	0.3838964594641381	1.3487429093063155	0.46678699146400365	13.559425726792627	2.7118851453585258
2.9799999999999804	1.9045310174858205	0.38090620349716414	1.3425242127022272	0.4646347601835866	13.529881390921757	2.7059762781843517
2.9899999999999802	1.889741728465144	0.3779483456930288	1.3363620787825459	0.4625021047060162	13.500417834346432	2.700083566869287
2.99999999999998	1.8751121926442404	0.3750224385288481	1.3302558329178553	0.46038879154851875	13.471034918919308	2.694206983783862
3.00999999999998	1.8606402098150443	0.37212804196300886	1.3242048107798121	0.45829459079342305	13.441732504952151	2.6883465009904306
3.0199999999999796	1.846323616445001	0.36926472328900023	1.3182083581525874	0.45621927602290224	13.41251045124902	2.682502090249804
3.0299999999999794	1.8321602849624918	0.36643205699249837	1.3122658307483468	0.4541626242551131	13.383368615138924	2.676673723027785
3.039999999999979	1.8181481230581327	0.36362962461162657	1.3063765940266536	0.45212441588169344	13.354306852508051	2.67086137050161
3.049999999999979	1.8042850730015418	0.3608570146003084	1.3005400230177202	0.4501044346065909	13.325325017831524	2.665065003566305
3.0599999999999787	1.790569110973204	0.35811382219464083	1.2947555021494002	0.4481024673861867	13.296422964204705	2.659284592840941
3.0699999999999785	1.7769982464110499	0.35539964928221	1.2890224250778377	0.4461183043706849	13.26760054337404	2.653520108674808
3.0799999999999783	1.7635705213713915	0.3527141042742783	1.2833401945216822	0.4441517388467358	13.238857605767468	2.647771521153494
3.089999999999978	1.750284009903862	0.3500568019807724	1.2777082220997842	0.4422025671812639	13.210194000524403	2.642038800104881
3.099999999999978	1.737136817440016	0.3474273634880032	1.2721259281722932	0.4402705887664735	13.181609575525256	2.6363219151050514
3.1099999999999777	1.724127080195252	0.3448254160390504	1.2665927416850649	0.43835560596599976	13.153104177420566	2.6306208354841134
3.1199999999999775	1.7112529645837409	0.3422505929167482	1.2611081000173157	0.43645742406218274	13.124677651659677	2.6249355303319355
3.1299999999999772	1.6985126666460346	0.33970253332920697	1.2556714488324285	0.43457585120443337	13.09632984251903	2.619265968503806
3.139999999999977	1.6859044114890553	0.33718088229781107	1.250282241931854	0.4327106983586697	13.068060593129998	2.6136121186259995
3.149999999999977	1.6734264527381577	0.3346852905476316	1.2449399411120174	0.43086177925779395	13.039869745506383	2.607973949101277
3.1599999999999766	1.6610770720009844	0.3322154144001969	1.2396440160241744	0.42902891035318974	13.01175714057145	2.6023514281142903
3.1699999999999764	1.6488545783428135	0.3297709156685627	1.2343939440371368	0.4272119107672129	12.983722618184597	2.5967445236369198
3.179999999999976	1.6367573077731405	0.32735146155462813	1.2291892101028041	0.4254106022466534	12.955766017167637	2.5911532034335276
3.189999999999976	1.6247836227432142	0.3249567245486429	1.2240293066244399	0.4236248091171465	12.92788717533068	2.5855774350661362
3.1999999999999758	1.6129319116542655	0.3225863823308531	1.2189137333276239	0.4218543582385113	12.900085929497642	2.5800171858995284
3.2099999999999755	1.60120058837618	0.320240117675236	1.2138419971338137	0.4200990789609911	12.872362115531386	2.574472423106277
3.2199999999999753	1.5895880917763583	0.31791761835527166	1.2088136120364728	0.41835880308238244	12.844715568358481	2.5689431136716965
3.229999999999975	1.578092885258531	0.3156185770517062	1.203828098979682	0.4166333648060242	12.817146121993595	2.5634292243987193
3.239999999999975	1.5667134563112868	0.3133426912622574	1.1988849857391988	0.4149226006996329	12.789653609563555	2.557930721912711
3.2499999999999747	1.5554483160660835	0.31108966321321674	1.1939838068058963	0.41322634965496224	12.762237863330995	2.5524475726661993
3.2599999999999745	1.5442959988645253	0.3088591997729051	1.1891241032715265	0.41154445284826674	12.734898714717716	2.5469797429435435
3.2699999999999743	1.533255061834681	0.3066510123669362	1.1843054227167669	0.40987675370155596	12.707635994327646	2.5415271988655292
3.279999999999974	1.5223240844762405	0.3044648168952481	1.1795273191014832	0.40822309784461536	12.680449531969497	2.5360899063938995
3.289999999999974	1.5115016682542906	0.3023003336508581	1.174789352657168	0.40658333307778016	12.65333915667906	2.530667831335812
3.2999999999999736	1.500786436201523	0.30015728724030466	1.1700910897815073	0.40495730933544616	12.62630469674116	2.5252609393482324
3.3099999999999734	1.4901770325286698	0.29803540650573396	1.165432102935016	0.4033448786502961	12.599345979711332	2.5198691959422668
3.319999999999973	1.4796721222429727	0.2959344244485946	1.1608119705397075	0.4017458951182302	12.572462832437088	2.5144925664874176
3.329999999999973	1.4692703907745153	0.29385407815490305	1.1562302768797503	0.4001602148639844	12.545655081078946	2.5091310162157896
3.3399999999999728	1.4589705436102174	0.2917941087220435	1.151686612004056	0.39858769600741684	12.518922551131084	2.503784510226217
3.3499999999999726	1.44877130593533	0.289754261187066	1.1471805716307737	0.3970281986304544	12.492265067441714	2.498453013488343
3.3599999999999723	1.4386714222822494	0.2877342844564499	1.1427117570536314	0.3954815847446787	12.465682454233132	2.4931364908466267
3.369999999999972	1.4286696561864918	0.28573393123729834	1.1382797750500957	0.3939477182595402	12.439174535121476	2.487834907024295
3.379999999999972	1.4187647898496536	0.2837529579699307	1.133884237791303	0.3924264649511873	12.412741133136162	2.4825482266272325
3.3899999999999717	1.4089556238092078	0.2817911247618416	1.1295247627537255	0.3909176924318939	12.386382070739058	2.477276414147812
3.3999999999999715	1.399240976614976	0.2798481953229952	1.125200972632533	0.38942127012007516	12.360097169843316	2.472019433968663
3.4099999999999713	1.3896196845121278	0.27792393690242556	1.1209124952566154	0.38793706921087784	12.33388625183197	2.4667772503663943
3.419999999999971	1.380090601130555	0.276018120226111	1.116658963505227	0.3864649626473309	12.307749137576204	2.461549827515241
3.429999999999971	1.3706525971804813	0.2741305194360963	1.112440015226218	0.3850048250920471	12.281685647453374	2.456337129490675
3.4399999999999706	1.3613045601541673	0.27226091203083347	1.10825529315582	0.38355653289946107	12.25569560136472	2.451139120272944
3.4499999999999704	1.3520453940335695	0.2704090788067139	1.1041044448399548	0.38211996408859505	12.229778818752827	2.4459557637505656
3.45999999999997	1.3428740190038235	0.2685748038007647	1.0999871225570186	0.38069499831633535	12.203935118618803	2.440787023723761
3.46999999999997	1.333789371172421	0.2667578742344842	1.095902983242136	0.3792815168512173	12.178164319539217	2.4356328639078435
3.47999999999997	1.3247904022939503	0.26495808045879005	1.0918516884128262	0.37787940254769903	12.152466239682713	2.4304932479365426
3.4899999999999696	1.3158760795002853	0.26317521590005705	1.087832904096065	0.3764885398209185	12.12684069682644	2.425368139365288
3.4999999999999694	1.3070453850360866	0.2614090770072173	1.0838463007567136	0.37510881462192314	12.101287508372168	2.420257501674434
3.509999999999969	1.2982973159995146	0.2596594631999029	1.0798915532272788	0.3737401144133608	12.07580649136218	2.415161298272436
3.519999999999969	1.2896308840880284	0.2579261768176057	1.0759683406389748	0.3723823281456206	12.05039746249491	2.410079492498982
3.5299999999999687	1.2810451153491587	0.25620902306983173	1.0720763463540743	0.37103534623342044	12.02506023814032	2.4050120476280643
3.5399999999999685	1.272539049936152	0.2545078099872304	1.0682152578994986	0.36969906053282325	11.999794634355057	2.3999589268710113
3.5499999999999683	1.2641117418683754	0.25282234837367507	1.0643847669016395	0.36837336431867956	11.974600466897355	2.394920093379471
3.559999999999968	1.255762258796372	0.2511524517592744	1.0605845690223799	0.36705815226248434	11.949477551241701	2.38989551024834
3.569999999999968	1.2474896817714796	0.24949793635429593	1.0568143638962857	0.3657533204106403	11.924425702593267	2.3848851405186533
3.5799999999999677	1.2392931050198972	0.24785862100397946	1.0530738550689476	0.36445876616311823	11.899444735902133	2.3798889471804268
3.5899999999999674	1.2311716357211155	0.2462343271442231	1.0493627499364517	0.3631743882525087	11.874534465877241	2.3749068931754485
3.5999999999999672	1.2231243937906104	0.2446248787581221	1.045680759685946	0.36190008672345203	11.849694707000179	2.369938941400036
3.609999999999967	1.2151505116667067	0.24303010233334135	1.0420275992372936	0.3606357629124458	11.824925273538677	2.3649850547077356
3.619999999999967	1.2072491341015272	0.24144982682030547	1.0384029871857743	0.35938131942801405	11.800225979559954	2.360045195911991
3.6299999999999666	1.199419417955934	0.23988388359118684	1.0348066457458296	0.35813666013123785	11.775596638943801	2.3551193277887603
3.6399999999999664	1.1916605319983795	0.23833210639967592	1.0312383006958137	0.3569016901166343	11.751037065395476	2.350207413079095
3.649999999999966	1.183971656707581	0.23679433134151623	1.0276976813237446	0.3556763156933817	11.726547072458374	2.3453094144916746
3.659999999999966	1.1763519840789414	0.2352703968157883	1.024184520374021	0.3544604443668783	11.702126473526503	2.340425294705301
3.6699999999999657	1.1688007174346289	0.23376014348692578	1.020698553995098	0.35325398482063386	11.677775081856748	2.3355550163713494
3.6799999999999655	1.1613170712372471	0.23226341424744945	1.0172395216880903	0.3520568468984813	11.65349271058095	2.33069854211619
3.6899999999999653	1.153900270907012	0.23078005418140243	1.013807166256297	0.35086894158710813	11.629279172717752	2.3258558345435505
3.699999999999965	1.1465495526423626	0.22930991052847252	1.0104012337556147	0.34969018099889443	11.605134281184283	2.321026856236857
3.709999999999965	1.1392641632439384	0.2278528326487877	1.0070214734458316	0.34852047835505656	11.581057848807639	2.3162115697615278
3.7199999999999647	1.1320433599418451	0.22640867198836903	1.0036676377427844	0.34735974796908914	11.557049688336173	2.311409937667235
3.7299999999999645	1.124886410226144	0.22497728204522882	1.0003394821713532	0.3462079052304967	11.53310961245058	2.306621922490116
3.7399999999999642	1.1177925916804985	0.22355851833609972	0.9970367653192852	0.3450648665888128	11.509237433774837	2.3018474867549674
3.749999999999964	1.1107611918189046	0.22215223836378095	0.9937592487918275	0.3439305495378988	11.485432964886904	2.2970865929773807
3.759999999999964	1.1037915079254528	0.22075830158509058	0.9905066971671512	0.3428048726005165	11.461696018329313	2.2923392036658625
3.7699999999999636	1.0968828468970455	0.2193765693794091	0.9872788779525562	0.3416877553131712	11.438026406619509	2.2876052813239016
3.7799999999999634	1.0900345250890164	0.2180069050178033	0.9840755615414355	0.3405791182112173	11.414423942260072	2.2828847884520145
3.789999999999963	1.0832458681635933	0.21664917363271866	0.9808965211709865	0.33947888281422245	11.390888437748728	2.278177687549746
3.799999999999963	1.076516210941136	0.2153032421882272	0.9777415328806565	0.33838697161158654	11.367419705588217	2.2734839411176435
3.8099999999999627	1.0698448972541021	0.21396897945082044	0.9746103754713034	0.33730330804840697	11.344017558295963	2.268803511659193
3.8199999999999625	1.0632312798036805	0.2126462559607361	0.9715028304650619	0.33622781651158873	11.32068180841362	2.264136361682724
3.8299999999999623	1.0566747200190352	0.21133494400380703	0.9684186820658998	0.335160422316194	11.297412268516398	2.2594824537032796
3.839999999999962	1.0501745879191098	0.21003491758382198	0.9653577171208483	0.3341010516920235	11.274208751222295	2.254841750244459
3.849999999999962	1.0437302619769415	0.20874605239538832	0.962319725081898	0.3330496317704296	11.251071069201098	2.2502142138402195
3.8599999999999617	1.0373411289864265	0.2074682257972853	0.9593044979685444	0.3320060905713534	11.227999035183284	2.245599807036657
3.8699999999999615	1.0310065839314948	0.20620131678629897	0.9563118303309732	0.33097035699058375	11.204992461968743	2.2409984923937487
3.8799999999999613	1.0247260298576386	0.20494520597152774	0.9533415192138643	0.3299423607872298	11.182051162435343	2.2364102324870685
3.889999999999961	1.0184988777457553	0.20369977554915109	0.9503933641208167	0.3289220325714094	11.159174949547353	2.2318349899094705
3.899999999999961	1.0123245463882473	0.20246490927764949	0.947467166979373	0.3279093037921437	11.136363636363726	2.2272727272727453
3.9099999999999606	1.0062024622673413	0.20124049245346828	0.9445627321066309	0.3269041067254561	11.113617036046206	2.222723407209241
3.9199999999999604	1.0001320594355816	0.20002641188711634	0.9416798661754339	0.325906374462671	11.090934961867323	2.2181869923734645
3.92999999999996	0.9941127793984477	0.19882255587968956	0.9388183781811354	0.3249160408989113	11.068317227218241	2.213663445443648
3.93999999999996	0.9881440709990622	0.19762881419981246	0.9359780794089116	0.3239330407217855	11.045763645616429	2.2091527291232858
3.9499999999999598	0.9822253903049409	0.1964450780609882	0.9331587834016252	0.32295730940026585	11.023274030713255	2.204654806142651
3.9599999999999596	0.9763562004967467	0.19527124009934935	0.9303603059282232	0.321988783173751	11.000848196301376	2.200169639260275
3.9699999999999593	0.970535971759006	0.1941071943518012	0.9275824649526636	0.3210273990413119	10.978485956322062	2.1956971912644128
3.979999999999959	0.9647641811727525	0.1929528362345505	0.9248250806033529	0.32007309475111423	10.95618712487232	2.191237424974464
3.989999999999959	0.9590403126100548	0.191808062522011	0.9220879751430933	0.31912580879001773	10.933951516211945	2.186790303242389
3.9999999999999587	0.9533638566303947	0.19067277132607896	0.9193709729395245	0.31818548037334626	10.911778944770402	2.1823557889540806
4.009999999999959	0.9477343103788579	0.1895468620757716	0.9166739004360563	0.3172520494348276	10.889669225153597	2.1779338450307195
4.019999999999959	0.9421511774861003	0.18843023549722007	0.9139965861232741	0.3163254566166975	10.86762217215052	2.1735244344301043
4.0299999999999585	0.9366139679700589	0.1873227935940118	0.9113388605108176	0.31540564325996706	10.84563760073978	2.169127520147956
4.039999999999958	0.9311221981393681	0.18622443962787363	0.9087005560997188	0.31449255139484916	10.823715326095973	2.1647430652191946
4.049999999999958	0.9256753904984538	0.18513507809969076	0.9060815073551922	0.3135861237313414	10.80185516359599	2.160371032719198
4.059999999999958	0.9202730736542649	0.184054614730853	0.9034815506798678	0.3126863036499624	10.780056928825157	2.1560113857650314
4.069999999999958	0.9149147822246185	0.1829829564449237	0.9009005243874623	0.3117930351926393	10.758320437583277	2.1516640875166555
4.079999999999957	0.9096000567481222	0.18192001134962443	0.8983382686768735	0.31090626305374275	10.736645505890582	2.1473291011781166
4.089999999999957	0.9043284435956442	0.18086568871912886	0.8957946256066974	0.3100259325712667	10.71503194999351	2.143006389998702
4.099999999999957	0.8990994948833019	0.1798198989766604	0.8932694390701574	0.30915198971815233	10.693479586370419	2.138695917274084
4.109999999999957	0.8939127683869393	0.17878255367738788	0.8907625547704351	0.30828438109374995	10.671988231737204	2.134397646347441
4.119999999999957	0.8887678274580646	0.17775356549161292	0.8882738201964019	0.30742305391541996	10.650557703052735	2.1301115406105473
4.129999999999956	0.8836642409412179	0.17673284818824359	0.8858030845987359	0.30656795601026715	10.629187817524274	2.125837563504855
4.139999999999956	0.8786015830927469	0.1757203166185494	0.8833501989664275	0.3057190358070096	10.607878392612706	2.1215756785225413
4.149999999999956	0.8735794335009577	0.17471588670019156	0.8809150160036548	0.30487624232797533	10.586629246037733	2.1173258492075466
4.159999999999956	0.8685973770076176	0.17371947540152355	0.8784973901070305	0.30403952518122784	10.56544019578292	2.113088039156584
4.1699999999999555	0.8636550036307824	0.1727310007261565	0.8760971773432139	0.3032088345528176	10.54431106010066	2.1088622120201324
4.179999999999955	0.8587519084889276	0.17175038169778553	0.8737142354268733	0.3023841211991554	10.52324165751704	2.1046483315034084
4.189999999999955	0.8538876917263502	0.17077753834527004	0.8713484236990021	0.3015653364395075	10.502231806836596	2.1004463613673194
4.199999999999955	0.8490619584398276	0.16981239168796552	0.8689996031055763	0.3007524321486091	10.48128132714698	2.096256265429396
4.209999999999955	0.8442743186064986	0.16885486372129974	0.8666676361765508	0.2999453607493954	10.460390037823533	2.0920780075647065
4.2199999999999545	0.839524387012954	0.1679048774025908	0.8643523870051855	0.2991440752058465	10.439557758533757	2.0879115517067515
4.229999999999954	0.834811783185507	0.1669623566371014	0.862053721227695	0.2983485290159445	10.418784309241701	2.0837568618483404
4.239999999999954	0.8301361313216233	0.16602722626432467	0.8597715060032226	0.2975586762047422	10.398069510212252	2.0796139020424507
4.249999999999954	0.8254970602224908	0.16509941204449818	0.8575056099941226	0.29677447131753937	10.377413182015331	2.0754826364030663
4.259999999999954	0.8208942032267043	0.16417884064534086	0.8552559033465555	0.2959958694131672	10.356815145530012	2.0713630291060023
4.269999999999953	0.816327198145048	0.1632654396290096	0.8530222576713832	0.2952228260573756	10.336275221948544	2.0672550443897086
4.279999999999953	0.811795687196352	0.1623591374392704	0.8508045460253634	0.2944552973163254	10.315793232780289	2.0631586465560576
4.289999999999953	0.8072993169444064	0.1614598633888813	0.8486026428926363	0.29369323975018075	10.295368999855569	2.059073799971114
4.299999999999953	0.8028377382359098	0.16056754764718195	0.8464164241664961	0.2929366104068004	10.275002345329453	2.0550004690658907
4.3099999999999525	0.7984106061394346	0.15968212122788694	0.8442457671314495	0.2921853668155287	10.254693091685425	2.050938618337085
4.319999999999952	0.7940175798853921	0.15880351597707842	0.8420905504455473	0.2914394669810801	10.234441061738998	2.0468882123478
4.329999999999952	0.789658322806976	0.1579316645613952	0.8399506541229913	0.2906988693775201	10.214246078641235	2.042849215728247
4.339999999999952	0.7853325022820682	0.15706650045641365	0.8378259595170072	0.2899635329423375	10.19410796588221	2.038821593176442
4.349999999999952	0.7810397896760872	0.15620795793521747	0.8357163493029833	0.2892334170706089	10.174026547294353	2.034805309458871
4.3599999999999515	0.7767798602857665	0.15535597205715332	0.8336217074618639	0.2885084816092513	10.154001647055752	2.0308003294111505
4.369999999999951	0.7725523932838387	0.15451047865676776	0.8315419192638016	0.2877886868513644	10.134033089693379	2.026806617938676
4.379999999999951	0.7683570716646174	0.1536714143329235	0.8294768712520565	0.2870739935306581	10.114120700086222	2.0228241400172444
4.389999999999951	0.7641935821904515	0.15283871643809033	0.8274264512271435	0.2863643628159662	10.094264303468345	2.018852860693669
4.399999999999951	0.7600616153390444	0.15201232306780887	0.825390548231217	0.28565975630584195	10.074463725431901	2.0148927450863803
4.40999999999995	0.7559608652516161	0.15119217305032323	0.823369052532699	0.2849601360232383	10.054718791930046	2.0109437583860093
4.41999999999995	0.7518910296818975	0.15037820593637952	0.8213618556111345	0.28426546441026584	10.035029329279794	2.007005865855959
4.42999999999995	0.7478518099459378	0.14957036198918758	0.8193688501422824	0.2835757043230338	10.015395164164813	2.0030790328329626
4.43999999999995	0.743842910872714	0.1487685821745428	0.8173899299834249	0.2828908190265649	9.995816123638122	1.9991632247276243
4.4499999999999496	0.7398640407555267	0.14797280815110533	0.8154249901589077	0.28221077218979157	9.976292035124757	1.9952584070249515
4.459999999999949	0.7359149113041661	0.14718298226083323	0.8134739268458874	0.28153552788062297	9.956822726424358	1.9913645452848716
4.469999999999949	0.7319952375978382	0.14639904751956764	0.8115366373603051	0.2808650505610908	9.937408025713667	1.9874816051427335
4.479999999999949	0.7281047380388345	0.1456209476077669	0.8096130201430612	0.2801993050825641	9.918047761549014	1.9836095523098027
4.489999999999949	0.724243134306933	0.1448486268613866	0.8077029747464025	0.27953825668103843	9.89874176286868	1.979748352573736
4.4999999999999485	0.7204101513145188	0.14408203026290375	0.8058064018205127	0.2788818709724948	9.879489858995242	1.9758979717990486
4.509999999999948	0.7166055171624094	0.1433211034324819	0.8039232031003019	0.27823011394832764	9.86029187963784	1.972058375927568
4.519999999999948	0.7128289630963726	0.14256579261927452	0.8020532813923948	0.2775829519708415	9.841147654894378	1.9682295309788758
4.529999999999948	0.7090802234643258	0.14181604469286516	0.800196540562313	0.27694035176881476	9.822057015253685	1.9644114030507371
4.539999999999948	0.7053590356742047	0.14107180713484094	0.7983528855218467	0.2763022804331298	9.803019791597592	1.9606039583195185
4.549999999999947	0.7016651401524888	0.14033302803049777	0.7965222222166156	0.27566870541246713	9.784035815202975	1.956807163040595
4.559999999999947	0.6979982803033712	0.13959965606067423	0.7947044576138125	0.27503959450906407	9.765104917743718	1.9530209835487438
4.569999999999947	0.6943582024685633	0.13887164049371267	0.7928994996901302	0.27441491587453604	9.746226931292655	1.9492453862585313
4.579999999999947	0.6907446558877242	0.13814893117754484	0.791107257419869	0.2737946380057611	9.727401688323406	1.9454803376646812
4.589999999999947	0.6871573926594993	0.13743147853189985	0.7893276407632133	0.27317872974082213	9.708629021712209	1.941725804342442
4.599999999999946	0.6835961677031627	0.13671923354063253	0.7875605606546884	0.27256716025501226	9.689908764739679	1.9379817529479357
4.609999999999946	0.6800607387208489	0.13601214774416978	0.7858059289917839	0.2719598990568971	9.671240751092485	1.9342481502184972
4.619999999999946	0.6765508661603681	0.13531017323207362	0.7840636586237437	0.2713569159844355	9.652624814865042	1.9305249629730086
4.629999999999946	0.6730663131785877	0.13461326263571755	0.7823336633405237	0.2707581812011575	9.634060790561083	1.9268121581122166
4.6399999999999455	0.669606845605379	0.1339213691210758	0.7806158578619078	0.27016366519239804	9.615548513095222	1.9231097026190445
4.649999999999945	0.6661722319081128	0.13323444638162257	0.7789101578267871	0.26957333876158585	9.597087817794465	1.919417563558893
4.659999999999945	0.6627622431566969	0.1325524486313394	0.7772164797825944	0.26898717302658753	9.578678540399642	1.9157357080799284
4.669999999999945	0.659376652989145	0.13187533059782902	0.7755347411748915	0.2684051394161033	9.560320517066828	1.9120641034133656
4.679999999999945	0.6560152375776721	0.13120304751553444	0.7738648603371115	0.2678272096661174	9.542013584368714	1.908402716873743
4.689999999999944	0.6526777755952999	0.13053555511905998	0.7722067564804489	0.26725335581639853	9.523757579295893	1.9047515158591786
4.699999999999944	0.6493640481829697	0.12987280963659395	0.7705603496838975	0.2666835502070527	9.50555233925814	1.901110467851628
4.709999999999944	0.6460738389171529	0.12921476778343058	0.7689255608844322	0.2661177654751249	9.487397702085634	1.8974795404171267
4.719999999999944	0.6428069337779476	0.12856138675558954	0.7673023118673357	0.26555597455125113	9.46929350603014	1.8938587012060282
4.729999999999944	0.6395631211176575	0.1279126242235315	0.7656905252566626	0.2649981506563585	9.45123958976614	1.8902479179532279
4.739999999999943	0.6363421916298404	0.1272684383259681	0.7640901245058466	0.2644442672984142	9.43323579239191	1.8866471584783822
4.749999999999943	0.6331439383188233	0.12662878766376467	0.7625010338884365	0.26389429826921945	9.415281953430595	1.883056390686119
4.759999999999943	0.6299681564696706	0.12599363129393412	0.7609231784889732	0.2633482176412519	9.3973779128312	1.87947558256624
4.769999999999943	0.6268146436186028	0.12536292872372057	0.7593564841939945	0.26280599976455293	9.37952351096956	1.8759047021939121
4.7799999999999425	0.6236831995238548	0.12473663990477096	0.7578008776831723	0.2622676192636597	9.36171858864927	1.872343717729854
4.789999999999942	0.6205736261369685	0.12411472522739371	0.756256286420574	0.26173305103458133	9.343962987102564	1.868792597420513
4.799999999999942	0.6174857275745108	0.12349714551490217	0.7547226386460567	0.26120227024182036	9.326256547991175	1.865251309598235
4.809999999999942	0.6144193100902108	0.12288386201804216	0.7531998633667755	0.2606752523154336	9.308599113407132	1.8617198226814264
4.819999999999942	0.6113741820475083	0.12227483640950165	0.7516878903488244	0.2601519729481396	9.290990525873548	1.8581981051747096
4.8299999999999415	0.6083501538925102	0.12167003077850205	0.7501866501089896	0.25963240809246396	9.273430628345338	1.8546861256690677
4.839999999999941	0.6053470381273406	0.12106940762546813	0.7486960739066243	0.259116533957928	9.255919264209933	1.8511838528419866
4.849999999999941	0.6023646492838866	0.12047292985677732	0.7472160937356431	0.2586043270082774	9.238456277287924	1.8476912554575848
4.859999999999941	0.5994028038979279	0.11988056077958559	0.7457466423166237	0.258095763958749	9.221041511833711	1.8442083023667424
4.869999999999941	0.5964613204836446	0.11929226409672894	0.7442876530890309	0.2575908217733797	9.203674812536082	1.8407349625072165
4.87999999999994	0.5935400195084997	0.11870800390169994	0.742839060203544	0.2570894776623509	9.18635602451878	1.837271204903756
4.88999999999994	0.5906387233684847	0.11812774467369694	0.7414007985145006	0.2565917090793733	9.169084993341016	1.8338169986682034
4.89999999999994	0.5877572563637292	0.11755145127274585	0.7399728035724435	0.2560974937191076	9.151861564997972	1.8303723129995946
4.90999999999994	0.5848954446744629	0.11697908893489257	0.7385550116167783	0.25560680951462333	9.134685585921257	1.8269371171842517
4.9199999999999395	0.5820531163373266	0.11641062326746532	0.7371473595685325	0.25511963463489273	9.117556902979333	1.8235113805958667
4.929999999999939	0.5792301012220271	0.11584602024440543	0.7357497850232204	0.25463594748232155	9.10047536347791	1.8200950726955822
4.939999999999939	0.5764262310083275	0.1152852462016655	0.7343622262438104	0.25415572669031505	9.083440815160321	1.8166881630320644
4.949999999999939	0.5736413391633718	0.11472826783267437	0.7329846221537907	0.2536789511208779	9.066453106207835	1.813290621241567
4.959999999999939	0.5708752609193349	0.11417505218386699	0.7316169123303342	0.25320559986224894	9.04951208523999	1.809902417047998
4.9699999999999385	0.5681278332513926	0.11362556665027852	0.7302590369975639	0.25273565222657013	9.032617601314842	1.8065235202629684
4.979999999999938	0.5653988948560101	0.11307977897120203	0.7289109370199108	0.252269087747588	9.015769503929231	1.8031539007858464
4.989999999999938	0.5626882861295389	0.11253765722590779	0.7275725538955705	0.2518058861783888	8.99896764301899	1.799793528603798
4.999999999999938	0.5599958491471209	0.11199916982942418	0.7262438297500472	0.2513460274891643	8.982211868959128	1.7964423737918258
5.009999999999938	0.5573214276418932	0.11146428552837864	0.7249247073297982	0.2508894918650123	8.965502032564011	1.7931004065128022
5.019999999999937	0.554664866984489	0.11093297339689781	0.7236151299959612	0.25043625970376554	8.948837985087481	1.7897675970174962
5.029999999999937	0.5520260141628295	0.1104052028325659	0.7223150417181756	0.2499863116138532	8.932219578222977	1.7864439156445955
5.039999999999937	0.5494047177622019	0.10988094355244038	0.7210243870684911	0.24953962841219313	8.915646664103605	1.783129332820721
5.049999999999937	0.5468008279456217	0.10936016558912434	0.7197431112153635	0.24909619112211348	8.899119095302204	1.779823819060441
5.0599999999999365	0.544214196434469	0.10884283928689381	0.7184711599177346	0.24865598097130398	8.882636724831382	1.7765273449662766
5.069999999999936	0.5416446764894015	0.1083289352978803	0.7172084795191987	0.2482189793897971	8.866199406143506	1.7732398812287014
5.079999999999936	0.5390921228915341	0.10781842457830682	0.7159550169422535	0.24778516800797792	8.849806993130715	1.769961398626143
5.089999999999936	0.5365563919238827	0.10731127838477655	0.714710719682628	0.24735452865462165	8.833459340124833	1.7666918680249666
5.099999999999936	0.5340373413530706	0.10680746827061412	0.7134755358036973	0.24692704335496035	8.81715630189736	1.763431260379472
5.1099999999999355	0.531534830411288	0.1063069660822576	0.7122494139309754	0.2465026943287768	8.80089773365934	1.7601795467318682
5.119999999999935	0.5290487197785069	0.10580974395570138	0.7110323032466851	0.24608146398852557	8.784683491061267	1.7569366982122536
5.129999999999935	0.5265788715649407	0.10531577431298814	0.7098241534844079	0.245663334937481	8.768513430192957	1.7537026860385916
5.139999999999935	0.5241251492937513	0.10482502985875027	0.7086249149238093	0.24524828996791198	8.752387407583392	1.7504774815166784
5.149999999999935	0.5216874178839942	0.10433748357679884	0.7074345383854426	0.24483631205928347	8.73630528020053	1.7472610560401058
5.159999999999934	0.5192655436338013	0.10385310872676026	0.7062529752256219	0.24442738437648218	8.720266905451123	1.7440533810902246
5.169999999999934	0.5168593942037968	0.10337187884075937	0.7050801773313754	0.2440214902680696	8.704272141180496	1.7408544282360994
5.179999999999934	0.5144688386007413	0.10289376772014827	0.7039160971154651	0.24361861326455897	8.688320845672308	1.7376641691344616
5.189999999999934	0.5120937471614035	0.10241874943228071	0.702760687511484	0.243218737076718	8.672412877648288	1.7344825755296576
5.199999999999934	0.5097339915366513	0.10194679830733028	0.7016139019690186	0.2428218455938948	8.656548096267969	1.7313096192535937
5.209999999999933	0.5073894446757653	0.10147788893515307	0.7004756944488871	0.24242792288236995	8.640726361128372	1.7281452722256745
5.219999999999933	0.5050599808109631	0.10101199616219264	0.6993460194184408	0.24203695318373014	8.62494753226371	1.7249895064527418
5.229999999999933	0.5027454754421405	0.10054909508842812	0.6982248318469373	0.2416489209132672	8.609211470145043	1.7218422940290088
5.239999999999933	0.5004458053218179	0.1000891610643636	0.6971120872009797	0.2412638106583993	8.593518035679926	1.7187036071359854
5.2499999999999325	0.4981608484402926	0.09963216968805853	0.6960077414400225	0.24088160717711588	8.577867090212036	1.7155734180424074
5.259999999999932	0.4958904840109955	0.0991780968021991	0.694911751011942	0.24050229539644435	8.562258495520785	1.7124516991041572
5.269999999999932	0.4936345924560449	0.09872691849120899	0.6938240728486714	0.24012586041093972	8.546692113820917	1.7093384227641835
5.279999999999932	0.49139305539199735	0.09827861107839947	0.6927446643619021	0.23975228748119662	8.531167807762081	1.7062335615524162
5.289999999999932	0.4891657556157915	0.09783315112315831	0.6916734834388436	0.23938156203238203	8.515685440428395	1.703137088085679
5.299999999999931	0.4869525770908825	0.0973905154181765	0.6906104884380504	0.23901366965279075	8.50024487533799	1.700048975067598
5.309999999999931	0.48475340493356234	0.09695068098671247	0.6895556381853056	0.23864859609242112	8.484845976442529	1.6969691952885058
5.319999999999931	0.4825681253994669	0.09651362507989339	0.6885088919695694	0.23828632726157245	8.469488608126731	1.6938977216253464
5.329999999999931	0.48039662587026266	0.09607932517405254	0.6874702095389845	0.2379268492294628	8.454172635207875	1.6908345270415752
5.339999999999931	0.4782387948405129	0.09564775896810258	0.6864395510969435	0.23757014822286796	8.438897922935254	1.687779584587051
5.34999999999993	0.47609452190472074	0.09521890438094416	0.685416877298209	0.23721621062477827	8.42366433698967	1.6847328673979343
5.35999999999993	0.47396369774454394	0.0947927395489088	0.6844021492451008	0.2368650229730796	8.408471743482876	1.6816943486965752
5.36999999999993	0.47184621411618316	0.09436924282323664	0.6833953284837304	0.23651657195924977	8.393320008957007	1.6786640017914014
5.37999999999993	0.4697419638379355	0.0939483927675871	0.6823963770002983	0.23617084442707714	8.378209000384022	1.6756418000768045
5.3899999999999295	0.46765084077791647	0.0935301681555833	0.6814052572174449	0.23582782737139787	8.363138585165101	1.6726277170330204
5.399999999999929	0.46557273984194325	0.09311454796838865	0.6804219319906554	0.23548750793685133	8.348108631130042	1.6696217262260085
5.409999999999929	0.4635075569615803	0.09270151139231607	0.6794463646047202	0.23514987341665555	8.33311900653666	1.666623801307332
5.419999999999929	0.46145518908234173	0.09229103781646836	0.6784785187702512	0.2348149112514012	8.318169580070137	1.6636339160140274
5.429999999999929	0.45941553415205144	0.09188310683041029	0.6775183586202443	0.23448260902786192	8.303260220842398	1.6606520441684798
5.4399999999999284	0.45738849110935514	0.09147769822187103	0.6765658487067063	0.23415295447782708	8.288390798391449	1.65767815967829
5.449999999999928	0.45537395987238594	0.0910747919744772	0.6756209539973178	0.23382593547694677	8.273561182680712	1.6547122365361426
5.459999999999928	0.4533718413275767	0.09067436826551534	0.674683639872164	0.23350154004360038	8.258771244098353	1.6517542488196708
5.469999999999928	0.4513820373186212	0.09027640746372424	0.6737538721205021	0.23317975633777785	8.244020853456583	1.6488041706913166
5.479999999999928	0.44940445063557927	0.08988089012711586	0.6728316169375901	0.23286057265998186	8.229309881990968	1.6458619763981936
5.489999999999927	0.44743898500412405	0.08948779700082482	0.6719168409215579	0.23254397745014557	8.214638201359707	1.6429276402719415
5.499999999999927	0.4454855450749311	0.08909710901498623	0.6710095110703301	0.23222995928656692	8.200005683642917	1.6400011367285836
5.509999999999927	0.44354403641320456	0.08870880728264091	0.670109594778596	0.23191850688486046	8.185412201341892	1.6370824402683786
5.519999999999927	0.4416143654883409	0.08832287309766818	0.6692170598348325	0.23160960909692682	8.170857627378375	1.634171525475675
5.5299999999999265	0.4396964396637251	0.08793928793274502	0.6683318744183675	0.23130325490993653	8.156341835093782	1.6312683670187564
5.539999999999926	0.43779016718666286	0.08755803343733258	0.6674540070964939	0.23099943344533086	8.141864698248451	1.6283729396496902
5.549999999999926	0.4358954571784385	0.0871790914356877	0.6665834268216324	0.23069813395784033	8.127426091020869	1.625485218204174
5.559999999999926	0.43401221962450554	0.08680244392490111	0.6657201029285342	0.23039934583451624	8.113025888006886	1.6226051776013772
5.569999999999926	0.43214036536480177	0.08642807307296035	0.6648640051315361	0.23010305859378088	8.098663964218915	1.619732792843783
5.5799999999999255	0.4302798060841902	0.08605596121683805	0.664015103521856	0.22980926188449158	8.084340195085144	1.616868039017029
5.589999999999925	0.42843045430302135	0.08568609086060427	0.6631733685649346	0.22951794548502036	8.070054456448712	1.6140108912897426
5.599999999999925	0.42659222336781943	0.08531844467356389	0.6623387710978221	0.22922909930234997	8.0558066245669	1.61116132491338
5.609999999999925	0.4247650274420858	0.08495300548841717	0.6615112823266079	0.22894271337118388	8.041596576110294	1.608319315222059
5.619999999999925	0.4229487814972204	0.0845897562994441	0.6606908738238919	0.22865877785307148	8.027424188161952	1.6054848376323905
5.629999999999924	0.4211434013035613	0.08422868026071227	0.6598775175263021	0.2283772830355488	8.013289338216563	1.6026578676433125
5.639999999999924	0.4193488034215348	0.08386976068430696	0.6590711857320549	0.22809821933129398	7.999191904179583	1.5998383808359167
5.649999999999924	0.41756490519292255	0.08351298103858451	0.6582718510985514	0.2278215772772957	7.985131764366392	1.5970263528732787
5.659999999999924	0.4157916247322365	0.08315832494644732	0.6574794866400224	0.227547347534038	7.971108797501409	1.5942217595002819
5.6699999999999235	0.41402888091820444	0.08280577618364089	0.6566940657252145	0.2272755208846993	7.957122882717225	1.591424576543445
5.679999999999923	0.4122765933853644	0.08245531867707288	0.6559155620751103	0.22700608823436358	7.943173899553716	1.5886347799107432
5.689999999999923	0.41053468251576386	0.08210693650315277	0.6551439497606957	0.22673904060924768	7.929261727957162	1.5858523455914326
5.699999999999923	0.40880306943076455	0.08176061388615291	0.6543792032007683	0.22647436915594263	7.915386248279338	1.5830772496558678
5.709999999999923	0.407081675982951	0.0814163351965902	0.6536212971597786	0.22621206514066672	7.9015473412766175	1.5803094682553236
5.7199999999999225	0.40537042474814006	0.08107408494962802	0.6528702067457174	0.22595211994853415	7.88774488810906	1.5775489776218121
5.729999999999922	0.4036692390174922	0.08073384780349845	0.6521259074080412	0.22569452508283716	7.873978770339501	1.5747957540679003
5.739999999999922	0.40197804278971966	0.08039560855794393	0.6513883749356347	0.22543927216434084	7.86024886993262	1.572049773986524
5.749999999999922	0.4002967607633949	0.08005935215267898	0.6506575854548116	0.22518635293059122	7.846555069254014	1.5693110138508028
5.759999999999922	0.39862531832935283	0.07972506366587057	0.6499335154273564	0.22493575923523762	7.832897251069269	1.566579450213854
5.769999999999921	0.39696364156319	0.079392728312638	0.6492161416486035	0.22468748304736766	7.819275298543014	1.5638550597086027
5.779999999999921	0.39531165721785555	0.07906233144357111	0.6485054412455508	0.22444151645085456	7.805689095237976	1.5611378190475953
5.789999999999921	0.3936692927163352	0.07873385854326705	0.6478013916750142	0.22419785164371847	7.792138525114031	1.5584277050228064
5.799999999999921	0.3920364761444266	0.07840729522888533	0.6471039707218201	0.22395648093750073	7.77862347252724	1.5557246945054481
5.809999999999921	0.3904131362436034	0.07808262724872068	0.6464131564970312	0.22371739675665	7.765143822228897	1.5530287644457794
5.81999999999992	0.388799202403968	0.0777598404807936	0.6457289274362088	0.22348059163792072	7.751699459364557	1.5503398918729117
5.82999999999992	0.38719460465729194	0.07743892093145839	0.6450512622977176	0.2232460582297866	7.7382902694730635	1.5476580538946128
5.83999999999992	0.38559927367014163	0.07711985473402833	0.6443801401610587	0.2230137892918635	7.724916138485577	1.5449832276971156
5.84999999999992	0.3840131407370893	0.07680262814741787	0.6437155404252431	0.22278377769434662	7.711576952724584	1.5423153905449167
5.8599999999999195	0.3824361377740064	0.0764872275548013	0.6430574428072009	0.22255601641745984	7.698272598902922	1.5396545197805844
5.869999999999919	0.3808681973114412	0.07617363946228825	0.6424058273402233	0.22233049855091677	7.685002964122787	1.5370005928245574
5.879999999999919	0.37930925248807595	0.0758618504976152	0.6417606743724423	0.2221072172933942	7.671767935874732	1.5343535871749465
5.889999999999919	0.37775923704426545	0.0755518474088531	0.641121964565344	0.22188616595201788	7.6585674020366845	1.531713480407337
5.899999999999919	0.37621808531565337	0.07524361706313068	0.6404896788923155	0.22166733794185942	7.645401250872926	1.5290802501745853
5.909999999999918	0.3746857322268675	0.07493714644537351	0.6398637986372322	0.22145072678544767	7.632269371033098	1.5264538742066198
5.919999999999918	0.3731621132852916	0.07463242265705831	0.6392443053930698	0.2212363261122878	7.619171651551193	1.5238343303102386
5.929999999999918	0.37164716457491237	0.07432943291498248	0.6386311810605606	0.22102412965839688	7.606107981844537	1.5212215963689075
5.939999999999918	0.37014082275024274	0.07402816455004856	0.6380244078468753	0.2208141312658472	7.593078251712772	1.5186156503425545
5.949999999999918	0.3686430250303167	0.07372860500606335	0.6374239682643453	0.22060632488232432	7.580082351336841	1.5160164702673684
5.959999999999917	0.3671537091927587	0.07343074183855174	0.6368298451292144	0.2204007045606949	7.567120171277962	1.5134240342555925
5.969999999999917	0.3656728135679239	0.07313456271358479	0.6362420215604253	0.22019726445858695	7.554191602476606	1.5108383204953213
5.979999999999917	0.364200277033109	0.07284005540662179	0.6356604809784404	0.21999599883798132	7.541296536251455	1.508259307250291
5.989999999999917	0.3627360390068339	0.07254720780136678	0.635085207104094	0.2197969020648149	7.528434864298394	1.505686972859679
5.9999999999999165	0.3612800394431905	0.0722560078886381	0.6345161839574803	0.21959996860859543	7.515606478689451	1.5031212957378903
6.009999999999916	0.359832218826261	0.0719664437652522	0.6339533958568699	0.2194051930420267	7.502811271871778	1.5005622543743558
6.019999999999916	0.35839251816460194	0.07167850363292039	0.6333968274176657	0.21921257004064718	7.490049136666601	1.4980098273333202
6.029999999999916	0.3569608789857955	0.0713921757971591	0.6328464635513825	0.21902209438247675	7.477319966268178	1.4954639932536358
6.039999999999916	0.3555372433310641	0.07110744866621282	0.6323022894646703	0.21883376094767876	7.464623654242764	1.492924730848553
6.0499999999999154	0.35412155374995197	0.07082431074999039	0.6317642906583596	0.21864756471822971	7.4519600945275535	1.4903920189055109
6.059999999999915	0.3527137532950672	0.07054275065901344	0.6312324529265446	0.21846350077760174	7.439329181429636	1.4878658362859272
6.069999999999915	0.351313785516889	0.0702627571033778	0.6307067623556996	0.21828156431045698	7.426730809624946	1.4853461619249893
6.079999999999915	0.3499215944586342	0.06998431889172683	0.6301872053238233	0.21810175060235137	7.414164874157206	1.4828329748314413
6.089999999999915	0.3485371246511867	0.06970742493023734	0.6296737684996198	0.2179240550394512	7.401631270436877	1.4803262540873756
6.099999999999914	0.34716032110808626	0.06943206422161725	0.6291664388417065	0.217748473108259	7.389129894240099	1.47782597884802
6.109999999999914	0.34579112932057554	0.06915822586411512	0.6286652035978613	0.2175750003953529	7.376660641707632	1.4753321283415266
6.119999999999914	0.3444294952527077	0.06888589905054154	0.6281700503042927	0.21740363258713416	7.364223409343797	1.4728446818687595
6.129999999999914	0.3430753653365096	0.06861507306730193	0.6276809667849507	0.2172343654695886	7.351818094015415	1.470363618803083
6.1399999999999135	0.34172868646720317	0.06834573729344064	0.6271979411508617	0.21706719492805646	7.339444592950747	1.4678889185901494
6.149999999999913	0.3403894059984828	0.06807788119969656	0.6267209617994997	0.21690211694701467	7.327102803738424	1.465420560747685
6.159999999999913	0.33905747173784784	0.06781149434756957	0.6262500174141907	0.21673912760987085	7.3147926243263885	1.4629585248652779
6.169999999999913	0.3377328319419898	0.06754656638839796	0.6257850969635435	0.21657822309876626	7.302513953020822	1.4605027906041643
6.179999999999913	0.33641543531223367	0.06728308706244673	0.625326189700916	0.21641939969439114	7.290266688485077	1.4580533376970155
6.1899999999999125	0.33510523099003275	0.06702104619800656	0.6248732851639119	0.21626265377581036	7.27805072973862	1.4556101459477242
6.199999999999912	0.33380216855251554	0.06676043371050311	0.6244263731739101	0.21610798182030075	7.2658659761559505	1.4531731952311902
6.209999999999912	0.3325061980080842	0.06650123960161684	0.6239854438356257	0.21595538040319903	7.253712327465527	1.4507424654931054
6.219999999999912	0.3312172697920654	0.06624345395841308	0.6235504875366993	0.21580484619775986	7.241589683748715	1.448317936749743
6.229999999999912	0.32993533476241094	0.06598706695248219	0.6231214949473233	0.21565637597502618	7.2294979454386965	1.4458995890877393
6.239999999999911	0.32866034419544715	0.06573206883908943	0.6226984570198972	0.21550996660371022	7.217437013319406	1.4434874026638813
6.249999999999911	0.32739224978167575	0.06547844995633516	0.6222813649887114	0.21536561505008392	7.205406788524457	1.4410813577048915
6.259999999999911	0.3261310036216213	0.06522620072432427	0.6218702103696718	0.21522331837788364	7.193407172536069	1.4386814345072139
6.269999999999911	0.32487655822172745	0.06497531164434549	0.6214649849600437	0.2150830737482215	7.181438067183991	1.4362876134367983
6.2799999999999105	0.32362886649030037	0.06472577329806008	0.6210656808382407	0.21494487841951243	7.169499374644434	1.433899874928887
6.28999999999991	0.3223878817334987	0.06447757634669975	0.6206722903636328	0.21480872974740767	7.157590997438986	1.4315181994877975
6.29999999999991	0.3211535576513694	0.06423071153027388	0.6202848061763987	0.2146746251847435	7.14571283843355	1.42914256768671
6.30999999999991	0.3199258483339297	0.06398516966678594	0.6199032211973982	0.21454256228149748	7.133864800837259	1.426772960167452
6.31999999999991	0.3187047082572929	0.06374094165145859	0.6195275286280886	0.2144125386847591	7.122046788201408	1.4244093576402816
6.3299999999999095	0.31749009227984015	0.06349801845596803	0.6191577219504604	0.21428455213870773	7.110258704418377	1.4220517408836755
6.339999999999909	0.31628195563843325	0.06325639112768665	0.6187937949270174	0.21415860048460575	7.098500453720554	1.4197000907441109
6.349999999999909	0.31508025394467387	0.06301605078893478	0.6184357416007812	0.2140346816608001	7.086771940679268	1.4173543881358537
6.359999999999909	0.31388494318120247	0.0627769886362405	0.618083556295331	0.2139127937027359	7.075073070203703	1.4150146140407407
6.369999999999909	0.31269597969804136	0.06253919593960827	0.6177372336148749	0.21379293474298128	7.063403747539836	1.4126807495079674
6.379999999999908	0.3115133202089775	0.0623026640417955	0.6173967684443553	0.21367510301126388	7.051763878269357	1.4103527756538714
6.389999999999908	0.31033692178798833	0.06206738435759767	0.6170621559495867	0.21355929683451846	7.0401533683085935	1.4080306736617187
6.399999999999908	0.30916674186570586	0.061833348373141174	0.6167333915774236	0.21344551463694492	7.02857212390744	1.4057144247814881
6.409999999999908	0.30800273822592245	0.061600547645184495	0.6164104710559654	0.2133337549400795	7.017020051648291	1.4034040103296581
6.419999999999908	0.30684486900213515	0.06136897380042703	0.6160933903947934	0.21322401636287652	7.005497058444959	1.4010994116889919
6.429999999999907	0.30569309267412864	0.06113861853482573	0.6157821458852387	0.2131162976218012	6.994003051541607	1.3988006103083215
6.439999999999907	0.30454736806459803	0.06090947361291961	0.6154767341006862	0.21301059753093493	6.9825379385116815	1.3965075877023363
6.449999999999907	0.30340765433580746	0.06068153086716149	0.6151771518969108	0.21290691500209155	6.971101627256839	1.3942203254513679
6.459999999999907	0.30227391098628886	0.06045478219725778	0.6148833964124485	0.21280524904494577	6.959694026005873	1.3919388052011747
6.4699999999999065	0.30114609784757446	0.060229219569514894	0.6145954650690005	0.21270559876717313	6.948315043313652	1.3896630086627306
6.479999999999906	0.30002417508096885	0.060004835016193775	0.6143133555718736	0.21260796337460228	6.936964588060047	1.3873929176120094
6.489999999999906	0.2989081031743552	0.05978162063487104	0.61403706591045	0.21251234217137766	6.925642569448865	1.385128513889773
6.499999999999906	0.2977978429390376	0.059559568587807525	0.6137665943586975	0.2124187345601361	6.914348897006785	1.3828697794013571
6.509999999999906	0.296693355506619	0.059338671101323806	0.613501939475711	0.21232714004219413	6.903083480582291	1.3806166961164583
6.519999999999905	0.29559460232591317	0.059118920465182634	0.6132431001062895	0.2122375582177478	6.8918462303446075	1.3783692460689216
6.529999999999905	0.29450154515989085	0.058900309031978175	0.6129900753815504	0.21214998878608518	6.8806370567826365	1.3761274113565274
6.539999999999905	0.2934141460826609	0.05868282921653219	0.6127428647195772	0.2120644315458105	6.869455870703899	1.3738911741407798
6.549999999999905	0.2923323674764834	0.058466473495296684	0.6125014678261003	0.21198088639507986	6.858302583233465	1.371660516646693
6.559999999999905	0.29125617202881676	0.05825123440576335	0.6122658846952216	0.21189935333185206	6.847177105812906	1.3694354211625814
6.569999999999904	0.29018552272939707	0.05803710454587942	0.6120361156101667	0.21181983245414873	6.836079350199226	1.3672158700398453
6.579999999999904	0.2891203828673492	0.05782407657346984	0.6118121611440812	0.21174232396033002	6.8250092284638075	1.3650018456927615
6.589999999999904	0.2880607160283306	0.05761214320566613	0.6115940221608562	0.21166682814938043	6.8139666529913585	1.3627933305982718
6.599999999999904	0.2870064860917059	0.05740129721834119	0.6113816998159969	0.21159334542120917	6.802951536478853	1.3605903072957706
6.6099999999999035	0.28595765722775235	0.057191531445550475	0.6111751955575274	0.21152187627696353	6.791963791934481	1.3583927583868962
6.619999999999903	0.2849141938948963	0.056982838778979264	0.6109745111269298	0.2114524213193538	6.781003332676595	1.356200666535319
6.629999999999903	0.28387606083697947	0.056775212167395894	0.6107796485601268	0.21138498125299324	6.770070072332659	1.3540140144665318
6.639999999999903	0.2828432230805558	0.05656864461611116	0.6105906101884963	0.21131955688474943	6.759163924838198	1.3518327849676397
6.649999999999903	0.2818156459322171	0.05636312918644342	0.6104073986399307	0.21125614912411078	6.748284804435759	1.3496569608871518
6.659999999999902	0.28079329497594735	0.05615865899518947	0.6102300168399332	0.21119475898356582	6.737432625673849	1.3474865251347699
6.669999999999902	0.2797761360705078	0.05595522721410156	0.6100584680127492	0.21113538757899508	6.726607303405909	1.3453214606811819
6.679999999999902	0.2787641353468478	0.055752827069369564	0.609892755682546	0.21107803613007894	6.715808752789253	1.3431617505578508
6.689999999999902	0.277757259205546	0.055551451841109205	0.6097328836746233	0.2110227059607171	6.705036889284044	1.341007377856809
6.699999999999902	0.2767554743142777	0.05535109486285555	0.6095788561166715	0.21096939849946353	6.694291628652238	1.3388583257304476
6.709999999999901	0.27575874760531016	0.055151749521062034	0.6094306774400695	0.210918115279976	6.683572886956559	1.3367145773913118
6.719999999999901	0.27476704627302545	0.054953409254605096	0.6092883523812198	0.21086885794147808	6.672880580559456	1.3345761161118912
6.729999999999901	0.27378033777146915	0.05475606755429383	0.6091518859829285	0.21082162822923659	6.6622146261220685	1.3324429252244139
6.739999999999901	0.2727985898119256	0.054559717962385124	0.6090212835958302	0.2107764279950548	6.6515749406032025	1.3303149881206406
6.7499999999999005	0.27182177036052013	0.05436435407210403	0.6088965508798494	0.21073325919777844	6.640961441258281	1.3281922882516564
6.7599999999999	0.2708498476358457	0.05416996952716914	0.6087776938057092	0.21069212390381745	6.630374045638337	1.3260748091276675
6.7699999999999	0.2698827901066157	0.053976558021323146	0.6086647186564859	0.21065302428768432	6.619812671588972	1.3239625343177943
6.7799999999999	0.26892056648934204	0.05378411329786841	0.6085576320291983	0.21061596263254403	6.609277237249331	1.3218554474498663
6.7899999999999	0.26796314574603786	0.05359262914920757	0.6084564408364542	0.2105809413307839	6.598767661051091	1.3197535322102183
6.7999999999998995	0.26701049708194424	0.05340209941638885	0.6083611523081318	0.21054796288459543	6.588283861717421	1.3176567723434842
6.809999999999899	0.2660625899432822	0.05321251798865644	0.6082717739931112	0.21051702990657364	6.577825758261984	1.3155651516523967
6.819999999999899	0.2651193940150276	0.05302387880300552	0.6081883137610525	0.2104881451203325	6.567393269987897	1.3134786539975796
6.829999999999899	0.2641808792187105	0.052836175843742096	0.60811077980422	0.21046131136113613	6.556986316486735	1.311397263297347
6.839999999999899	0.26324701571023734	0.05264940314204747	0.6080391806393503	0.2104365315765454	6.546604817637507	1.3093209635275016
6.849999999999898	0.26231777387773636	0.052463554775547275	0.6079735251095751	0.2104138088270835	6.536248693605646	1.3072497387211293
6.859999999999898	0.26139312433942596	0.0522786248678852	0.6079138223863867	0.21039314628691586	6.525917864842	1.3051835729684003
6.869999999999898	0.2604730379415055	0.0520946075883011	0.6078600819716541	0.21037454724454835	6.51561225208183	1.303122450416366
6.879999999999898	0.25955748575606824	0.051911497151213654	0.6078123136996901	0.21035801510354238	6.505331776343793	1.3010663552687587
6.8899999999998975	0.2586464390790367	0.05172928781580735	0.6077705277393685	0.21034355338324756	6.495076358928953	1.2990152717857908
6.899999999999897	0.25773986942811894	0.05154797388562379	0.6077347345962879	0.210331165719551	6.48484592141977	1.2969691842839541
6.909999999999897	0.2568377485407873	0.05136754970815746	0.607704945114996	0.21032085586564658	6.4746403856791055	1.2949280771358211
6.919999999999897	0.2559400483722777	0.05118800967445554	0.6076811704812585	0.2103126276928207	6.464459673849226	1.2928919347698453
6.929999999999897	0.2550467410936101	0.05100934821872202	0.6076634222243835	0.21030648519125628	6.4543037083508095	1.290860741670162
6.9399999999998965	0.2541577990896298	0.05083155981792597	0.607651712219599	0.21030243247085595	6.444172411881952	1.2888344823763904
6.949999999999896	0.25327319495706896	0.05065463899141379	0.6076460526904892	0.21030047376208494	6.434065707417175	1.2868131414834352
6.959999999999896	0.25239290150262855	0.05047858030052571	0.607646456211478	0.21030061341683087	6.423983518206445	1.284796703641289
6.969999999999896	0.2515168917410803	0.050303378348216056	0.6076529357103767	0.21030285590928535	6.4139257677741845	1.282785153554837
6.979999999999896	0.25064513889338824	0.05012902777867765	0.6076655044709829	0.21030720583684331	6.403892379918288	1.2807784759836576
6.989999999999895	0.24977761638485	0.049955523276970004	0.6076841761357389	0.21031366792102327	6.3938832787091435	1.2787766557418287
6.999999999999895	0.24891429784325733	0.04978285956865147	0.6077089647084498	0.21032224700840796	6.383898388488652	1.2767796776977305
7.009999999999895	0.24805515709707548	0.0496110314194151	0.6077398845570585	0.21033294807160466	6.373937633869256	1.2747875267738513
7.019999999999895	0.24720016817364168	0.04944003363472834	0.6077769504164842	0.21034577621022763	6.364000939732964	1.2728001879465929
7.0299999999998946	0.2463493052973822	0.04926986105947644	0.6078201773915148	0.21036073665189922	6.354088231230373	1.2708176462460745
7.039999999999894	0.24550254288804768	0.04910050857760954	0.6078695809597738	0.2103778347532765	6.344199433779711	1.2688398867559423
7.049999999999894	0.24465985555896688	0.04893197111179338	0.6079251769747356	0.21039707600109497	6.334334473065862	1.2668668946131725
7.059999999999894	0.24382121811531834	0.04876424362306367	0.6079869816688148	0.2104184660132378	6.324493275039411	1.2648986550078822
7.069999999999894	0.24298660555241972	0.04859732111048395	0.6080550116565149	0.21044201053982528	6.314675765915672	1.2629351531831343
7.0799999999998935	0.2421559930540343	0.04843119861080686	0.6081292839376489	0.2104677154643298	6.3048818721737305	1.2609763744347462
7.089999999999893	0.2413293559906962	0.04826587119813924	0.6082098159006176	0.21049558680471014	6.295111520555501	1.2590223041111004
7.099999999999893	0.24050666991805092	0.04810133398361019	0.6082966253257651	0.21052563071457298	6.285364638064754	1.2570729276129509
7.109999999999893	0.23968791057521446	0.0479375821150429	0.6083897303887958	0.21055785348435535	6.275641151966176	1.2551282303932352
7.119999999999893	0.23887305388314825	0.04777461077662965	0.608489149664265	0.21059226154253277	6.265940989784417	1.2531881979568835
7.129999999999892	0.23806207594305084	0.047612415188610174	0.6085949021291427	0.21062886145685264	6.2562640793031425	1.2512528158606286
7.139999999999892	0.2372549530347661	0.04745099060695322	0.6087070071664424	0.21066765993559017	6.246610348564095	1.2493220697128191
7.149999999999892	0.23645166161520767	0.047290332323041535	0.6088254845689316	0.21070866382883238	6.236979725866147	1.2473959451732295
7.159999999999892	0.2356521783167993	0.047130435663359865	0.6089503545429122	0.2107518801297867	6.227372139764357	1.2454744279528716
7.169999999999892	0.23485647994593084	0.046971295989186174	0.6090816377120774	0.21079731597611562	6.217787519069052	1.2435575038138105
7.179999999999891	0.23406454348143027	0.04681290869628606	0.6092193551214461	0.21084497865129848	6.208225792844871	1.2416451585689743
7.189999999999891	0.23327634607305084	0.04665526921461017	0.609363528241373	0.21089487558601916	6.19868689040985	1.23973737808197
7.199999999999891	0.23249186503997374	0.04649837300799475	0.6095141789716465	0.21094701435958454	6.189170741334483	1.2378341482668969
7.209999999999891	0.23171107786932552	0.04634221557386511	0.6096713296456568	0.21100140270136686	6.179677275440801	1.2359354550881603
7.2199999999998905	0.23093396221471105	0.046186792442942215	0.609835003034652	0.21105804849227675	6.170206422801449	1.23404128456029
7.22999999999989	0.23016049589476067	0.04603209917895214	0.6100052223520802	0.21111695976626613	6.160758113738763	1.2321516227477527
7.23999999999989	0.22939065689169205	0.04587813137833841	0.6101820112580112	0.2111781447118583	6.151332278823848	1.2302664557647696
7.24999999999989	0.22862442334988703	0.04572488466997741	0.6103653938636477	0.21124161167370942	6.1419288488756685	1.2283857697751337
7.25999999999989	0.2278617735744817	0.045572354714896346	0.6105553947359262	0.21130736915420065	6.132547754960135	1.2265095509920272
7.269999999999889	0.22710268602997172	0.045420537205994344	0.6107520389022039	0.21137542581506044	6.1231889283891885	1.2246377856778379
7.279999999999889	0.2263471393388306	0.045269427867766124	0.6109553518550396	0.21144579047901899	6.113852300719895	1.222770460143979
7.289999999999889	0.2255951122801425	0.0451190224560285	0.6111653595570654	0.21151847213149444	6.104537803753539	1.2209075607507078
7.299999999999889	0.22484658378824854	0.04496931675764971	0.6113820884459558	0.21159347992231242	6.095245369534727	1.2190490739069455
7.309999999999889	0.2241015329514058	0.04482030659028116	0.6116055654394906	0.21167082316745853	6.085974930350476	1.2171949860700952
7.319999999999888	0.22335993901046095	0.044671987802092195	0.6118358179407134	0.2117505113508634	6.076726418729328	1.2153452837458658
7.329999999999888	0.222621781357536	0.0445243562715072	0.6120728738431964	0.21183255412622504	6.067499767440449	1.21349995348809
7.339999999999888	0.22188703953472752	0.044377407906945505	0.6123167615364006	0.21191696131886373	6.0582949094927345	1.211658981898547
7.349999999999888	0.22115569323281892	0.044231138646563785	0.6125675099111403	0.21200374292761334	6.049111778133925	1.209822355626785
7.3599999999998875	0.2204277222900049	0.04408554445800098	0.6128251483651569	0.21209290912675036	6.039950306849722	1.2079900613699444
7.369999999999887	0.21970310669062917	0.04394062133812584	0.6130897068087917	0.21218447026795717	6.030810429362891	1.2061620858725783
7.379999999999887	0.21898182656393397	0.0437963653127868	0.6133612156707773	0.21227843688232642	6.021692079632391	1.2043384159264783
7.389999999999887	0.2182638621828226	0.04365277243656452	0.613639705904132	0.21237481968240107	6.0125951918525	1.2025190383705002
7.399999999999887	0.2175491939626333	0.043509838792526664	0.6139252089921725	0.21247362956425517	6.003519700451924	1.200703940090385
7.4099999999998865	0.2168378024599262	0.043367560491985244	0.6142177569546381	0.21257487760961358	5.994465540092937	1.1988931080185876
7.419999999999886	0.21612966837128111	0.04322593367425623	0.6145173823539355	0.21267857508801302	5.985432645670501	1.1970865291341004
7.429999999999886	0.2154247725321079	0.04308495450642158	0.6148241183015006	0.21278473345900417	5.976420952311404	1.1952841904622808
7.439999999999886	0.2147230959154681	0.04294461918309362	0.6151379984642835	0.2128933643743956	5.967430395373393	1.1934860790746786
7.449999999999886	0.21402461963090832	0.04280492392618167	0.6154590570713576	0.21300447968054154	5.95846091044431	1.191692182088862
7.459999999999885	0.21332932492330448	0.0426658649846609	0.6157873289206556	0.2131180914206729	5.949512433341235	1.189902486668247
7.469999999999885	0.21263719317171828	0.04252743863434366	0.6161228493858315	0.21323421183727226	5.9405849001096245	1.188116980021925
7.479999999999885	0.2119482058882638	0.04238964117765276	0.6164656544232598	0.2133528533744961	5.93167824702246	1.186335649404492
7.489999999999885	0.21126234471698574	0.04225246894339715	0.6168157805791619	0.2134740286806413	5.922792410579398	1.1845584821158797
7.4999999999998845	0.21057959143274843	0.04211591828654969	0.6171732649968745	0.21359775061066072	5.913927327505914	1.182785465501183
