0	-178.45	7.	-339.06	7.	21.64	1.2088127858613378
0.01	-176.6770759469816	6.466666666666667	-335.69131352499863	6.683333333333334	21.614845506620792	1.2074076530878328
0.02	-174.92691302216988	5.933333333333334	-332.3657127731977	6.366666666666666	21.589231536087933	1.2059768538698663
0.03	-173.1989455101258	5.4	-329.0821246576481	6.05	21.563160746968077	1.2045205367152645
0.04	-171.49263378841192	4.866666666666666	-325.8395257726177	5.733333333333333	21.536635842681985	1.2030388526374098
0.05	-169.80746295463106	4.333333333333333	-322.63693978184773	5.416666666666666	21.50965957063128	1.2015319551064596
0.060000000000000005	-168.14294152853157	3.8	-319.4734349492833	5.1	21.482234721315045	1.2
0.07	-166.49860022452137	3.6059701492537313	-316.3481218034422	4.756716417910447	21.4543641274371	1.1552238805970148
0.08	-164.8739907902799	3.4119402985074627	-313.2601509272408	4.413432835820895	21.42605066300408	1.1104477611940298
0.09	-163.2686849074699	3.217910447761194	-310.2087108656962	4.070149253731343	21.39729724241503	1.0656716417910448
0.09999999999999999	-161.6822731508422	3.0238805970149256	-307.1930261444736	3.726865671641791	21.368106819542835	1.0208955223880598
0.10999999999999999	-160.11436400229059	2.829850746268657	-304.2123553927465	3.383582089552239	21.338482386808067	0.9761194029850747
0.11999999999999998	-158.56458291665632	2.6358208955223885	-301.26598956430433	3.040298507462687	21.308426974245553	0.9313432835820896
0.12999999999999998	-157.032571436307	2.647945205479451	-298.3532502512643	2.9726027397260264	21.2779436485644	0.9123287671232876
0.13999999999999999	-155.51798635171647	3.141095890410958	-295.4734880851313	3.547945205479451	21.247035512201577	0.9534246575342465
0.15	-154.0204989054647	3.634246575342465	-292.62608122030923	4.123287671232877	21.215705702369906	0.9945205479452055
0.16	-152.53979403724622	4.127397260273972	-289.81043389549893	4.698630136986301	21.18395739010062	1.0356164383561643
0.17	-151.07556966763866	4.620547945205479	-287.0259750687156	5.273972602739726	21.151793779281153	1.0767123287671232
0.18000000000000002	-149.62753601852742	5.1136986301369864	-284.272157121943	5.849315068493151	21.11921810568848	1.1178082191780823
0.19000000000000003	-148.19541496822083	5.6068493150684935	-281.5484546316955	6.424657534246577	21.086233636018633	1.158904109589041
0.20000000000000004	-146.77893943941194	6.1	-278.85436320199807	7.	21.05284366691266	1.1999999999999997
0.21000000000000005	-145.37785281826228	5.929999999999999	-276.18939835651497	6.97	21.019051523979606	1.1599999999999997
0.22000000000000006	-143.99190840298698	5.759999999999999	-273.5530944867561	6.9399999999999995	20.984860560817	1.1199999999999997
0.23000000000000007	-142.62086888042106	5.589999999999999	-270.9450038534825	6.91	20.950274158029117	1.0799999999999996
0.24000000000000007	-141.2645058291371	5.419999999999998	-268.3646956386017	6.88	20.915295722243716	1.0399999999999996
0.25000000000000006	-139.9225992477696	5.249999999999999	-265.8117550450057	6.85	20.879928685127446	0.9999999999999998
0.26000000000000006	-138.59493710727983	5.079999999999999	-263.2857824419544	6.82	20.844176502400547	0.9599999999999997
0.2700000000000001	-137.28131492596825	4.909999999999998	-260.7863925537413	6.79	20.808042652851157	0.9199999999999997
0.2800000000000001	-135.98153536610758	4.739999999999998	-258.31321368951143	6.76	20.771530637349727	0.8799999999999997
0.2900000000000001	-134.69540785113495	4.5699999999999985	-255.86588701221626	6.7299999999999995	20.73464397786394	0.8399999999999996
0.3000000000000001	-133.42274820239786	4.4	-253.44406584480305	6.699999999999999	20.697386216474523	0.7999999999999999
0.3100000000000001	-132.1633782945036	4.37	-251.04741501183886	6.6499999999999995	20.659760914392418	0.7899999999999999
0.3200000000000001	-130.91712572837434	4.34	-248.67561021486586	6.6	20.62177165097771	0.7799999999999999
0.3300000000000001	-129.68382352115432	4.31	-246.3283374398722	6.55	20.583422022760644	0.7699999999999999
0.34000000000000014	-128.4633098121628	4.279999999999999	-244.00529239534904	6.499999999999999	20.544715642465235	0.7599999999999999
0.35000000000000014	-127.25542758412584	4.25	-241.7061799794809	6.449999999999999	20.50565613803578	0.7499999999999999
0.36000000000000015	-126.06002439895938	4.22	-239.4307137750898	6.3999999999999995	20.46624715166666	0.7399999999999999
0.37000000000000016	-124.87695214741257	4.1899999999999995	-237.17861557102177	6.35	20.426492338835846	0.7299999999999999
0.38000000000000017	-123.70606681191401	4.159999999999999	-234.9496149087303	6.3	20.386395367342487	0.7199999999999999
0.3900000000000002	-122.54722824199534	4.129999999999999	-232.74344865287014	6.249999999999999	20.345959916348807	0.7099999999999999
0.4000000000000002	-121.40029994169714	4.1	-230.5598605847703	6.199999999999999	20.305189675426902	0.7000000000000004
0.4100000000000002	-120.26514886838991	4.092	-228.39860101771208	6.167999999999999	20.26408834361056	0.7240000000000004
0.4200000000000002	-119.14164524246993	4.084	-226.2594264329858	6.135999999999999	20.222659628452565	0.7480000000000004
0.4300000000000002	-118.02966236741446	4.076	-224.14209913574564	6.103999999999999	20.18090724508777	0.7720000000000005
0.4400000000000002	-116.9290764597049	4.068	-222.04638692973185	6.071999999999999	20.13883491530228	0.7960000000000005
0.45000000000000023	-115.8397664881487	4.06	-219.9720628099658	6.039999999999999	20.09644636660913	0.8200000000000005
0.46000000000000024	-114.76161402215199	4.052	-217.9189046725689	6.007999999999999	20.053745331330543	0.8440000000000005
0.47000000000000025	-113.69450308851525	4.044	-215.88669504089023	5.975999999999999	20.010735545687425	0.8680000000000005
0.48000000000000026	-112.63832003634323	4.036	-213.8752208071655	5.943999999999999	19.967420748895975	0.8920000000000006
0.49000000000000027	-111.59295340967844	4.028	-211.88427298896482	5.911999999999999	19.923804682272085	0.9160000000000006
0.5000000000000002	-110.55829382748456	4.02	-209.91364649971726	5.879999999999999	19.87989108834353	0.9400000000000005
0.5100000000000002	-109.53423387062315	4.012	-207.96313993263288	5.847999999999999	19.835683709970333	0.9640000000000005
0.5200000000000002	-108.5206679754817	4.004	-206.032555357371	5.815999999999999	19.79118628947357	0.9880000000000005
0.5300000000000002	-107.51749233392663	3.996	-204.121698128833	5.779999999999999	19.74640256777279	1.0080000000000005
0.5400000000000003	-106.52460479926856	3.988	-202.23037670748255	5.739999999999998	19.70133628353243	1.0240000000000005
0.5500000000000003	-105.54190479794136	3.98	-200.35840249062394	5.699999999999999	19.655991172317304	1.0400000000000005
0.5600000000000003	-104.56929324660811	3.972	-198.50558965409277	5.659999999999998	19.610370965757483	1.0560000000000005
0.5700000000000003	-103.60667247442125	3.964	-196.67175500383567	5.619999999999999	19.56447939072281	1.0720000000000005
0.5800000000000003	-102.65394615017414	3.956	-194.85671783687903	5.579999999999998	19.51832016850714	1.0880000000000005
0.5900000000000003	-101.71101921409452	3.9479999999999995	-193.0602998112094	5.539999999999999	19.471897014022684	1.1040000000000005
0.6000000000000003	-100.77779781403916	3.9399999999999995	-191.282324824105	5.499999999999998	19.42521363500446	1.1200000000000006
0.6100000000000003	-99.85418924586111	3.9319999999999995	-189.52261889848182	5.459999999999999	19.3782737312252	1.1360000000000003
0.6200000000000003	-98.94010189772975	3.9239999999999995	-187.78101007683384	5.419999999999998	19.331080993720796	1.1520000000000004
0.6300000000000003	-98.03544519819441	3.9159999999999995	-186.0573283223655	5.379999999999999	19.283639104026456	1.1680000000000004
0.6400000000000003	-97.14012956779045	3.9079999999999995	-184.35140542693324	5.339999999999998	19.235951733423814	1.1840000000000004
0.6500000000000004	-96.25406637399624	3.8999999999999986	-182.66307492542748	5.299999999999998	19.18802254219906	1.1999999999999993
0.6600000000000004	-95.37716788935784	3.8599999999999985	-180.99217201624512	5.249999999999998	19.139855178912267	1.1799999999999993
0.6700000000000004	-94.509347252606	3.8199999999999985	-179.33853348751532	5.199999999999998	19.09145327967807	1.1599999999999993
0.6800000000000004	-93.65051843259823	3.7799999999999985	-177.70199764875852	5.149999999999998	19.04282046745782	1.1399999999999992
0.6900000000000004	-92.80059619492616	3.7399999999999984	-176.08240426767125	5.099999999999998	18.993960351363295	1.1199999999999992
0.7000000000000004	-91.95949607103532	3.6999999999999984	-174.47959451174412	5.049999999999998	18.944876525972223	1.0999999999999992
0.7100000000000004	-91.12713432971198	3.6599999999999984	-172.89341089443343	4.999999999999998	18.8955725706555	1.0799999999999992
0.7200000000000004	-90.30342795079775	3.6199999999999983	-171.32369722561785	4.9499999999999975	18.846052048916444	1.0599999999999992
0.7300000000000004	-89.48829460099954	3.5799999999999983	-169.77029856608786	4.899999999999998	18.79631850774199	1.0399999999999991
0.7400000000000004	-88.68165261166816	3.5399999999999983	-168.23306118582192	4.849999999999998	18.74637547696609	1.0199999999999991
0.7500000000000004	-87.88342095842563	3.4999999999999996	-166.71183252582006	4.799999999999999	18.696226468645204	1.0000000000000007
0.7600000000000005	-87.09351924252557	3.493333333333333	-165.2064611632722	4.773333333333332	18.64587497644615	1.0133333333333339
0.7700000000000005	-86.31186767383836	3.4866666666666664	-163.71679677985165	4.746666666666665	18.59532447504625	1.0266666666666673
0.7800000000000005	-85.53838705535598	3.4799999999999995	-162.2426901329337	4.719999999999999	18.54457841954594	1.0400000000000007
0.7900000000000005	-84.77299876911825	3.473333333333333	-160.783993029547	4.6933333333333325	18.493640244893726	1.053333333333334
0.8000000000000005	-84.01562476346619	3.4666666666666663	-159.3405583028788	4.666666666666665	18.442513365323837	1.0666666666666673
0.8100000000000005	-83.26618754153289	3.4599999999999995	-157.91223979115918	4.639999999999999	18.39120117380629	1.0800000000000007
0.8200000000000005	-82.52461015088693	3.453333333333333	-156.49889231876182	4.613333333333332	18.33970704150964	1.093333333333334
0.8300000000000005	-81.79081617424792	3.4466666666666663	-155.1003716793653	4.586666666666665	18.288034317276352	1.1066666666666674
0.8400000000000005	-81.06472972119732	3.4399999999999995	-153.71653462102765	4.559999999999999	18.236186327110886	1.1200000000000006
0.8500000000000005	-80.34627542081218	3.433333333333333	-152.34723883303292	4.533333333333332	18.184166373680437	1.133333333333334
0.8600000000000005	-79.63537841515297	3.4266666666666663	-150.9923429343785	4.506666666666666	18.131977735828404	1.1466666666666674
0.8700000000000006	-78.93196435354037	3.4199999999999995	-149.65170646377643	4.479999999999999	18.079623668100695	1.1600000000000006
0.8800000000000006	-78.23595938755939	3.413333333333333	-148.3251898710497	4.453333333333332	18.027107400284653	1.173333333333334
0.8900000000000006	-77.54729016673264	3.4066666666666663	-147.0126545098118	4.426666666666666	17.97443213696086	1.1866666666666674
0.9000000000000006	-76.86588383480743	3.399999999999999	-145.71396263132166	4.399999999999999	17.92160105706768	1.1999999999999995
0.9100000000000006	-76.19166802660521	3.383999999999999	-144.42897737941507	4.375999999999999	17.868617313478577	1.1919999999999995
0.9200000000000006	-75.52457086538372	3.367999999999999	-143.15756278641624	4.3519999999999985	17.815484032592224	1.1839999999999995
0.9300000000000006	-74.86452096066593	3.351999999999999	-141.89958376994124	4.3279999999999985	17.762204313935406	1.1759999999999995
0.9400000000000006	-74.21144740649234	3.335999999999999	-140.65490613050818	4.3039999999999985	17.708781229778634	1.1679999999999995
0.9500000000000006	-73.56527978005525	3.319999999999999	-139.42339654987572	4.2799999999999985	17.655217824764623	1.1599999999999995
0.9600000000000006	-72.92594814067694	3.303999999999999	-138.20492259003427	4.2559999999999985	17.601517115549424	1.1519999999999995
0.9700000000000006	-72.29338302909507	3.287999999999999	-136.99935269278106	4.231999999999998	17.54768209045638	1.1439999999999995
0.9800000000000006	-71.66751546702218	3.271999999999999	-135.80655617981202	4.207999999999998	17.49371570914275	1.1359999999999995
0.9900000000000007	-71.04827695694614	3.255999999999999	-134.62640325327055	4.183999999999998	17.439620902279078	1.1279999999999994
1.0000000000000007	-70.43559948214337	3.239999999999999	-133.45876499669356	4.159999999999998	17.385400571241274	1.1199999999999994
1.0100000000000007	-69.82941550687575	3.223999999999999	-132.30351337630265	4.135999999999998	17.331057587815327	1.1119999999999994
1.0200000000000007	-69.22965797674573	3.207999999999999	-131.16052124258883	4.111999999999998	17.276594793914718	1.1039999999999994
1.0300000000000007	-68.63626031918535	3.191999999999999	-130.0296623321446	4.087999999999998	17.222015001310485	1.0959999999999994
1.0400000000000007	-68.04915644405688	3.175999999999999	-128.9108112696991	4.063999999999998	17.167320991373877	1.0879999999999994
1.0500000000000007	-67.46828074434315	3.159999999999999	-127.80384357031639	4.039999999999998	17.112515514831653	1.0799999999999994
1.0600000000000007	-66.89356809690948	3.143999999999999	-126.70863564171802	4.015999999999998	17.057601291533942	1.0719999999999994
1.0700000000000007	-66.3249538633179	3.127999999999999	-125.62506478669633	3.991999999999998	17.002581010234707	1.0639999999999994
1.0800000000000007	-65.7623738906779	3.1119999999999988	-124.55300920558501	3.967999999999998	16.947457328384726	1.0559999999999994
1.0900000000000007	-65.20576451251756	3.0959999999999988	-123.4923479987578	3.943999999999998	16.892232871937175	1.0479999999999994
1.1000000000000008	-64.65506254966142	3.0799999999999987	-122.44296116912717	3.919999999999998	16.83691023516569	1.0399999999999994
1.1100000000000008	-64.11020531110191	3.0639999999999987	-121.40472962461884	3.8959999999999977	16.781491980494955	1.0319999999999994
1.1200000000000008	-63.571130594852285	3.0479999999999987	-120.37753518059783	3.8719999999999977	16.72598063834386	1.0239999999999994
1.1300000000000008	-63.03777668877025	3.0319999999999987	-119.36126056222577	3.8479999999999976	16.67037870698107	1.0159999999999993
1.1400000000000008	-62.5100823713423	3.0159999999999987	-118.3557894067298	3.8239999999999976	16.614688652393173	1.0079999999999993
1.1500000000000008	-61.9879869124199	2.999999999999999	-117.36100626556603	3.7999999999999985	16.558912908165336	1.0000000000000007
1.1600000000000008	-61.4714300738991	2.9899999999999993	-116.37679660646165	3.7866666666666653	16.503053875374373	1.0066666666666673
1.1700000000000008	-60.960352110336586	2.979999999999999	-115.40304681532116	3.773333333333332	16.447113922494452	1.0133333333333339
1.1800000000000008	-60.454693769495265	2.9699999999999993	-114.4396441979848	3.7599999999999985	16.391095385315232	1.0200000000000007
1.1900000000000008	-59.9543962928137	2.959999999999999	-113.48647698182712	3.7466666666666653	16.335000566872623	1.0266666666666673
1.2000000000000008	-59.45940141579448	2.9499999999999993	-112.54343431718688	3.733333333333332	16.278831737392018	1.0333333333333339
1.2100000000000009	-58.969651368306415	2.939999999999999	-111.61040627861794	3.7199999999999984	16.2225911342442	1.0400000000000007
1.2200000000000009	-58.4850888747972	2.9299999999999993	-110.68728386595524	3.706666666666665	16.166280961913806	1.0466666666666673
1.2300000000000009	-58.005657154412845	2.919999999999999	-109.77395900518843	3.693333333333332	16.10990339198052	1.053333333333334
1.2400000000000009	-57.53129992102126	2.9099999999999993	-108.87032454913822	3.6799999999999984	16.05346056311286	1.0600000000000007
1.2500000000000009	-57.06196138313722	2.899999999999999	-107.97627427793046	3.666666666666665	15.996954581074839	1.0666666666666673
1.260000000000001	-56.59758624374741	2.8899999999999992	-107.09170289926487	3.653333333333332	15.940387518745364	1.073333333333334
1.270000000000001	-56.13811970003346	2.879999999999999	-106.21650604847538	3.6399999999999983	15.883761416150502	1.0800000000000007
1.280000000000001	-55.68350744299238	2.869999999999999	-105.35058028838012	3.626666666666665	15.827078280508726	1.0866666666666673
1.290000000000001	-55.233695656953294	2.859999999999999	-104.49382310891991	3.613333333333332	15.770340086289172	1.093333333333334
1.300000000000001	-54.78863101899022	2.849999999999999	-103.64613292658409	3.5999999999999988	15.713548775283007	1.1000000000000005
1.310000000000001	-54.34826069823101	2.839999999999999	-102.80740908362445	3.586666666666665	15.656706256688015	1.1066666666666674
1.320000000000001	-53.912532355062275	2.829999999999999	-101.97755184705734	3.573333333333332	15.599814407206448	1.113333333333334
1.330000000000001	-53.48139414023123	2.819999999999999	-101.15646240745481	3.5599999999999987	15.542875071156397	1.1200000000000006
1.340000000000001	-53.05479469384467	2.809999999999999	-100.34404287752686	3.546666666666665	15.485890060596661	1.1266666666666674
1.350000000000001	-52.63268314426653	2.799999999999999	-99.54019629049634	3.533333333333332	15.42886115546527	1.133333333333334
1.360000000000001	-52.21500910691489	2.789999999999999	-98.74482659826906	3.5199999999999987	15.37179010373196	1.1400000000000006
1.370000000000001	-51.80172268295977	2.779999999999999	-97.9578386694018	3.506666666666665	15.3146786215645	1.1466666666666674
1.380000000000001	-51.39277445792332	2.769999999999999	-97.17913828687122	3.493333333333332	15.257528393509288	1.153333333333334
1.390000000000001	-50.98811550018403	2.759999999999999	-96.40863214564706	3.4799999999999986	15.20034107268622	1.1600000000000006
1.400000000000001	-50.58769735938676	2.749999999999999	-95.64622785007349	3.466666666666665	15.143118280998161	1.1666666666666674
1.410000000000001	-50.19147206476049	2.739999999999999	-94.89183391106192	3.453333333333332	15.085861609355057	1.173333333333334
1.420000000000001	-49.799392123345804	2.729999999999999	-94.14535974309986	3.4399999999999986	15.028572617913063	1.1800000000000006
1.430000000000001	-49.41141051813435	2.719999999999999	-93.40671566108001	3.426666666666665	14.971252836328901	1.1866666666666674
1.440000000000001	-49.02748070612234	2.709999999999999	-92.67581287695377	3.4133333333333318	14.913903764029493	1.193333333333334
1.450000000000001	-48.64755661628041	2.6999999999999993	-91.95256349621401	3.3999999999999986	14.856526870497483	1.1999999999999997
1.460000000000001	-48.27159264744234	2.693984962406015	-91.23688051421148	3.3909774436090214	14.79912359557251	1.1977443609022553
1.470000000000001	-47.89954366611471	2.6879699248120295	-90.52867781231019	3.381954887218044	14.741695349768936	1.195488721804511
1.480000000000001	-47.53136500421046	2.6819548872180445	-89.82787015388611	3.3729323308270667	14.684243514609943	1.1932330827067665
1.490000000000001	-47.167012456708214	2.6759398496240596	-89.13437318017436	3.363909774436089	14.62676944297861	1.1909774436090221
1.500000000000001	-46.80644227924025	2.6699248120300747	-88.44810340596993	3.3548872180451115	14.56927445948618	1.1887218045112777
1.5100000000000011	-46.449611185611786	2.66390977443609	-87.76897821518709	3.345864661654134	14.511759860857843	1.1864661654135336
1.5200000000000011	-46.09647634525367	2.657894736842105	-87.09691585628218	3.3368421052631567	14.454226916336479	1.1842105263157892
1.5300000000000011	-45.746995380611416	2.65187969924812	-86.43183543754543	3.327819548872179	14.396676868104683	1.1819548872180448
1.5400000000000011	-45.40112636447295	2.6458646616541346	-85.77365692226611	3.318796992481202	14.339110931725546	1.1796992481203004
1.5500000000000012	-45.05882781723768	2.63984962406015	-85.12230112377713	3.3097744360902244	14.281530296602503	1.1774436090225562
1.5600000000000012	-44.72005870412943	2.6338345864661648	-84.47768970038324	3.3007518796992468	14.223936126458847	1.1751879699248118
1.5700000000000012	-44.38477843235577	2.62781954887218	-83.83974515017826	3.291729323308269	14.166329559837147	1.1729323308270674
1.5800000000000012	-44.05294684821609	2.621804511278195	-83.2083908057564	3.282706766917292	14.10871171061926	1.170676691729323
1.5900000000000012	-43.7245242341612	2.61578947368421	-82.58355082882228	3.2736842105263144	14.051083668567372	1.1684210526315786
1.6000000000000012	-43.39947130580676	2.609774436090225	-81.9651502047053	3.2646616541353373	13.993446499886417	1.1661654135338342
1.6100000000000012	-43.07774920890282	2.60375939849624	-81.35311473678206	3.2556390977443597	13.93580124780869	1.1639097744360898
1.6200000000000012	-42.75931951626216	2.5977443609022552	-80.74737104081272	3.246616541353382	13.878148933200954	1.1616541353383454
1.6300000000000012	-42.444144224649584	2.59172932330827	-80.14784653919531	3.2375939849624045	13.82049055519483	1.1593984962406012
1.6400000000000012	-42.13218575163463	2.585714285714285	-79.55446945514312	3.2285714285714273	13.7628270918408	1.1571428571428568
1.6500000000000012	-41.8234069324099	2.5796992481203	-78.96716880678925	3.2195488721804497	13.705159500786785	1.1548872180451124
1.6600000000000013	-41.5177710165772	2.573684210526315	-78.3858744012231	3.2105263157894726	13.647488719981547	1.152631578947368
1.6700000000000013	-41.21524166490396	2.56766917293233	-77.81051682846335	3.201503759398495	13.589815668403899	1.1503759398496238
1.6800000000000013	-40.915782946051806	2.5616541353383453	-77.24102745537135	3.1924812030075174	13.532141246818245	1.1481203007518794
1.6900000000000013	-40.61935933327951	2.5556390977443604	-76.67733841950943	3.1834586466165398	13.474466338557038	1.145864661654135
1.7000000000000013	-40.325935701122525	2.549624060150375	-76.11938262294822	3.1744360902255626	13.416791810331166	1.1436090225563906
1.7100000000000013	-40.035477322050795	2.5436090225563905	-75.56709372602695	3.165413533834585	13.359118513068692	1.1413533834586462
1.7200000000000013	-39.74794986310733	2.537593984962405	-75.02040614107088	3.156390977443608	13.30144728278293	1.1390977443609018
1.7300000000000013	-39.46331938252889	2.5315789473684203	-74.47925502606923	3.1473684210526303	13.24377894147044	1.1368421052631574
1.7400000000000013	-39.181552326351145	2.5255639097744353	-73.94357627831815	3.1383458646616527	13.186114298039962	1.1345864661654133
1.7500000000000013	-38.902615524999895	2.5195488721804504	-73.4133065280316	3.129323308270675	13.128454149272846	1.1323308270676689
1.7600000000000013	-38.62647618987019	2.5135338345864655	-72.88838313192426	3.120300751879698	13.070799280815995	1.1300751879699245
1.7700000000000014	-38.35310190989502	2.5075187969924806	-72.36874416676962	3.1112781954887203	13.013150468208124	1.12781954887218
1.7800000000000014	-38.08246064810547	2.5015037593984957	-71.85432842293685	3.102255639097743	12.955508477940116	1.1255639097744357
1.7900000000000014	-37.81452073818375	2.4954887218045103	-71.34507539790938	3.0932330827067656	12.897874068550491	1.1233082706766915
1.8000000000000014	-37.549250881010714	2.489473684210526	-70.84092528978901	3.084210526315788	12.840247991756709	1.121052631578947
1.8100000000000014	-37.2866201412096	2.4834586466165405	-70.34181899078773	3.0751879699248104	12.782630993623457	1.1187969924812027
1.8200000000000014	-37.02659794368721	2.4774436090225556	-69.84769808071111	3.066165413533833	12.72502381576853	1.1165413533834583
1.8300000000000014	-36.769154070174174	2.4714285714285706	-69.35850482043543	3.0571428571428556	12.667427196607504	1.1142857142857139
1.8400000000000014	-36.5142586557657	2.4654135338345857	-68.87418214538202	3.0481203007518785	12.60984187263805	1.1120300751879695
1.8500000000000014	-36.261882185463875	2.459398496240601	-68.39467365899092	3.039097744360901	12.552268579764723	1.109774436090225
1.8600000000000014	-36.01199549072323	2.453383458646616	-67.91992362619666	3.0300751879699233	12.494708054665406	1.107518796992481
1.8700000000000014	-35.764569746000504	2.447368421052631	-67.44987696690903	3.0210526315789457	12.437161036200107	1.1052631578947365
1.8800000000000014	-35.51957646531	2.4413533834586456	-66.98447924950065	3.0120300751879685	12.379628266863337	1.103007518796992
1.8900000000000015	-35.27698749878558	2.4353383458646607	-66.52367668430422	3.003007518796991	12.322110494280777	1.1007518796992477
1.9000000000000015	-35.03677502925041	2.4293233082706758	-66.0674161171213	2.9939849624060138	12.264608472751373	1.0984962406015033
1.9100000000000015	-34.79891156879579	2.423308270676691	-65.61564502274516	2.984962406015036	12.207122964835676	1.0962406015037591
1.9200000000000015	-34.5633699553697	2.417293233082706	-65.16831149849943	2.9759398496240586	12.149654742991467	1.0939849624060147
1.9300000000000015	-34.3301233493764	2.411278195488721	-64.72536425779494	2.966917293233081	12.092204591257545	1.0917293233082703
1.9400000000000015	-34.09914523028775	2.405263157894736	-64.28675262370602	2.957894736842104	12.034773306986526	1.089473684210526
1.9500000000000015	-33.870409393267536	2.399248120300751	-63.85242652256909	2.948872180451126	11.977361702627704	1.0872180451127815
1.9600000000000015	-33.643889945809185	2.3932330827067663	-63.42233647760433	2.939849624060149	11.9199706075606	1.0849624060150371
1.9700000000000015	-33.419561304388225	2.387218045112781	-62.99643360256264	2.9308270676691714	11.862600869980302	1.0827067669172927
1.9800000000000015	-33.19739819112989	2.381203007518796	-62.57466959539953	2.921804511278194	11.80525335883511	1.0804511278195486
1.9900000000000015	-32.97737563049276	2.375187969924811	-62.15699673197715	2.9127819548872163	11.747928965817508	1.0781954887218042
2.0000000000000013	-32.75946894596933	2.369172932330826	-61.74336785979627	2.9037593984962395	11.690628607408946	1.0759398496240598
2.010000000000001	-32.543653756803856	2.3631578947368412	-61.333736391759494	2.894736842105262	11.633353226979297	1.0736842105263156
2.020000000000001	-32.329905974728455	2.3571428571428568	-60.92805629996678	2.885714285714285	11.576103796941329	1.0714285714285712
2.0300000000000007	-32.11820180071798	2.351127819548872	-60.52628210954514	2.8766917293233076	11.51888132096108	1.0691729323308268
2.0400000000000005	-31.908517721764113	2.345112781954887	-60.128368892513194	2.86766917293233	11.46168683622426	1.0669172932330826
2.0500000000000003	-31.700830507669473	2.339097744360902	-59.734272261681674	2.858646616541353	11.404521415759213	1.0646616541353382
2.06	-31.495117207862126	2.333082706766917	-59.34394836459164	2.8496240601503757	11.347386170816803	1.062406015037594
2.07	-31.291355148231027	2.3270676691729326	-58.9573538774906	2.8406015037593986	11.290282253307282	1.0601503759398496
2.0799999999999996	-31.08952192798286	2.3210526315789477	-58.57444599934797	2.8315789473684214	11.233210858294258	1.0578947368421052
2.0899999999999994	-30.889595416520784	2.315037593984963	-58.195182445910795	2.822556390977444	11.17617322654589	1.055639097744361
2.099999999999999	-30.691553750345317	2.309022556390978	-57.81952144380028	2.8135338345864667	11.119170647142894	1.0533834586466166
2.109999999999999	-30.49537532997808	2.303007518796993	-57.447421724650404	2.8045112781954895	11.062204460143302	1.0511278195488725
2.1199999999999988	-30.301038816908395	2.2969924812030085	-57.07884251928885	2.7954887218045124	11.0052760593035	1.048872180451128
2.1299999999999986	-30.10852313056329	2.2909774436090236	-56.713743551961315	2.786466165413535	10.948386894854758	1.0466165413533837
2.1399999999999983	-29.917807445301253	2.2849624060150386	-56.352085034599874	2.7774436090225576	10.891538476334789	1.0443609022556395
2.149999999999998	-29.728871187429856	2.2789473684210537	-55.99382766113557	2.7684210526315804	10.834732375473157	1.042105263157895
2.159999999999998	-29.541694032247676	2.272932330827069	-55.6389326018565	2.7593984962406033	10.777970229129497	1.039849624060151
2.1699999999999977	-29.35625590111074	2.266917293233084	-55.287361497811254	2.750375939849626	10.721253742283112	1.0375939849624065
2.1799999999999975	-29.17253695852359	2.2609022556390994	-54.93907645525859	2.741353383458649	10.664584691072454	1.0353383458646621
2.1899999999999973	-28.9905176092554	2.2548872180451145	-54.59404004016365	2.7323308270676714	10.607964925882676	1.033082706766918
2.199999999999997	-28.8101784954811	2.2488721804511296	-54.25221527274115	2.7233082706766942	10.551396374478925	1.0308270676691735
2.209999999999997	-28.631500493947833	2.2428571428571447	-53.91356562204579	2.714285714285717	10.494881045183542	1.0285714285714294
2.2199999999999966	-28.45446471316682	2.2368421052631597	-53.57805500061048	2.70526315789474	10.438421030093966	1.026315789473685
2.2299999999999964	-28.27905249063085	2.230827067669175	-53.245647759132474	2.6962406015037628	10.382018508338737	1.0240601503759406
2.239999999999996	-28.10524539005737	2.2248120300751903	-52.91630868120754	2.687218045112785	10.325675749368335	1.0218045112781964
2.249999999999996	-27.933025198657422	2.2187969924812054	-52.59000297811277	2.678195488721808	10.26939511627719	1.019548872180452
2.259999999999996	-27.76237392443039	2.2127819548872205	-52.26669628363797	2.669172932330831	10.213179069152785	1.0172932330827076
2.2699999999999956	-27.593273793484734	2.2067669172932356	-51.94635464896574	2.6601503759398537	10.157030168447895	1.0150375939849634
2.2799999999999954	-27.425707247384686	2.2007518796992507	-51.62894453760066	2.651127819548876	10.100951078370906	1.012781954887219
2.289999999999995	-27.25965694052299	2.194736842105266	-51.31443282034728	2.642105263157899	10.044944570289239	1.0105263157894748
2.299999999999995	-27.095105737519653	2.1887218045112813	-51.00278677033746	2.633082706766922	9.989013526140436	1.0082706766917304
2.3099999999999947	-26.932036710646827	2.1827067669172964	-50.69397405810676	2.6240601503759446	9.93316094184475	1.006015037593986
2.3199999999999945	-26.770433137279724	2.1766917293233115	-50.38796274672013	2.615037593984967	9.87738993071299	1.0037593984962419
2.3299999999999943	-26.610278497373624	2.1706766917293265	-50.08472128694664	2.60601503759399	9.821703726842578	1.0015037593984975
2.339999999999994	-26.451556470966885	2.164661654135342	-49.7842185124836	2.5969924812030127	9.76610568849454	0.9992481203007532
2.349999999999994	-26.29425093570997	2.158646616541357	-49.48642363522977	2.5879699248120356	9.710599301443338	0.9969924812030089
2.3599999999999937	-26.138345964420473	2.1526315789473722	-49.19130624060769	2.5789473684210584	9.655188182291534	0.9947368421052646
2.3699999999999934	-25.983825822664027	2.1466165413533873	-48.89883628293499	2.569924812030081	9.599876081739763	0.9924812030075203
2.3799999999999932	-25.830674966361034	2.1406015037594024	-48.60898408084465	2.5609022556391037	9.544666887803038	0.9902255639097759
2.389999999999993	-25.67887803941925	2.1345864661654175	-48.32172031275417	2.5518796992481265	9.489564628963034	0.9879699248120316
2.399999999999993	-25.528419871392042	2.128571428571433	-48.0370160123833	2.5428571428571494	9.434573477245909	0.9857142857142873
2.4099999999999926	-25.379285475162142	2.122556390977448	-47.75484256432039	2.533834586466172	9.379697751214264	0.983458646616543
2.4199999999999924	-25.231460044651158	2.116541353383463	-47.47517169963706	2.5248120300751946	9.324941918861798	0.9812030075187986
2.429999999999992	-25.084928952554222	2.1105263157894782	-47.197975491551105	2.5157894736842175	9.270310600398009	0.9789473684210543
2.439999999999992	-24.93967774810017	2.1045112781954933	-46.92322635113736	2.5067669172932403	9.215808570910129	0.97669172932331
2.4499999999999917	-24.795692154836743	2.0984962406015084	-46.650897023086465	2.497744360902263	9.161440762888981	0.9744360902255658
2.4599999999999915	-24.65295806844093	2.092481203007524	-46.38096058151099	2.488721804511286	9.107212268604327	0.9721804511278214
2.4699999999999913	-24.511461554554266	2.086466165413539	-46.11339042579912	2.4796992481203084	9.05312834231528	0.9699248120300771
2.479999999999991	-24.371188846642806	2.080451127819554	-45.84816027651534	2.4706766917293312	8.999194402300741	0.9676691729323328
2.489999999999991	-24.23212634388192	2.074436090225569	-45.58524417134797	2.461654135338354	8.945416032693789	0.9654135338345885
2.4999999999999907	-24.09426060906543	2.0684210526315843	-45.32461646110328	2.452631578947377	8.89179898510399	0.9631578947368442
2.5099999999999905	-23.95757836653923	2.0624060150376	-45.06625180574585	2.4436090225563993	8.838349180011019	0.9609022556390998
2.5199999999999902	-23.822066500159075	2.056390977443615	-44.81012517048509	2.434586466165422	8.785072707912109	0.9586466165413555
2.52999999999999	-23.68771205127233	2.05037593984963	-44.55621182190731	2.425563909774445	8.731975830205947	0.9563909774436112
2.53999999999999	-23.554502216723773	2.044360902255645	-44.30448732415338	2.416541353383468	8.679064979795037	0.954135338345867
2.5499999999999896	-23.422424346884917	2.03834586466166	-44.054927535141424	2.4075187969924907	8.626346761387993	0.9518796992481227
2.5599999999999894	-23.29146594370702	2.032330827067675	-43.80750860283423	2.398496240601513	8.573827951483429	0.9496240601503783
2.569999999999989	-23.161614658797394	2.0263157894736907	-43.5622069615513	2.389473684210536	8.521515498016404	0.947368421052634
2.579999999999989	-23.03285829151889	2.020300751879706	-43.318999328324985	2.380451127819559	8.469416519648595	0.9451127819548897
2.5899999999999888	-22.90518478711249	2.014285714285721	-43.07786269930034	2.3714285714285817	8.417538304682857	0.9428571428571454
2.5999999999999885	-22.77858223484258	2.008270676691736	-42.838774346178596	2.3624060150376045	8.365888309583426	0.9406015037594011
2.6099999999999883	-22.653038866165016	2.002255639097751	-42.6017118127037	2.353383458646627	8.314474157082511	0.9383458646616567
2.619999999999988	-22.528543052917517	1.9962406015037664	-42.3666529111916	2.3443609022556497	8.263303633854472	0.9360902255639124
2.629999999999988	-22.40508330553245	1.9902255639097814	-42.13357571910198	2.3353383458646726	8.212384687739004	0.9338345864661681
2.6399999999999877	-22.282648271271587	1.9842105263157968	-41.90245857565211	2.3263157894736954	8.161725424495152	0.9315789473684238
2.6499999999999875	-22.161226732482792	1.9781954887218118	-41.67328007847236	2.317293233082718	8.111334104068431	0.9293233082706794
2.6599999999999873	-22.040807604878385	1.9721804511278271	-41.446019080302996	2.3082706766917407	8.06121913635367	0.9270676691729351
2.669999999999987	-21.921379935835066	1.9661654135338422	-41.22065468573211	2.2992481203007635	8.011389076437842	0.9248120300751909
2.679999999999987	-21.802932902714996	1.9601503759398573	-40.99716624797395	2.2902255639097864	7.961852619306456	0.9225563909774466
2.6899999999999866	-21.68545581120813	1.9541353383458726	-40.77553336568773	2.2812030075188092	7.912618593999612	0.9203007518797023
2.6999999999999864	-21.56893809369537	1.9481203007518877	-40.55573587983602	2.2721804511278316	7.863695957204141	0.9180451127819579
2.709999999999986	-21.453369307632414	1.9421052631579028	-40.33775387058288	2.2631578947368545	7.8150937862696255	0.9157894736842136
2.719999999999986	-21.338739133954174	1.936090225563918	-40.12156765423094	2.2541353383458773	7.76682127163756	0.9135338345864693
2.7299999999999858	-21.225037375499397	1.9300751879699332	-39.90715778019724	2.2451127819549	7.7188877086749	0.911278195488725
2.7399999999999856	-21.112253955455518	1.9240601503759482	-39.694505028027486	2.236090225563923	7.671302488904215	0.9090225563909807
2.7499999999999853	-21.00037891582328	1.9180451127819635	-39.48359040444819	2.2270676691729454	7.624075090625178	0.9067669172932363
2.759999999999985	-20.88940241590117	1.9120300751879786	-39.27439514045647	2.2180451127819683	7.577215068923992	0.904511278195492
2.769999999999985	-20.77931473078926	1.906015037593994	-39.06690068844702	2.209022556390991	7.530732045069604	0.9022556390977478
2.7799999999999847	-20.670106249912404	1.9000000000000754	-38.86108871937589	2.2000000000000686	7.484635695297527	0.9000000000000412
2.7899999999999845	-20.56176747556254	1.8500000000000765	-38.65694111996079	2.1545454545455245	7.438935738985559	0.8727272727273145
2.7999999999999843	-20.45428902145984	1.8000000000000775	-38.45443998991744	2.10909090909098	7.393641926227105	0.8454545454545879
2.809999999999984	-20.347661611332594	1.7500000000000786	-38.25356763923149	2.0636363636364354	7.348764024811415	0.8181818181818612
2.819999999999984	-20.24187607751557	1.7000000000000797	-38.05430658546598	2.018181818181891	7.304311806622862	0.7909090909091345
2.8299999999999836	-20.13692335956671	1.650000000000081	-37.85663955110349	1.9727272727273464	7.260295033474253	0.7636363636364079
2.8399999999999834	-20.03279450290185	1.600000000000082	-37.66054946092304	1.927272727272802	7.216723442391939	0.7363636363636812
2.849999999999983	-19.929480657447456	1.5500000000000833	-37.46601943941106	1.8818181818182576	7.173606730374924	0.7090909090909545
2.859999999999983	-19.82697307631091	1.5000000000000844	-37.273032808206146	1.8363636363637132	7.130954538651715	0.6818181818182278
2.869999999999983	-19.725263114468472	1.4500000000000854	-37.08157308357736	1.7909090909091687	7.088776436463613	0.6545454545455012
2.8799999999999826	-19.624342227470397	1.4000000000000865	-36.891623973935474	1.7454545454546242	7.0470819044054815	0.6272727272727745
2.8899999999999824	-19.524201970163272	1.3500000000000876	-36.703169377376994	1.7000000000000797	7.00588031735897	0.6000000000000478
2.899999999999982	-19.42483399542926	1.3000000000000886	-36.51619337926039	1.6545454545455354	6.965180927056203	0.5727272727273212
2.909999999999982	-19.326230052942	1.25000000000009	-36.330680249814414	1.6090909090909908	6.924992844315903	0.5454545454545945
2.9199999999999817	-19.228381987939148	1.200000000000091	-36.14661444177787	1.5636363636364465	6.885325020996299	0.5181818181818678
2.9299999999999815	-19.131281740011175	1.150000000000092	-35.96398058807071	1.518181818181902	6.8461862317133075	0.4909090909091412
2.9399999999999813	-19.034921341906372	1.1000000000000933	-35.782763499495964	1.4727272727273575	6.807585055375049	0.46363636363641453
2.949999999999981	-18.939292918351818	1.0500000000000944	-35.60294816247212	1.427272727272813	6.769529856587115	0.43636363636368786
2.959999999999981	-18.844388684890102	1.0000000000000955	-35.42451973679573	1.3818181818182687	6.732028766985082	0.4090909090909612
2.9699999999999807	-18.75020094673168	0.9500000000000965	-35.24746355343377	1.3363636363637241	6.69508966655507	0.3818181818182345
2.9799999999999804	-18.656722097622566	0.9000000000000977	-35.07176511234543	1.2909090909091796	6.658720165002907	0.35454545454550784
2.9899999999999802	-18.563944618727334	0.8500000000000989	-34.897410080333046	1.2454545454546353	6.622927583237539	0.32727272727278117
2.99999999999998	-18.471861077527134	0.800000000000004	-34.72438428892164	1.200000000000008	6.587718935033815	0.3
3.00999999999998	-18.38046412673254	0.798000000000004	-34.552673732267074	1.196000000000008	6.55310090894302	0.3
3.0199999999999796	-18.28974650321111	0.7960000000000041	-34.382264565092086	1.1920000000000082	6.519079850519548	0.3
3.0299999999999794	-18.199701026929446	0.7940000000000041	-34.21314310065013	1.1880000000000082	6.485661744934097	0.3
3.039999999999979	-18.11032059990955	0.7920000000000043	-34.04529580871651	1.1840000000000084	6.452852200043233	0.3
3.049999999999979	-18.021598205199417	0.7900000000000043	-33.87870931360671	1.1800000000000084	6.420656429986121	0.3
3.0599999999999787	-17.933526905857526	0.7880000000000043	-33.7133703922213	1.1760000000000084	6.389079239378605	0.3
3.0699999999999785	-17.846099843951126	0.7860000000000044	-33.5492659721173	1.1720000000000086	6.35812500817404	0.3
3.0799999999999783	-17.759310239568233	0.7840000000000044	-33.38638312960556	1.1680000000000086	6.32779767725916	0.3
3.089999999999978	-17.67315138984306	0.7820000000000045	-33.22470908787402	1.1640000000000088	6.298100734852199	0.3
3.099999999999978	-17.587616667994713	0.7800000000000045	-33.06423121513614	1.1600000000000088	6.269037203767315	0.3
3.1099999999999777	-17.502699522379054	0.7780000000000045	-32.904937022804674	1.156000000000009	6.240609629608255	0.3
3.1199999999999775	-17.41839347555354	0.7760000000000046	-32.74681416369012	1.152000000000009	6.212820069950358	0.3
3.1299999999999772	-17.334692123354838	0.7740000000000046	-32.589850430223684	1.148000000000009	6.18567008456691	0.3
3.139999999999977	-17.25158913398907	0.7720000000000046	-32.434033752704366	1.1440000000000092	6.159160726752295	0.3
3.149999999999977	-17.169078247134635	0.7700000000000047	-32.27935219757	1.1400000000000092	6.133292535790245	0.3
3.1599999999999766	-17.087153273057222	0.7680000000000047	-32.125793965691784	1.1360000000000094	6.108065530610496	0.3
3.1699999999999764	-17.005808091737038	0.7660000000000047	-31.97334739069209	1.1320000000000094	6.083479204672927	0.3
3.179999999999976	-16.925036652008153	0.7640000000000048	-31.822000937285274	1.1280000000000094	6.059532522112798	0.3
3.189999999999976	-16.844832970709557	0.7620000000000048	-31.67174319964117	1.1240000000000097	6.036223915175119	0.3
3.1999999999999758	-16.765191131847946	0.7600000000000049	-31.52256289977093	1.1200000000000097	6.0135512829605196	0.3
3.2099999999999755	-16.68610528577219	0.7580000000000049	-31.374448885934996	1.1160000000000099	5.991511991499564	0.3
3.2199999999999753	-16.607569648359018	0.7560000000000049	-31.227390131072852	1.1120000000000099	5.970102875165193	0.3
3.229999999999975	-16.529578500210132	0.754000000000005	-31.081375731254347	1.1080000000000099	5.949320239428094	0.3
3.239999999999975	-16.45212618586031	0.752000000000005	-30.93639490415232	1.10400000000001	5.929159864952577	0.3
3.2499999999999747	-16.375207112996552	0.7500000000000051	-30.79243698753609	1.10000000000001	5.909617013024551	0.3
3.2599999999999745	-16.29881575168802	0.7480000000000051	-30.64949143778578	1.0960000000000103	5.890686432296723	0.3
3.2699999999999743	-16.222946633626684	0.7460000000000051	-30.50754782842698	1.0920000000000103	5.872362366830388	0.3
3.279999999999974	-16.147594351378423	0.7440000000000052	-30.366595848685684	1.0880000000000103	5.854638565406091	0.3
3.289999999999974	-16.072753557644702	0.7420000000000052	-30.22662530206305	1.0840000000000105	5.837508292070206	0.3
3.2999999999999736	-15.99841896453436	0.7400000000000053	-30.087626104929875	1.0800000000000105	5.820964337878837	0.3
3.3099999999999734	-15.92458534284558	0.7380000000000053	-29.94958828514047	1.0760000000000107	5.8049990337940525	0.3
3.319999999999973	-15.851247521357912	0.7360000000000053	-29.812501980665616	1.0720000000000107	5.789604264682992	0.3
3.329999999999973	-15.778400386134066	0.7340000000000054	-29.676357438244466	1.0680000000000107	5.774771484365307	0.3
3.3399999999999728	-15.706038879831542	0.7320000000000054	-29.54114501205505	1.064000000000011	5.7604917316495605	0.3
3.3499999999999726	-15.634158001023776	0.7300000000000054	-29.40685516240327	1.060000000000011	5.7467556472952595	0.3
3.3599999999999723	-15.562752803530831	0.7280000000000055	-29.2734784544299	1.0560000000000112	5.733553491833521	0.3
3.369999999999972	-15.491818395759411	0.7260000000000055	-29.14100555683558	1.0520000000000111	5.7208751641759035	0.3
3.379999999999972	-15.421349940052101	0.7240000000000056	-29.009427240623577	1.0480000000000111	5.708710220937965	0.3
3.3899999999999717	-15.351342652045716	0.7220000000000056	-28.878734377859743	1.0440000000000114	5.6970478964025615	0.3
3.3999999999999715	-15.281791800038656	0.7200000000000056	-28.748917940449978	1.0400000000000114	5.68587712304444	0.3
3.4099999999999713	-15.212692704367043	0.7180000000000057	-28.619968998934446	1.0360000000000116	5.675186552538193	0.3
3.419999999999971	-15.14404073678972	0.7160000000000057	-28.491878721298686	1.0320000000000116	5.664964577169072	0.3
3.429999999999971	-15.075831319881749	0.7140000000000059	-28.364638371801117	1.0280000000000116	5.655199351567041	0.3
3.4399999999999706	-15.00805992643651	0.7120000000000059	-28.238239309817047	1.0240000000000118	5.645878814683416	0.3
3.4499999999999704	-14.940722078876151	0.7100000000000058	-28.11267298869859	1.0200000000000118	5.6369907119312685	0.3
3.45999999999997	-14.873813348670296	0.708000000000006	-27.987930954650565	1.016000000000012	5.6285226174101055	0.3
3.46999999999997	-14.807329355762972	0.706000000000006	-27.864004845622024	1.012000000000012	5.620461956138475	0.3
3.47999999999997	-14.741265768007537	0.704000000000006	-27.74088639021325	1.008000000000012	5.612796026218748	0.3
3.4899999999999696	-14.67561830060958	0.7020000000000061	-27.618567406597954	1.0040000000000122	5.605512020861265	0.3
3.4999999999999694	-14.610382715577664	0.6999999999999769	-27.497039801460645	0.9999999999999769	5.5985970501968465	0.2999999999999884
3.509999999999969	-14.54555482118176	0.7075471698112974	-27.37629556894862	1.0075471698112974	5.592038162810978	0.3037735849056487
3.519999999999969	-14.481130471419332	0.7150943396226179	-27.25632678963881	1.015094339622618	5.58582236693418	0.30754716981130903
3.5299999999999687	-14.417105565488953	0.7226415094339386	-27.13712562951895	1.0226415094339387	5.579936651228397	0.3113207547169693
3.5399999999999685	-14.353476047271277	0.7301886792452592	-27.018684338983004	1.0301886792452593	5.5743680051118005	0.31509433962262956
3.5499999999999683	-14.290237904817381	0.7377358490565797	-26.900995251840666	1.0377358490565798	5.569103438568722	0.3188679245282899
3.559999999999968	-14.227387169844302	0.7452830188679004	-26.784050784340728	1.0452830188679003	5.564130001395136	0.3226415094339502
3.569999999999968	-14.16491991723766	0.752830188679221	-26.66784343420807	1.0528301886792208	5.559434801834966	0.32641509433961047
3.5799999999999677	-14.10283226456128	0.7603773584905416	-26.5523657796942	1.0603773584905416	5.555005024565611	0.3301886792452708
3.5899999999999674	-14.04112037157384	0.7679245283018621	-26.437610478641083	1.0679245283018621	5.550827947996518	0.3339622641509311
3.5999999999999672	-13.979780439752146	0.7754716981131827	-26.32357026755805	1.0754716981131827	5.546890960848139	0.3377358490565914
3.609999999999967	-13.9188087118213	0.7830188679245034	-26.21023796071169	1.0830188679245034	5.543181577983441	0.34150943396225164
3.619999999999967	-13.85820147129142	0.7905660377358239	-26.097606449228525	1.090566037735824	5.539687455467936	0.34528301886791196
3.6299999999999666	-13.797955042000872	0.7981132075471445	-25.98566870021021	1.0981132075471445	5.536396404838999	0.3490566037735723
3.6399999999999664	-13.73806578766602	0.8056603773584652	-25.874417755861206	1.1056603773584652	5.53329640656862	0.35283018867923255
3.649999999999966	-13.678530111437233	0.8132075471697857	-25.763846732628767	1.1132075471697858	5.530375622708532	0.3566037735848928
3.659999999999966	-13.619344455461247	0.8207547169811062	-25.653948820354785	1.1207547169811063	5.527622408709833	0.36037735849055313
3.6699999999999657	-13.560505300449623	0.8283018867924269	-25.544717281439816	1.1283018867924268	5.525025324413519	0.36415094339621346
3.6799999999999655	-13.502009165253364	0.8358490566037475	-25.436145450018707	1.1358490566037474	5.522573144211374	0.3679245283018737
3.6899999999999653	-13.443852606443443	0.8433962264150681	-25.328226731147787	1.143396226415068	5.520254866380637	0.37169811320753404
3.699999999999965	-13.386032217897316	0.8509433962263887	-25.220954600003633	1.1509433962263886	5.518059721598399	0.3754716981131943
3.709999999999965	-13.32854463039125	0.8584905660377092	-25.114322601092937	1.1584905660377092	5.515977180645091	0.37924528301885463
3.7199999999999647	-13.27138651119837	0.8660377358490299	-25.00832434747362	1.16603773584903	5.513996961309313	0.3830188679245149
3.7299999999999645	-13.21455456369238	0.8735849056603504	-24.902953519986774	1.1735849056603505	5.512109034508152	0.3867924528301752
3.7399999999999642	-13.158045526956894	0.881132075471671	-24.798203866499595	1.181132075471671	5.510303629640311	0.39056603773583554
3.749999999999964	-13.101856175400197	0.8886792452829917	-24.69406920115877	1.1886792452829915	5.5085712391910135	0.3943396226414958
3.759999999999964	-13.045983318375532	0.8962264150943122	-24.590543403654543	1.1962264150943123	5.506902622609475	0.39811320754715607
3.7699999999999636	-12.990423799806601	0.9037735849056328	-24.48762041849502	1.2037735849056328	5.5052888094817245	0.4018867924528164
3.7799999999999634	-12.93517449781847	0.9113207547169534	-24.385294254290773	1.2113207547169533	5.503721102023001	0.4056603773584767
3.789999999999963	-12.88023232437352	0.918867924528274	-24.2835589830495	1.2188679245282739	5.502191076915022	0.409433962264137
3.799999999999963	-12.825594224912614	0.9264150943395946	-24.182408739480536	1.2264150943395946	5.5006905865144375	0.4132075471697973
3.8099999999999627	-12.771257178001251	0.9339622641509152	-24.081837720309352	1.2339622641509151	5.49921175946041	0.41698113207545756
3.8199999999999625	-12.717218194980706	0.9415094339622359	-23.98184018360143	1.2415094339622357	5.497747000708672	0.4207547169811179
3.8299999999999623	-12.66347431962402	0.9490566037735564	-23.88241044809599	1.2490566037735562	5.496288991021068	0.42452830188677815
3.839999999999962	-12.610022627796853	0.9566037735848769	-23.78354289254876	1.256603773584877	5.49483068593948	0.42830188679243847
3.849999999999962	-12.556860227123043	0.9641509433961976	-23.685231955084284	1.2641509433961975	5.4933653142731815	0.4320754716980988
3.8599999999999617	-12.503984256654844	0.9716981132075182	-23.587472132557167	1.271698113207518	5.491886376128718	0.43584905660375906
3.8699999999999615	-12.451391886547817	0.9792452830188387	-23.490257979922422	1.2792452830188386	5.490387640511734	0.4396226415094193
3.8799999999999613	-12.399080317740145	0.9867924528301594	-23.39358410961459	1.2867924528301593	5.488863142529084	0.44339622641507964
3.889999999999961	-12.347046781636541	0.9943396226414799	-23.297445190935676	1.2943396226414798	5.4873071802203475	0.44716981132073996
3.899999999999961	-12.29528853979645	1.0018867924528005	-23.201835949451628	1.3018867924528004	5.485714311046371	0.45094339622640023
3.9099999999999606	-12.243802883626644	1.009433962264121	-23.106751166397373	1.3094339622641211	5.484079348062706	0.45471698113206055
3.9199999999999604	-12.192587134078046	1.0169811320754416	-23.01218567809021	1.3169811320754417	5.482397355804732	0.4584905660377208
3.92999999999996	-12.14163864134677	1.0245283018867624	-22.918134375351286	1.3245283018867622	5.480663645910935	0.46226415094338114
3.93999999999996	-12.0909547845793	1.032075471698083	-22.824592202935516	1.3320754716980827	5.478873772509473	0.4660377358490414
3.9499999999999598	-12.040532971581714	1.0396226415094034	-22.731554158969235	1.3396226415094035	5.477023527393165	0.4698113207547017
3.9599999999999596	-11.990370638532927	1.0471698113207242	-22.639015294395815	1.347169811320724	5.475108935006357	0.473584905660362
3.9699999999999593	-11.940465249701903	1.0547169811320447	-22.546970712429154	1.3547169811320445	5.473126247266897	0.4773584905660223
3.979999999999959	-11.890814297168708	1.0622641509433652	-22.455415568014725	1.362264150943365	5.471071938244855	0.4811320754716826
3.989999999999959	-11.84141530054939	1.0698113207546858	-22.364345067298178	1.3698113207546858	5.468942698719559	0.4849056603773429
3.9999999999999587	-11.792265806724666	1.0773584905660065	-22.273754467101476	1.3773584905660063	5.466735430634355	0.4886792452830032
4.009999999999959	-11.743363389572245	1.0849056603773275	-22.183639074406276	1.3849056603773273	5.464447241468792	0.49245283018866365
4.019999999999959	-11.694705649702836	1.092452830188648	-22.093994245844506	1.3924528301886478	5.4620754385458286	0.49622641509432397
4.0299999999999585	-11.646290214199743	1.1000000000000982	-22.004815387196214	1.4000000000001473	5.459617523291542	0.5000000000000245
4.039999999999958	-11.598114736361925	1.0764705882353929	-21.916097952894216	1.364705882353089	5.4570711854632	0.4941176470588482
4.049999999999958	-11.550176895450603	1.0529411764706875	-21.827837445535803	1.329411764706031	5.454434297360926	0.48823529411767186
4.059999999999958	-11.50247439643924	1.0294117647059822	-21.74002941540123	1.294117647058973	5.451704908037197	0.4823529411764955
4.069999999999958	-11.455004969766879	1.0058823529412768	-21.652669459978824	1.2588235294119148	5.448881237517297	0.4764705882353192
4.079999999999957	-11.407766371094775	0.9823529411765713	-21.565753223496767	1.2235294117648567	5.445961671043055	0.47058823529414284
4.089999999999957	-11.360756381066277	0.9588235294118659	-21.479276396461348	1.1882352941177987	5.442944753351479	0.4647058823529665
4.099999999999957	-11.313972805069936	0.9352941176471605	-21.393234715201604	1.1529411764707407	5.439829182998439	0.4588235294117901
4.109999999999957	-11.26741347300567	0.9117647058824552	-21.307623961420322	1.1176470588236826	5.436613806737437	0.45294117647061377
4.119999999999957	-11.221076239054126	0.8882352941177497	-21.222439961751146	1.0823529411766244	5.433297613962185	0.44705882352943743
4.129999999999956	-11.174958981448977	0.8647058823530444	-21.13767858732192	1.0470588235295664	5.4298797312209865	0.4411764705882611
4.139999999999956	-11.129059602252228	0.8411764705883389	-21.053335753323886	1.0117647058825083	5.426359416810419	0.43529411764708476
4.149999999999956	-11.083376027132504	0.8176470588236335	-20.969407418586968	0.9764705882354503	5.422736055454764	0.4294117647059084
4.159999999999956	-11.037906205146141	0.7941176470589282	-20.88588958516082	0.9411764705883923	5.419009153077189	0.4235294117647321
4.1699999999999555	-10.992648108521152	0.7705882352942227	-20.80277829790151	0.9058823529413341	5.4151783316677395	0.4176470588235557
4.179999999999955	-10.947599732443974	0.7470588235295174	-20.720069644064065	0.8705882352942761	5.411243324253033	0.41176470588237934
4.189999999999955	-10.902759094848923	0.7235294117648119	-20.637759752900394	0.835294117647218	5.407203969971374	0.405882352941203
4.199999999999955	-10.858124236210351	0.6999999999999943	-20.555844795262733	0.8	5.403060209256891	0.3999999999999887
4.209999999999955	-10.813693219337422	0.7012499999999943	-20.47432098321255	0.8	5.398812079135697	0.40249999999998864
4.2199999999999545	-10.769464129171501	0.7024999999999942	-20.393184569634617	0.8	5.394459708636232	0.4049999999999886
4.229999999999954	-10.725435072586048	0.7037499999999942	-20.312431847856374	0.8	5.390003314316004	0.40749999999998854
4.239999999999954	-10.681604178189048	0.7049999999999942	-20.232059151272434	0.8	5.385443195906079	0.4099999999999885
4.249999999999954	-10.63796959612785	0.7062499999999942	-20.152062852974076	0.8	5.380779732074547	0.41249999999998843
4.259999999999954	-10.594529497896445	0.7074999999999941	-20.07243936538375	0.8	5.376013376309486	0.4149999999999884
4.269999999999953	-10.551282076145071	0.7087499999999941	-19.993185139894404	0.8	5.371144652922105	0.4174999999999883
4.279999999999953	-10.508225544492143	0.7099999999999941	-19.914296666513625	0.8	5.366174153169774	0.41999999999998827
4.289999999999953	-10.465358137338495	0.711249999999994	-19.8357704735126	0.8	5.361102531499021	0.4224999999999882
4.299999999999953	-10.42267810968374	0.712499999999994	-19.757603127079545	0.8	5.355930501907574	0.42499999999998817
4.3099999999999525	-10.38018373694499	0.713749999999994	-19.67979123097781	0.8	5.350658834425167	0.4274999999999881
4.319999999999952	-10.337873314777507	0.714999999999994	-19.60233142620845	0.8	5.3452883517115595	0.42999999999998806
4.329999999999952	-10.295745158897642	0.716249999999994	-19.525220390677156	0.8	5.339819925770988	0.432499999999988
4.339999999999952	-10.253797604907719	0.7174999999999939	-19.44845483886558	0.8	5.334254474781375	0.43499999999998795
4.349999999999952	-10.212029008122997	0.7187499999999939	-19.37203152150688	0.8	5.328592960036909	0.4374999999999879
4.3599999999999515	-10.170437743400537	0.7199999999999939	-19.29594722526541	0.8	5.322836383001984	0.43999999999998785
4.369999999999951	-10.129022204970115	0.7212499999999938	-19.220198772420638	0.8	5.316985782475029	0.4424999999999878
4.379999999999951	-10.087780806266954	0.7224999999999938	-19.14478302055497	0.8	5.311042231859856	0.44499999999998774
4.389999999999951	-10.046711979766306	0.7237499999999938	-19.069696862245546	0.8	5.305006836542735	0.4474999999999877
4.399999999999951	-10.005814176819946	0.7249999999999938	-18.994937224760065	0.8	5.298880731372925	0.44999999999998763
4.40999999999995	-9.965085867494329	0.7262499999999937	-18.92050106975627	0.8	5.292665078244251	0.4524999999999876
4.41999999999995	-9.924525540410594	0.7274999999999937	-18.84638539298527	0.8	5.286361063775709	0.4549999999999875
4.42999999999995	-9.884131702586215	0.7287499999999937	-18.772587223998517	0.8	5.279969897088572	0.45749999999998747
4.43999999999995	-9.84390287927835	0.7299999999999937	-18.69910362585844	0.8	5.273492807677501	0.4599999999999874
4.4499999999999496	-9.803837613828836	0.7312499999999936	-18.625931694852575	0.8	5.266931043373495	0.46249999999998737
4.459999999999949	-9.763934467510715	0.7324999999999936	-18.55306856021114	0.8	5.260285868395938	0.4649999999999873
4.469999999999949	-9.724192019376451	0.7337499999999936	-18.480511383828215	0.8	5.253558561491455	0.46749999999998726
4.479999999999949	-9.68460886610754	0.7349999999999935	-18.408257359986	0.8	5.2467504141570345	0.4699999999999872
4.489999999999949	-9.645183621865712	0.7362499999999935	-18.33630371508258	0.8	5.239862728944947	0.47249999999998715
4.4999999999999485	-9.605914918145537	0.7374999999999935	-18.264647707362787	0.8	5.232896817846947	0.4749999999999871
4.509999999999948	-9.566801403628515	0.7387499999999935	-18.19328662665233	0.8	5.225854000755465	0.47749999999998705
4.519999999999948	-9.527841744038474	0.7399999999999934	-18.12221779409483	0.8	5.218735603999102	0.479999999999987
4.529999999999948	-9.489034621998428	0.7412499999999934	-18.051438561892123	0.8	5.211542958950246	0.48249999999998694
4.539999999999948	-9.450378736888725	0.7424999999999934	-17.9809463130474	0.8	5.204277400702242	0.4849999999999869
4.549999999999947	-9.411872804706423	0.7437499999999934	-17.910738461111258	0.8	5.196940266813956	0.48749999999998683
4.559999999999947	-9.37351555792606	0.7449999999999933	-17.84081244993061	0.8	5.189532896119123	0.4899999999999868
4.569999999999947	-9.33530574536158	0.7462499999999933	-17.77116575340051	0.8	5.182056627598582	0.4924999999999867
4.579999999999947	-9.297242132029453	0.7474999999999934	-17.701795875218494	0.8	5.174512799312782	0.4949999999999867
4.589999999999947	-9.259323499013032	0.7487499999999934	-17.632700348641773	0.8	5.166902747392639	0.4974999999999866
4.599999999999946	-9.221548643328005	0.7499999999999933	-17.56387673624705	0.8	5.159227805086344	0.49999999999998657
4.609999999999946	-9.18391637778897	0.7512499999999933	-17.495322629692723	0.8	5.151489301860313	0.5024999999999865
4.619999999999946	-9.146425530877112	0.7524999999999933	-17.42703564948377	0.8	5.143688562551881	0.5049999999999865
4.629999999999946	-9.109074946608947	0.7537499999999933	-17.3590134447391	0.8	5.135826906572028	0.5074999999999864
4.6399999999999455	-9.07186348440607	0.7549999999999932	-17.291253692961124	0.8	5.127905647155953	0.5099999999999864
4.649999999999945	-9.034790018965916	0.7562499999999932	-17.22375409980784	0.8	5.119926090659713	0.5124999999999863
4.659999999999945	-8.997853440133522	0.7574999999999932	-17.156512398867164	0.8	5.1118895359010335	0.5149999999999862
4.669999999999945	-8.961052652774189	0.7587499999999932	-17.08952635143346	0.8	5.103797273542424	0.5174999999999862
4.679999999999945	-8.92438657664715	0.7599999999999931	-17.022793746286293	0.8	5.0956505855148935	0.5199999999999861
4.689999999999944	-8.887854146280045	0.7612499999999931	-16.95631239947134	0.8	5.087450744480659	0.5224999999999861
4.699999999999944	-8.85145431084432	0.7624999999999931	-16.89008015408332	0.8	5.0791990133328815	0.524999999999986
4.709999999999944	-8.815186034031479	0.763749999999993	-16.824094880051	0.8	5.070896644731177	0.527499999999986
4.719999999999944	-8.779048293930133	0.764999999999993	-16.758354473924197	0.8	5.062544880671106	0.5299999999999859
4.729999999999944	-8.743040082903896	0.766249999999993	-16.6928568586627	0.8	5.054144952086286	0.5324999999999859
4.739999999999943	-8.707160407469981	0.767499999999993	-16.6275999834271	0.8	5.045698078481483	0.5349999999999858
4.749999999999943	-8.67140828817864	0.7687499999999929	-16.5625818233714	0.8	5.037205467595509	0.5374999999999858
4.759999999999943	-8.635782759493269	0.7699999999999929	-16.497800379437535	0.8	5.028668315092368	0.5399999999999857
4.769999999999943	-8.600282869671254	0.7712499999999929	-16.433253678151488	0.8	5.020087804279419	0.5424999999999857
4.7799999999999425	-8.564907680645483	0.7724999999999929	-16.368939771421253	0.8	5.011465105851282	0.5449999999999856
4.789999999999942	-8.529656267906564	0.7737499999999928	-16.304856736336394	0.8	5.002801377658253	0.5474999999999856
4.799999999999942	-8.49452772038565	0.7749999999999928	-16.241002674969174	0.8	4.994097764498004	0.5499999999999855
4.809999999999942	-8.459521140337905	0.7762499999999928	-16.17737571417733	0.8	4.985355397929575	0.5524999999999854
4.819999999999942	-8.42463564322655	0.7774999999999928	-16.113974005408352	0.8	4.9765753961083545	0.5549999999999854
4.8299999999999415	-8.389870357607576	0.7787499999999927	-16.050795724505203	0.8	4.967758863641168	0.5574999999999853
4.839999999999941	-8.355224425014908	0.7799999999999927	-15.987839071513555	0.8	4.95890689146035	0.5599999999999853
4.849999999999941	-8.320696999846211	0.7812499999999927	-15.925102270490356	0.8	4.950020556715924	0.5624999999999852
4.859999999999941	-8.286287249249169	0.7824999999999926	-15.862583569313804	0.8	4.941100922684822	0.5649999999999852
4.869999999999941	-8.251994353008332	0.7837499999999926	-15.800281239494636	0.8	4.932149038696409	0.5674999999999851
4.87999999999994	-8.217817503432375	0.7849999999999926	-15.738193575988642	0.8	4.923165940073243	0.5699999999999851
4.88999999999994	-8.18375590524194	0.7862499999999926	-15.676318897010544	0.8	4.914152648086509	0.572499999999985
4.89999999999994	-8.149808775457855	0.7874999999999925	-15.61465554384894	0.8	4.905110169925013	0.574999999999985
4.90999999999994	-8.115975343289843	0.7887499999999925	-15.55320188068255	0.8	4.896039498677262	0.5774999999999849
4.9199999999999395	-8.082254850025626	0.7899999999999925	-15.49195629439742	0.8	4.886941613325723	0.5799999999999849
4.929999999999939	-8.048646548920507	0.7912499999999925	-15.430917194405449	0.8	4.877817478752614	0.5824999999999848
4.939999999999939	-8.015149705087278	0.7924999999999924	-15.370083012463768	0.8	4.868668045756576	0.5849999999999848
4.949999999999939	-7.98176359538657	0.7937499999999924	-15.30945220249525	0.8	4.859494251079545	0.5874999999999847
4.959999999999939	-7.948487508317554	0.7949999999999924	-15.249023240409999	0.8	4.850297017443248	0.5899999999999846
4.9699999999999385	-7.915320743909003	0.7962499999999924	-15.188794623927794	0.8	4.8410772535946744	0.5924999999999846
4.979999999999938	-7.8822626136107035	0.7974999999999923	-15.128764872401408	0.8	4.831835854360057	0.5949999999999845
4.989999999999938	-7.849312440185196	0.7987499999999923	-15.06893252664091	0.8	4.822573700706754	0.5974999999999845
4.999999999999938	-7.816469557599851	0.8	-15.009296148738754	0.8	4.813291659812525	0.5999999999999875
5.009999999999938	-7.783733310919247	0.8	-14.949854321895707	0.8	4.8039905851417215	0.6019999999999874
5.019999999999937	-7.751103056197849	0.8	-14.890605650247641	0.8	4.794671316527967	0.6039999999999874
5.029999999999937	-7.718578160372971	0.8	-14.831548758692993	0.8	4.785334680262788	0.6059999999999874
5.039999999999937	-7.686158001158041	0.8	-14.772682292721038	0.8	4.775981489189886	0.6079999999999874
5.049999999999937	-7.653841966936083	0.8	-14.714004918240885	0.8	4.766612542804518	0.6099999999999873
5.0599999999999365	-7.621629456653551	0.8	-14.65551532141106	0.8	4.757228627357763	0.6119999999999873
5.069999999999936	-7.5895198797143	0.8	-14.597212208469907	0.8	4.747830515965101	0.6139999999999872
5.079999999999936	-7.557512655873895	0.8	-14.539094305566435	0.8	4.738418968719157	0.6159999999999872
5.089999999999936	-7.525607215134092	0.8	-14.48116035859193	0.8	4.728994732806157	0.6179999999999872
5.099999999999936	-7.493802997637598	0.8	-14.423409133012061	0.8	4.719558542625761	0.6199999999999871
5.1099999999999355	-7.462099453562989	0.8	-14.365839413699591	0.8	4.710111119914155	0.6219999999999871
5.119999999999935	-7.430496043019913	0.8	-14.308450004767543	0.8	4.700653173869832	0.623999999999987
5.129999999999935	-7.398992235944431	0.8	-14.251239729402966	0.8	4.691185401282021	0.625999999999987
5.139999999999935	-7.367587511994601	0.8	-14.194207429701171	0.8	4.681708486661471	0.627999999999987
5.149999999999935	-7.336281360446244	0.8	-14.137351966500379	0.8	4.6722231023731835	0.6299999999999869
5.159999999999934	-7.305073280088905	0.8	-14.08067221921686	0.8	4.662729908771103	0.6319999999999869
5.169999999999934	-7.273962779121997	0.8	-14.024167085680473	0.8	4.653229554334374	0.6339999999999868
5.179999999999934	-7.242949375051109	0.8	-13.967835481970662	0.8	4.643722675805006	0.6359999999999868
5.189999999999934	-7.21203259458451	0.8	-13.911676342252775	0.8	4.634209898326753	0.6379999999999868
5.199999999999934	-7.181211973529847	0.8	-13.855688618614755	0.8	4.624691835585072	0.6399999999999867
5.209999999999933	-7.150487056690965	0.8	-13.799871280904284	0.8	4.615169089947876	0.6419999999999867
5.219999999999933	-7.119857397764897	0.8	-13.744223316566053	0.8	4.605642252607001	0.6439999999999866
5.229999999999933	-7.089322559239098	0.8	-13.688743730479576	0.8	4.596111903720232	0.6459999999999866
5.239999999999933	-7.058882112288739	0.8	-13.633431544797187	0.8	4.58657861255366	0.6479999999999866
5.2499999999999325	-7.02853563667421	0.8	-13.578285798782261	0.8	4.577042937624327	0.6499999999999865
5.259999999999932	-6.998282720638811	0.8	-13.523305548647908	0.8	4.567505426843003	0.6519999999999865
5.269999999999932	-6.96812296080654	0.8	-13.468489867395695	0.8	4.557966617656905	0.6539999999999864
5.279999999999932	-6.93805596208009	0.8	-13.413837844654749	0.8	4.548427037192325	0.6559999999999864
5.289999999999932	-6.908081337538991	0.8	-13.359348586521104	0.8	4.538887202397047	0.6579999999999864
5.299999999999931	-6.8781987083379015	0.8	-13.305021215397169	0.8	4.529347620182388	0.6599999999999863
5.309999999999931	-6.848407703605059	0.8	-13.250854869831464	0.8	4.519808787564811	0.6619999999999863
5.319999999999931	-6.81870796034093	0.8	-13.196848704358583	0.8	4.510271191807113	0.6639999999999862
5.329999999999931	-6.789099123316956	0.8	-13.1430018893393	0.8	4.500735310558861	0.6659999999999862
5.339999999999931	-6.759580844974514	0.8	-13.08931361080085	0.8	4.491201611996291	0.6679999999999862
5.34999999999993	-6.730152785324045	0.8	-13.03578307027742	0.8	4.481670554961366	0.669999999999986
5.35999999999993	-6.70081461184431	0.8	-12.982409484650782	0.8	4.47214258910005	0.671999999999986
5.36999999999993	-6.671565999381853	0.8	-12.929192085991058	0.8	4.462618154999695	0.6739999999999859
5.37999999999993	-6.642406630050616	0.8	-12.876130121397651	0.8	4.453097684325492	0.675999999999986
5.3899999999999295	-6.613336193131767	0.8	-12.823222852840388	0.8	4.4435815999559285	0.677999999999986
5.399999999999929	-6.584354384973661	0.8	-12.770469557000636	0.8	4.434070316117185	0.6799999999999858
5.409999999999929	-6.555460908892008	0.8	-12.71786952511275	0.8	4.424564238516474	0.6819999999999858
5.419999999999929	-6.526655475070246	0.8	-12.665422062805462	0.8	4.415063764474207	0.6839999999999857
5.429999999999929	-6.497937800460088	0.8	-12.613126489943548	0.8	4.405569283055028	0.6859999999999857
5.4399999999999284	-6.469307608682247	0.8	-12.560982140469497	0.8	4.3960811751976125	0.6879999999999857
5.449999999999928	-6.440764629927431	0.8	-12.508988362245383	0.8	4.386599813843256	0.6899999999999856
5.459999999999928	-6.412308600857476	0.8	-12.457144516894827	0.8	4.377125564063164	0.6919999999999856
5.469999999999928	-6.383939264506725	0.8	-12.405449979645018	0.8	4.367658783184465	0.6939999999999855
5.479999999999928	-6.355656370183631	0.8	-12.353904139168984	0.8	4.358199820914921	0.6959999999999855
5.489999999999927	-6.327459673372579	0.8	-12.302506397427813	0.8	4.348749019466241	0.6979999999999855
5.499999999999927	-6.299348935635934	0.8	-12.251256169513113	0.8	4.33930671367613	0.6999999999999854
5.509999999999927	-6.271323924516346	0.8	-12.200152883489563	0.8	4.329873231128868	0.7019999999999854
5.519999999999927	-6.243384413439272	0.8	-12.149195980237502	0.8	4.320448892274556	0.7039999999999853
5.5299999999999265	-6.21553018161579	0.8	-12.09838491329576	0.8	4.311034010546942	0.7059999999999853
5.539999999999926	-6.187761013945651	0.8	-12.047719148704523	0.8	4.301628892479875	0.7079999999999853
5.549999999999926	-6.16007670092058	0.8	-11.997198164848397	0.8	4.29223383782225	0.7099999999999852
5.559999999999926	-6.13247703852789	0.8	-11.946821452299456	0.8	4.282849139651621	0.7119999999999852
5.569999999999926	-6.104961828154355	0.8	-11.896588513660655	0.8	4.273475084486328	0.7139999999999851
5.5799999999999255	-6.077530876490394	0.8	-11.846498863409158	0.8	4.264111952396208	0.7159999999999851
5.589999999999925	-6.050183995434523	0.8	-11.796552027739954	0.8	4.254760017111855	0.7179999999999851
5.599999999999925	-6.022921001998145	0.8	-11.746747544409546	0.8	4.245419546132458	0.719999999999985
5.609999999999925	-5.995741718210644	0.8	-11.697084962579835	0.8	4.236090800832177	0.721999999999985
5.619999999999925	-5.9686459710248005	0.8	-11.647563842662148	0.8	4.226774036565101	0.723999999999985
5.629999999999924	-5.941633592222557	0.8	-11.598183756161472	0.8	4.21746950276877	0.7259999999999849
5.639999999999924	-5.9147044183211	0.8	-11.548944285520774	0.8	4.208177443066256	0.7279999999999849
5.649999999999924	-5.88785829047932	0.8	-11.499845023965621	0.8	4.1988980953668085	0.7299999999999848
5.659999999999924	-5.861095054404614	0.8	-11.450885575348941	0.8	4.189631691965129	0.7319999999999848
5.6699999999999235	-5.834414560260087	0.8	-11.402065553995952	0.8	4.180378459639141	0.7339999999999848
5.679999999999923	-5.807816662572079	0.8	-11.353384584549358	0.8	4.171138619746452	0.7359999999999847
5.689999999999923	-5.781301220138138	0.8	-11.304842301814745	0.8	4.16191238831934	0.7379999999999847
5.699999999999923	-5.754868095935386	0.8	-11.256438350606253	0.8	4.152699976158399	0.7399999999999846
5.709999999999923	-5.728517157029244	0.8	-11.208172385592382	0.8	4.143501588924754	0.7419999999999846
5.7199999999999225	-5.702248274482616	0.8	-11.160044071142131	0.8	4.13431742723095	0.7439999999999846
5.729999999999922	-5.6760613232655315	0.8	-11.112053081171462	0.8	4.125147686730449	0.7459999999999845
5.739999999999922	-5.649956182165143	0.8	-11.064199098989905	0.8	4.115992558205792	0.7479999999999845
5.749999999999922	-5.623932733696254	0.8	-11.016481817147518	0.8	4.10685222765541	0.7499999999999843
5.759999999999922	-5.597990864012262	0.8	-10.968900937282204	0.8	4.097726876379103	0.7519999999999843
5.769999999999921	-5.572130462816565	0.8	-10.921456169967225	0.8	4.088616681062224	0.7539999999999843
5.779999999999921	-5.546351423274476	0.8	-10.87414723455914	0.8	4.079521813858536	0.7559999999999842
5.789999999999921	-5.52065364192562	0.8	-10.826973859046054	0.8	4.070442442471773	0.7579999999999842
5.799999999999921	-5.495037018596806	0.8	-10.779935779896208	0.8	4.061378730235976	0.7599999999999842
5.809999999999921	-5.469501456315432	0.8	-10.733032741906925	0.8	4.052330836194471	0.7619999999999841
5.81999999999992	-5.444046861223377	0.8	-10.68626449805401	0.8	4.043298915177697	0.7639999999999841
5.82999999999992	-5.418673142491505	0.8	-10.639630809341458	0.8	4.034283117879706	0.765999999999984
5.83999999999992	-5.393380212234579	0.8	-10.593131444651638	0.8	4.025283590933507	0.767999999999984
5.84999999999992	-5.3681679854268305	0.8	-10.546766180595831	0.8	4.016300476985157	0.769999999999984
5.8599999999999195	-5.34303637981806	0.8	-10.500534801365358	0.8	4.007333914766693	0.7719999999999839
5.869999999999919	-5.317985315850282	0.8	-10.45443709858297	0.8	3.9983840391678167	0.7739999999999839
5.879999999999919	-5.2930147165749695	0.8	-10.408472871154824	0.8	3.9894509813065095	0.7759999999999838
5.889999999999919	-5.268124507570875	0.8	-10.362641925122993	0.8	3.9805348685984088	0.7779999999999838
5.899999999999919	-5.243314616862493	0.8	-10.316944073518343	0.8	3.971635824825086	0.7799999999999838
5.909999999999918	-5.218584974839062	0.8	-10.271379136214057	0.8	3.962753970201194	0.7819999999999837
5.919999999999918	-5.19393551417422	0.8	-10.225946939779597	0.8	3.9538894214405027	0.7839999999999837
5.929999999999918	-5.169366169746326	0.8	-10.180647317335342	0.8	3.945042291820844	0.7859999999999836
5.939999999999918	-5.144876878559328	0.8	-10.135480108407652	0.8	3.9362126912479773	0.7879999999999836
5.949999999999918	-5.120467579664373	0.8	-10.090445158784618	0.8	3.9274007263183797	0.7899999999999836
5.959999999999917	-5.096138214082001	0.8	-10.045542320372371	0.8	3.918606500381001	0.7919999999999835
5.969999999999917	-5.071888724725051	0.8	-10.000771451052078	0.8	3.909830113597975	0.7939999999999835
5.979999999999917	-5.047719056322204	0.8	-9.956132414537427	0.8	3.901071663004291	0.7959999999999834
5.989999999999917	-5.023629155342248	0.8	-9.911625080232975	0.8	3.8923312425664958	0.7979999999999834
5.9999999999999165	-4.999618969918997	0.8000000000000697	-9.867249323092976	0.8000000000000929	3.8836089432403833	0.8000000000000232
6.009999999999916	-4.975688449776918	0.7916666666667365	-9.823005023481011	0.788888888888982	3.8749048530276777	0.7972222222222455
6.019999999999916	-4.951837546157505	0.7833333333334034	-9.778892067030252	0.7777777777778712	3.866219057031814	0.7944444444444678
6.029999999999916	-4.928066211746314	0.7750000000000702	-9.734910344504538	0.7666666666667603	3.8575516375127044	0.79166666666669
6.039999999999916	-4.904374400600752	0.766666666666737	-9.691059751660086	0.7555555555556493	3.848902673940617	0.7888888888889124
6.0499999999999154	-4.880762068078607	0.7583333333334039	-9.647340189108071	0.7444444444445385	3.8402722430490965	0.7861111111111346
6.059999999999915	-4.857229170767293	0.7500000000000708	-9.603751562177832	0.7333333333334277	3.831660418887022	0.783333333333357
6.069999999999915	-4.8337756664138665	0.7416666666667376	-9.560293780781043	0.7222222222223168	3.823067272869695	0.7805555555555792
6.079999999999915	-4.8104015138557905	0.7333333333334044	-9.516966759276551	0.7111111111112058	3.8144928738291335	0.7777777777778014
6.089999999999915	-4.78710667295246	0.7250000000000714	-9.473770416336087	0.700000000000095	3.80593728806343	0.7750000000000238
6.099999999999914	-4.7638911045175005	0.7166666666667382	-9.430704674810867	0.6888888888889841	3.797400579385313	0.772222222222246
6.109999999999914	-4.740754770251842	0.708333333333405	-9.387769461598966	0.6777777777778733	3.7888828091697926	0.7694444444444684
6.119999999999914	-4.717697632677579	0.7000000000000719	-9.344964707513629	0.6666666666667624	3.7803840364010766	0.7666666666666906
6.129999999999914	-4.694719655072621	0.6916666666667387	-9.302290347152423	0.6555555555556516	3.7719043177185636	0.7638888888889129
6.1399999999999135	-4.671820801406142	0.6833333333334055	-9.259746318767398	0.6444444444445407	3.7634437074621343	0.7611111111111352
6.149999999999913	-4.649001036274829	0.6750000000000724	-9.217332564136008	0.6333333333334299	3.7550022577165856	0.7583333333333575
6.159999999999913	-4.626260324839934	0.6666666666667392	-9.17504902843311	0.622222222222319	3.746580018355306	0.7555555555555797
6.169999999999913	-4.603598632765164	0.658333333333406	-9.1328956601039	0.6111111111112081	3.738177037083215	0.752777777777802
6.179999999999913	-4.581015926155367	0.650000000000073	-9.090872410737745	0.6000000000000972	3.7297933594789052	0.7500000000000243
6.1899999999999125	-4.558512171496054	0.6416666666667398	-9.0489792349431	0.5888888888889864	3.7214290290360763	0.7472222222222465
6.199999999999912	-4.536087335593752	0.6333333333334066	-9.007216090223364	0.5777777777778755	3.7130840872042326	0.7444444444444689
6.209999999999912	-4.513741385517183	0.6250000000000735	-8.965582936853759	0.5666666666667647	3.704758573428664	0.7416666666666911
6.219999999999912	-4.491474288539302	0.6166666666667403	-8.92407973775928	0.5555555555556537	3.6964525251897093	0.7388888888889135
6.229999999999912	-4.469286012080164	0.6083333333334072	-8.88270645839369	0.5444444444445429	3.6881659780413676	0.7361111111111357
6.239999999999911	-4.447176523650646	0.600000000000074	-8.841463066619525	0.533333333333432	3.679898965649184	0.733333333333358
6.249999999999911	-4.425145790797024	0.591666666666741	-8.800349532589241	0.5222222222223212	3.671651519827483	0.7305555555555803
6.259999999999911	-4.403193781046381	0.5833333333334078	-8.75936582862742	0.5111111111112103	3.6634236705759426	0.7277777777778025
6.269999999999911	-4.381320461852935	0.5750000000000746	-8.7185119291141	0.5000000000000995	3.655215446115535	0.7250000000000248
6.2799999999999105	-4.359525800545155	0.5666666666667415	-8.677787810369223	0.4888888888889886	3.647026872923801	0.7222222222222471
6.28999999999991	-4.3378097642738025	0.5583333333334083	-8.637193450538186	0.4777777777778777	3.6388579757695223	0.7194444444444694
6.29999999999991	-4.316172319960807	0.5500000000000751	-8.596728829478595	0.46666666666676687	3.630708777746765	0.7166666666666917
6.30999999999991	-4.294613434249023	0.541666666666742	-8.556393928648149	0.455555555555656	3.6225793003083266	0.713888888888914
6.31999999999991	-4.273133073452878	0.5333333333334088	-8.516188730993683	0.4444444444445451	3.6144695632985817	0.7111111111111362
6.3299999999999095	-4.251731203509859	0.5250000000000757	-8.476113220841436	0.43333333333343427	3.606379584985744	0.7083333333333586
6.339999999999909	-4.230407789932914	0.5166666666667425	-8.436167383788478	0.4222222222223234	3.5983093820935497	0.7055555555555808
6.349999999999909	-4.209162797763696	0.5083333333334094	-8.396351206595373	0.4111111111112125	3.59025896983239	0.702777777777803
6.359999999999909	-4.1879961915267305	0.5000000000000763	-8.356664677080072	0.40000000000010166	3.582228361929866	0.7000000000000254
6.369999999999909	-4.1669079351844145	0.497482297574101	-8.31710778401298	0.3981065702839449	3.574217570660819	0.6984346185330118
6.379999999999908	-4.145897992092944	0.49497394487621904	-8.277680517013364	0.3962193452474896	3.5662266068767976	0.6968731115369023
6.389999999999908	-4.124966324959091	0.4924749374539817	-8.238382866446932	0.3943383244294967	3.558255480035032	0.6953154808597141
6.399999999999908	-4.104112895797861	0.48998527077240467	-8.199214823324658	0.3924635073996976	3.550304198226854	0.6937617280825666
6.409999999999908	-4.083337665891075	0.48750494020896956	-8.160176379203042	0.39059489375393586	3.5423727682056425	0.6922118545251318
6.419999999999908	-4.062640595746785	0.4850339410487786	-8.121267526085433	0.3887324831094438	3.534461195414219	0.6906658612509864
6.429999999999907	-4.042021645059601	0.4825722684798181	-8.082488256324833	0.38687627510019046	3.526569484011823	0.6891237490728835
6.439999999999907	-4.021480772671872	0.48011991758832384	-8.043838562527837	0.3850262693722831	3.51869763690052	0.6875855185579134
6.449999999999907	-4.0010179365357965	0.4776768833542578	-8.005318437460076	0.3831824655794416	3.5108456557512118	0.6860511700325852
6.459999999999907	-3.980633093676344	0.4752431606468808	-7.966927873952773	0.3813448633785253	3.503013541029112	0.684520703587806
6.4699999999999065	-3.960326200155114	0.47281874422043846	-7.9286668648107925	0.37951346242513195	3.4952012920188174	0.6829941190837795
6.479999999999906	-3.9400972110350514	0.4704036287099479	-7.890535402721932	0.3776882623692558	3.4874089068489025	0.6814714161548121
6.489999999999906	-3.9199460803460107	0.4679978086270868	-7.852533480167573	0.3758692628510107	3.479636382516059	0.6799525942140302
6.499999999999906	-3.8998727610512307	0.4656012783561909	-7.81466108933469	0.3740564634964185	3.471883714908826	0.6784376524580167
6.509999999999906	-3.8798772050146697	0.4632140321503541	-7.776918222029235	0.37224986391326315	3.464150898830888	0.6769265898713646
6.519999999999905	-3.859959362969168	0.46083606412762756	-7.739304869590793	0.37044946368700504	3.4564379280239206	0.6754194052311401
6.529999999999905	-3.84011918448555	0.4584673682673304	-7.701821022808763	0.36865526237676993	3.4487447951900836	0.6739160971112789
6.539999999999905	-3.8203566179425086	0.4561079384064549	-7.664466671839693	0.3668672595113912	3.441071492014039	0.6724166638868885
6.549999999999905	-3.8006716104974108	0.4537577682361804	-7.627241806126222	0.3650854545855303	3.433418009184625	0.6709211037384831
6.559999999999905	-3.7810641080579135	0.4514168512984849	-7.5901464143172115	0.3633098470558538	3.425784336416108	0.6694294146561368
6.569999999999904	-3.7615340552544554	0.4490851809828609	-7.5531804841893555	0.36154043633728117	3.418170462469064	0.6679415944435639
6.579999999999904	-3.7420813954136003	0.4467627505231325	-7.516344002570201	0.35977722179929983	3.410576375170878	0.6664576407221249
6.589999999999904	-3.7227060705321877	0.44444955299436995	-7.479636955262452	0.3580202027623423	3.403002061435866	0.664977550934758
6.599999999999904	-3.7034080212523675	0.44214558130990833	-7.443059326969784	0.3562693784942349	3.3954475072850414	0.663501322349842
6.6099999999999035	-3.684187186837442	0.439850828218464	-7.406611101223956	0.354524748206709	3.387912697865524	0.6620289520649894
6.619999999999903	-3.665043505148532	0.4375652863013483	-7.370292260313406	0.35278631105198316	3.380397617469575	0.6605604370107647
6.629999999999903	-3.6459769126221184	0.4352889479697864	-7.334102785213192	0.3510540661194099	3.3729022495533303	0.6590957739543467
6.639999999999903	-3.626987344248306	0.43302180546232266	-7.298042655516331	0.3493280124321887	3.365426576755145	0.657634959503112
6.649999999999903	-3.608074733550014	0.4307638508423355	-7.262111849366563	0.3476081489441482	3.357970580913631	0.6561779901081604
6.659999999999902	-3.589239012562885	0.42851507599563926	-7.226310343392507	0.34589447453659417	3.350534243085377	0.6547248620677767
6.669999999999902	-3.5704801118160625	0.4262754726281891	-7.190638112643218	0.344186988015225	3.3431175435623075	0.6532755715308239
6.679999999999902	-3.5517979603137153	0.4240450322638752	-7.155095130525157	0.34248568810711466	3.3357204618887724	0.651830114500082
6.689999999999902	-3.5331924855173864	0.4218237462424155	-7.119681368740531	0.3407905734577614	3.3283429768782846	0.6503884868355186
6.699999999999902	-3.5146636133291183	0.41961160571734085	-7.0843967972270505	0.3391016426282042	3.320985066629987	0.6489506842575072
6.709999999999901	-3.496211268075346	0.41740860165407234	-7.049241384099094	0.3374188940922061	3.3136467085447885	0.6475167023499798
6.719999999999901	-3.477835372491582	0.4152147248280924	-7.014215095590268	0.33574232623350553	3.30632787934124	0.6460865365635294
6.729999999999901	-3.4595358477078495	0.4130299658232064	-6.979317895997344	0.3340719373431321	3.2990285550710827	0.6446601822184487
6.739999999999901	-3.441312613234895	0.41085431502989556	-6.944549747625584	0.3324077256167901	3.291748711134537	0.6432376345077169
6.7499999999999005	-3.423165586951124	0.40868776264375833	-6.90991061073547	0.3307496891523083	3.284488322295316	0.6418188884999338
6.7599999999999	-3.405094685090307	0.40653029866404183	-6.875400443490833	0.3290978259471571	3.277247362695351	0.6404039391421981
6.7699999999999	-3.3870998222300166	0.4043819128922616	-6.841019201908314	0.3274521338960297	3.2700258058692406	0.6389927812629294
6.7799999999999	-3.3691809112807958	0.4022425949309087	-6.806766839808261	0.32581261078849133	3.2628236247584774	0.6375854095746492
6.7899999999999	-3.3513378634760262	0.40011233418223957	-6.772643308766932	0.32417925430669203	3.2556407917253356	0.6361818186766947
6.7999999999998995	-3.3335705883625653	0.3979911198471586	-6.738648558070151	0.3225520620231476	3.2484772785666154	0.634782003057904
6.809999999999899	-3.3158789937920212	0.39587894092417647	-6.704782534668216	0.32093103139858176	3.241333056527018	0.6333859570992304
6.819999999999899	-3.2982629859127948	0.3937757862084596	-6.671045183132293	0.3193161597798386	3.234208096312369	0.6319936750763256
6.829999999999899	-3.2807224691627614	0.3916816442909571	-6.637436445612041	0.31770744439785453	3.227102368102529	0.6306051511620634
6.839999999999899	-3.2632573462626726	0.3895965035576124	-6.603956261794684	0.3161048823656991	3.220015841564141	0.6292203794290299
6.849999999999898	-3.2458675182101984	0.3875203521886524	-6.57060456886531	0.3145084706766744	3.2129484858630595	0.6278393538519524
6.859999999999898	-3.228552884274679	0.3854531781579606	-6.537381301468647	0.312918206202486	3.2059002696766266	0.626462068310099
6.869999999999898	-3.2113133419924877	0.3833949692325237	-6.504286391672011	0.3113340856914688	3.198871161205669	0.625088516589622
6.879999999999898	-3.1941487871630936	0.38134571297196135	-6.471319768929682	0.3097561057668825	3.191861128186314	0.6237186923858671
6.8899999999998975	-3.177059113845714	0.3793053967281266	-6.43848136004856	0.308184262925267	3.1848701379015543	0.6223525893056338
6.899999999999897	-3.1600442143566476	0.37727400764478736	-6.405771089155067	0.3066185535348587	3.177898157192628	0.6209902008693982
6.909999999999897	-3.1431039792671918	0.37525153265737804	-6.373188877663435	0.3050589738340722	3.1709451524701655	0.619631520513492
6.919999999999897	-3.126238297402214	0.3732379584928287	-6.3407346442452335	0.30350551993004204	3.1640110897251494	0.6182765415922441
6.929999999999897	-3.109447055839284	0.3712332716694616	-6.308408304800132	0.30195818779722283	3.157095934539666	0.6169252573800811
6.9399999999998965	-3.092730139908449	0.36923745849696415	-6.2762097724280075	0.3004169732760545	3.150199652097448	0.6155776610735876
6.949999999999896	-3.076087433192559	0.3672505050764283	-6.244138957402269	0.2988818720716852	3.143322207194238	0.6142337457935317
6.959999999999896	-3.059518817528214	0.36527239730046285	-6.2121957671444195	0.2973528797527538	3.1364635642479644	0.612893504586853
6.969999999999896	-3.043024173007215	0.3633031208533672	-6.180380106199871	0.2958299917502324	3.129623687308697	0.6115569304286081
6.979999999999896	-3.0266033779786605	0.36134266121138153	-6.148691876215001	0.2943132033563277	3.122802540068455	0.6102240162238876
6.989999999999895	-3.0102563090515146	0.35939100364299353	-6.117130975915385	0.29280250972343946	3.1160000858708212	0.6088947548096938
6.999999999999895	-2.993982841097779	0.35744813320931673	-6.0856973010852915	0.29129790586317883	3.1092162877203626	0.607569138956783
7.009999999999895	-2.977782847256158	0.35551403476452853	-6.054390744548306	0.2897993866454411	3.102451108291902	0.6062471613714759
7.019999999999895	-2.9616561989362578	0.3535886929563711	-6.0232111961492	0.2883069467975375	3.095704509939597	0.6049288146974326
7.0299999999998946	-2.9456027658233137	0.35167209222671614	-5.992158542736933	0.2868205809033818	3.0889764547058594	0.6036140915173953
7.039999999999894	-2.929622415883411	0.3497642168121879	-5.961232668148839	0.28534028340273343	3.0822669043301123	0.6023029843548992
7.049999999999894	-2.9137150153691898	0.3478650507448445	-5.930433453195955	0.2838660485904951	3.0755758202573746	0.6009954856759503
7.059999999999894	-2.897880428826066	0.34597457785292046	-5.899760775649474	0.28239787061606425	3.0689031636466955	0.5996915878906737
7.069999999999894	-2.8821185190988903	0.34409278176162195	-5.869214510228323	0.2809357434827388	3.0622488953794145	0.5983912833549273
7.0799999999998935	-2.8664291473391095	0.3422196458939814	-5.838794528587907	0.2794796610471781	3.0556129760672963	0.5970945643718918
7.089999999999893	-2.8508121730123634	0.3403551534717648	-5.808500699309862	0.27802961701891243	3.0489953660604936	0.5958014231936263
7.099999999999893	-2.8352674539065292	0.3384992875164321	-5.7783328878929545	0.2765856049599076	3.0423960254553473	0.5945118520225929
7.109999999999893	-2.8197948461402316	0.33665203085015305	-5.748290956745083	0.2751476182841818	3.035814914102085	0.5932258430131612
7.119999999999893	-2.804394204171737	0.3348133660968691	-5.718374765176239	0.27371565025746913	3.029251991612333	0.5919433882730755
7.129999999999892	-2.7890653808083097	0.3329832756834105	-5.688584169392631	0.2722896939969378	3.022707217366506	0.5906644798648994
7.139999999999892	-2.7738082272159486	0.3311617418406589	-5.658919022491761	0.27086974247095474	3.016180550521055	0.589389109807432
7.149999999999892	-2.7586225929295494	0.32934874660476016	-5.629379174458572	0.2694557884989013	3.009671950015584	0.5881172700770986
7.159999999999892	-2.743508325863417	0.3275442718183799	-5.599964472162541	0.26804782475103384	3.003181374579821	0.5868489526093126
7.169999999999892	-2.7284652723222305	0.3257482991320123	-5.570674759355883	0.2666458437483981	2.9967087827404777	0.5855841492998163
7.179999999999891	-2.713493277012294	0.3239608100053234	-5.541509876672569	0.2652498378627817	2.9902541328279546	0.584322852005991
7.189999999999891	-2.69859218305322	0.32218178570854594	-5.512469661628467	0.2638597993167215	2.98381738298294	0.5830650525481467
7.199999999999891	-2.683761831989937	0.32041120732391315	-5.483553948622326	0.2624757201835501	2.9773984911628797	0.5818107427107855
7.209999999999891	-2.669002063805032	0.3186490557471318	-5.454762568937768	0.26109759238749164	2.970997415148319	0.5805599142438425
7.2199999999998905	-2.6543127169314573	0.3168953116889	-5.426095350746144	0.25972540770379837	2.964614112549124	0.5793125588638998
7.22999999999989	-2.6396936282655394	0.3151499556764595	-5.397552119110353	0.2583591577589332	2.958248540810596	0.5780686682553823
7.23999999999989	-2.6251446331803145	0.31341296805518826	-5.3691326959894985	0.25699883403079316	2.951900657219461	0.5768282340717277
7.24999999999989	-2.610665565539165	0.3116843289902287	-5.340836900244483	0.2556444278489764	2.9455704189097505	0.575591247936536
7.25999999999989	-2.596256257709771	0.3099640184681528	-5.312664547644422	0.25429593039509	2.93925778286856	0.5743577014446947
7.269999999999889	-2.581916540578331	0.3082520162986602	-5.284615450873933	0.25295333270309833	2.932962705941708	0.5731275861634839
7.279999999999889	-2.567646243564078	0.3065483021163114	-5.256689419541246	0.25161662565971143	2.926685144839293	0.5719008936336634
7.289999999999889	-2.5534451946340546	0.30485285538229145	-5.228886260187134	0.25028580000481265	2.9204250561411245	0.570677615370533
7.299999999999889	-2.5393132203181765	0.3031656553862085	-5.201205776294678	0.24896084633192556	2.9141823963020688	0.5694577428649775
7.309999999999889	-2.5252501457245113	0.3014866812479179	-5.173647768299773	0.24764175508871747	2.9079571216572893	0.5682412675844909
7.319999999999888	-2.511255794554844	0.29981591191938056	-5.146212033602446	0.24632851657754082	2.901749188427369	0.567028180974177
7.329999999999888	-2.4973299891204417	0.2981533261865451	-5.118898366578924	0.24502112095601075	2.895558552723359	0.5658184744577357
7.339999999999888	-2.4834725503580892	0.29649890267126233	-5.091706558594474	0.24371955823761998	2.889385170551722	0.56461213943843
7.349999999999888	-2.469683297846298	0.2948526198332203	-5.064636398016908	0.242423818292385	2.8832289978191685	0.5634091673000302
7.3599999999998875	-2.455962049821762	0.293214455971909	-5.037687670230865	0.24113389084752976	2.8770899903374163	0.5622095494077438
7.369999999999887	-2.442308623196004	0.2915843892286079	-5.010860157652784	0.23984976548820255	2.8709681038278503	0.561013277109127
7.379999999999887	-2.4287228335722117	0.28996239758839587	-4.9841536397465305	0.23857143165822353	2.864863293926087	0.5598203417349756
7.389999999999887	-2.4152044952622704	0.28834845888218447	-4.957567893039741	0.23729887866086763	2.8587755161864634	0.558630734600203
7.399999999999887	-2.40175342130398	0.28674255078877386	-4.931102691140795	0.23603209565967662	2.8527047260864355	0.5574444470046991
7.4099999999998865	-2.388369423478415	0.2851446508369252	-4.904757804756418	0.23477107167930156	2.8466508790308724	0.5562614702341698
7.419999999999886	-2.375052312327476	0.28355473640745615	-4.87853300170994	0.23351579560637706	2.8406139303562985	0.5550817955609658
7.429999999999886	-2.3618018971715875	0.2819727847353537	-4.852428046960152	0.23226625619042382	2.8345938353350255	0.5539054142448899
7.439999999999886	-2.3486179861275396	0.28039877291190424	-4.826442702620758	0.23102244204477956	2.8285905491792245	0.5527323175339932
7.449999999999886	-2.3355003861264687	0.2788326778868405	-4.800576727980408	0.22978434164755798	2.8226040270449015	0.5515624966653515
7.459999999999885	-2.322448902931973	0.2772744764705042	-4.774829879523303	0.22855194334263507	2.8166342240357984	0.5503959428658274
7.469999999999885	-2.3094633411583576	0.2757241453360241	-4.749201910950359	0.2273252353406622	2.810681095207233	0.5492326473528213
7.479999999999885	-2.296543504288988	0.27418166102150754	-4.7236925732008785	0.22610420572010337	2.804744595569843	0.5480726013350029
7.489999999999885	-2.2836891946947486	0.272646999932244	-4.698301614474807	0.22488884242830048	2.7988246800932655	0.5469157960130295
7.4999999999998845	-2.2709002136526304	0.27112013834292426	-4.673028780255414	0.2236791332825591	2.7929213037097433	0.5457622225802518
