0	42.24392190927743	2.3	0.	0	-790.5694150420948	62.97289099287089
0.01	41.57302981391385	2.4436363636363634	0.	0	-685.2530558585538	54.58390518031194
0.02	40.89335328814038	2.587272727272727	0.	0	-601.40653040586	47.90510126126288
0.03	40.20800014129672	2.7309090909090914	0.	0	-533.3655732934894	42.48529157249599
0.04	39.51967900465561	2.874545454545455	0.	0	-477.2522177007577	38.015576253699926
0.05	38.83074942812106	3.0181818181818185	0.	0	-430.33148291193515	34.27810012454231
0.060000000000000005	38.14326351176622	3.161818181818181	0.	0	-390.625	31.115275997339708
0.07	37.459001287538214	3.3054545454545456	0.	0	-356.67003681813674	28.410589787078763
0.08	36.77950130404829	3.449090909090909	0.	0	-327.3642505493276	26.07623425921177
0.09	36.10608739932936	3.592727272727272	0.	0	-301.8628077244234	24.044914113733952
0.09999999999999999	35.439892351482605	3.7363636363636354	0.	0	-279.5084971874737	22.264279125990132
0.10999999999999999	34.78187890688237	3.879999999999999	0.	0	-259.7832026618957	20.693058688762168
0.11999999999999998	34.132858560206515	4.0236363636363635	0.	0	-242.27354131319373	19.298324748321047
0.12999999999999998	33.49350837611055	4.167272727272727	0.	0	-226.64610223595085	18.053519423469783
0.13999999999999999	32.864386084201676	4.310909090909091	0.	0	-212.62931794992866	16.937010977633612
0.15	32.24594363791631	4.454545454545454	0.	0	-200.	15.93102131063793
0.16	31.63853939813083	4.598181818181818	0.	0	-188.5732068636385	15.0208188857998
0.17	31.042449080086897	4.741818181818182	0.	0	-178.19452752766222	14.194104077411222
0.18000000000000002	30.457875585052573	4.885454545454546	0.	0	-168.73413973626214	13.440535879852755
0.19000000000000003	29.884957824470792	5.029090909090909	0.	0	-160.08218808366536	12.751363749072112
0.20000000000000004	29.32377863311687	5.172727272727273	0.	0	-152.14515486254612	12.119138522127653
0.21000000000000005	28.77437185829996	5.316363636363636	0.	0	-144.8429855054636	11.537483443919808
0.22000000000000006	28.236728703937636	5.460000000000001	0.	0	-138.1067932004975	11.000911328104959
0.23000000000000007	27.71080340109864	5.603636363636364	0.	0	-131.87701208764983	10.504677449758029
0.24000000000000007	27.196518270138508	5.747272727272728	0.	0	-126.10190084007999	10.044660347976329
0.25000000000000006	26.693768233705207	5.890909090909091	0.	0	-120.73632210407375	9.617264602040223
0.26000000000000006	26.202424834569435	6.034545454545455	0.	0	-115.7407407407407	9.2193410362488
0.2700000000000001	25.7223398073676	6.178181818181819	0.	0	-111.08039682794409	8.848120845300478
0.2800000000000001	25.253348248885015	6.321818181818182	0.	0	-106.72461916497531	8.501160911434697
0.2900000000000001	24.79527142741317	6.465454545454546	0.	0	-102.64625243915837	8.176298175326766
0.3000000000000001	24.347919267958215	6.609090909090909	0.	0	-98.8211768802618	7.871611374108857
0.3100000000000001	23.911092546631618	6.752727272727274	0.	0	-95.2279035906134	7.585388807347182
0.3200000000000001	23.48458482439646	6.896363636363637	0.	0	-91.84723212029276	7.316101061157464
0.3300000000000001	23.068184147452754	7.040000000000001	0.	0	-88.66195949570034	7.062377830844596
0.34000000000000014	22.66167453890471	7.1836363636363645	0.	0	-85.65663198231917	6.822988147538987
0.35000000000000014	22.264837303943235	7.327272727272728	0.	0	-82.81733249999216	6.596823444737813
0.36000000000000015	21.87745216858204	7.4709090909090925	0.	0	-80.13149791027013	6.382883004309262
0.37000000000000016	21.499298269988984	7.614545454545456	0.	0	-77.58776143505024	6.180261404332387
0.38000000000000017	21.130155014640806	7.75818181818182	0.	0	-75.17581630073248	5.988137657657858
0.3900000000000002	20.769802818884674	7.901818181818183	0.	0	-72.88629737609324	5.805765783760175
0.4000000000000002	20.418023745000053	8.045454545454547	0.	0	-70.7106781186547	5.632466599989737
0.4100000000000002	20.074602044506765	8.189090909090911	0.	0	-68.64118058960827	5.46762055380198
0.4200000000000002	19.73932461924736	8.332727272727274	0.	0	-66.67069666168615	5.310661446561997
0.4300000000000002	19.411981409672897	8.476363636363638	0.	0	-64.79271884372119	5.161070923367471
0.4400000000000002	19.092365718770463	8.620000000000003	0.	0	-63.001279392571405	5.018373623002548
0.45000000000000023	18.78027447917795	8.763636363636365	0.	0	-61.290896587567424	4.882132898423212
0.46000000000000024	18.47550847022893	8.90727272727273	0.	0	-59.65652721259469	4.751947031712489
0.47000000000000025	18.177872490947745	9.050909090909093	0.	0	-58.09352443267733	4.62744587873524
0.48000000000000026	17.887175494366527	9.194545454545457	0.	0	-56.597600370570035	4.508287888172603
0.49000000000000027	17.603230687953094	9.338181818181821	0.	0	-55.164792788484654	4.3941574475513745
0.5000000000000002	17.325855604416223	9.481818181818184	0.	0	-53.791435363991866	4.284762515567786
0.5100000000000002	17.05487214668615	9.625454545454547	0.	0	-52.47413112003932	4.179832505652778
0.5200000000000002	16.7901066104483	9.769090909090911	0.	0	-51.209728629109044	4.079116390511608
0.5300000000000002	16.531389687232462	9.912727272727276	0.	0	-49.99530066259617	3.9823810014378522
0.5400000000000003	16.27855645072287	10.056363636363638	0.	0	-48.82812499999998	3.889409499667462
0.5500000000000003	16.031446328653963	10.199999999999996	0.	0	-47.705667149695536	3.800000000000002
0.5600000000000003	15.789903062387205	10.039999999999996	0.	0	-46.62556476489873	3.906666666666669
0.5700000000000003	15.55377465602423	9.879999999999995	0.	0	-45.58561356578551	4.013333333333335
0.5800000000000003	15.322913316696487	9.719999999999995	0.	0	-44.583754602267064	4.120000000000003
0.5900000000000003	15.097175387480107	9.559999999999995	0.	0	-43.618062712235194	4.226666666666669
0.6000000000000003	14.87642127421353	9.399999999999995	0.	0	-42.686736047656886	4.333333333333336
0.6100000000000003	14.660515367342965	9.239999999999995	0.	0	-41.78808655612157	4.440000000000003
0.6200000000000003	14.449325959784835	9.079999999999995	0.	0	-40.92053131866592	4.5466666666666695
0.6300000000000003	14.242725161673155	8.919999999999995	0.	0	-40.08258465620907	4.653333333333336
0.6400000000000003	14.040588812752073	8.759999999999994	0.	0	-39.27285092696595	4.760000000000003
0.6500000000000004	13.842796393077897	8.599999999999994	0.	0	-38.490017945975026	4.866666666666671
0.6600000000000004	13.649230932609477	8.439999999999994	0.	0	-37.7328509655529	4.973333333333336
0.6700000000000004	13.459778920190239	8.279999999999994	0.	0	-37.00018716222008	5.080000000000004
0.6800000000000004	13.27433021235765	8.119999999999994	0.	0	-36.29093058155753	5.186666666666671
0.6900000000000004	13.092777942356307	7.959999999999994	0.	0	-35.60404749765896	5.293333333333337
0.7000000000000004	12.915018429677856	7.799999999999994	0.	0	-34.938562148434194	5.400000000000004
0.7100000000000004	12.74095109040406	7.6399999999999935	0.	0	-34.293552812071304	5.506666666666671
0.7200000000000004	12.570478348587814	7.479999999999993	0.	0	-33.66814819355075	5.613333333333338
0.7300000000000004	12.403505548870264	7.319999999999993	0.	0	-33.0615240932802	5.720000000000004
0.7400000000000004	12.23994087049975	7.159999999999993	0.	0	-32.47290033273694	5.8266666666666715
0.7500000000000004	12.07969524288985	6.999999999999993	0.	0	-31.90153791450824	5.933333333333338
0.7600000000000005	11.922682262828467	6.839999999999993	0.	0	-31.34673639634835	6.0400000000000045
0.7700000000000005	11.768818113428022	6.679999999999993	0.	0	-30.80783146085615	6.146666666666672
0.7800000000000005	11.618021484887242	6.5199999999999925	0.	0	-30.284192664149185	6.253333333333338
0.7900000000000005	11.470213497118188	6.359999999999992	0.	0	-29.775221348493236	6.360000000000005
0.8000000000000005	11.325317624277178	6.199999999999992	0.	0	-29.280348705262753	6.466666666666672
0.8100000000000005	11.18325962122548	6.039999999999992	0.	0	-28.799033975876853	6.573333333333339
0.8200000000000005	11.043967451934309	5.879999999999992	0.	0	-28.330762779493835	6.680000000000006
0.8300000000000005	10.907371219838918	5.719999999999992	0.	0	-27.875045557269473	6.786666666666672
0.8400000000000005	10.773403100138239	5.559999999999992	0.	0	-27.431416123904057	6.893333333333339
0.8500000000000005	10.641997274029231	5.399999999999999	0.	0	-26.99943031803035	6.999999999999997
0.8600000000000005	10.513089864858971	5.37142857142857	0.	0	-26.578664743741058	6.959999999999997
0.8700000000000006	10.3866188761722	5.342857142857142	0.	0	-26.168715596227276	6.919999999999997
0.8800000000000006	10.26252413162773	5.314285714285713	0.	0	-25.769197565107397	6.879999999999997
0.8900000000000006	10.140747216753281	5.285714285714285	0.	0	-25.379742809576044	6.839999999999997
0.9000000000000006	10.0212314225053	5.257142857142856	0.	0	-24.99999999999998	6.799999999999997
0.9100000000000006	9.90392169059785	5.228571428571427	0.	0	-24.62963342103931	6.759999999999997
0.9200000000000006	9.788764560562559	5.199999999999998	0.	0	-24.26832213178121	6.719999999999997
0.9300000000000006	9.675708118500117	5.17142857142857	0.	0	-23.91575917874496	6.679999999999997
0.9400000000000006	9.564701947482556	5.1428571428571415	0.	0	-23.57165085795479	6.639999999999997
0.9500000000000006	9.455697079564704	5.114285714285713	0.	0	-23.2357160225841	6.599999999999997
0.9600000000000006	9.348645949362616	5.0857142857142845	0.	0	-22.907685432954324	6.559999999999997
0.9700000000000006	9.243502349156465	5.057142857142855	0.	0	-22.587301145926695	6.519999999999997
0.9800000000000006	9.140221385475273	5.028571428571427	0.	0	-22.274315940957763	6.479999999999997
0.9900000000000007	9.038759437120893	4.999999999999998	0.	0	-21.968492780301617	6.439999999999997
1.0000000000000007	8.939074114588987	4.97142857142857	0.	0	-21.66960430103617	6.399999999999997
1.0100000000000007	8.841124220845002	4.942857142857141	0.	0	-21.37743233676797	6.359999999999997
1.0200000000000007	8.744869713413754	4.914285714285713	0.	0	-21.091767467032753	6.319999999999997
1.0300000000000007	8.650271667741745	4.885714285714284	0.	0	-20.812408592557443	6.279999999999997
1.0400000000000007	8.557292241792066	4.857142857142855	0.	0	-20.53916253468625	6.239999999999997
1.0500000000000007	8.46589464183244	4.8285714285714265	0.	0	-20.271843657398104	6.199999999999997
1.0600000000000007	8.376043089377811	4.799999999999998	0.	0	-20.010273510458155	6.159999999999997
1.0700000000000007	8.28770278924967	4.77142857142857	0.	0	-19.754280492351445	6.1199999999999966
1.0800000000000007	8.200839898715266	4.742857142857141	0.	0	-19.50369953174412	6.0799999999999965
1.0900000000000007	8.115421497670699	4.714285714285713	0.	0	-19.25837178630694	6.0399999999999965
1.1000000000000008	8.031415559832812	4.685714285714284	0.	0	-19.018144357818247	5.9999999999999964
1.1100000000000008	7.948790924905812	4.657142857142855	0.	0	-18.782870022539424	5.959999999999996
1.1200000000000008	7.867517271689428	4.628571428571426	0.	0	-18.55240697592591	5.919999999999996
1.1300000000000008	7.787565092096373	4.599999999999998	0.	0	-18.326618590801452	5.879999999999996
1.1400000000000008	7.708905666047869	4.571428571428569	0.	0	-18.105373188182934	5.839999999999996
1.1500000000000008	7.631511037216874	4.542857142857141	0.	0	-17.888543819998297	5.799999999999996
1.1600000000000008	7.555353989589629	4.5142857142857125	0.	0	-17.67600806299101	5.759999999999996
1.1700000000000008	7.480408024817068	4.485714285714284	0.	0	-17.46764782315183	5.719999999999996
1.1800000000000008	7.406647340328464	4.457142857142855	0.	0	-17.263349150062176	5.679999999999996
1.1900000000000008	7.3340468081807275	4.428571428571426	0.	0	-17.06300206057409	5.639999999999996
1.2000000000000008	7.262581954617455	4.399999999999998	0.	0	-16.866500371289003	5.599999999999994
1.2100000000000009	7.192228940312887	4.3573769680157195	0.	0	-16.673741539332767	5.536000389221671
1.2200000000000009	7.1229645412765965	4.3154134683038965	0.	0	-16.48462651095622	5.4732105907693835
1.2300000000000009	7.05476613039565	4.274095792338067	0.	0	-16.29905957752103	5.4115988275487235
1.2400000000000009	6.987611659591795	4.233410582397117	0.	0	-16.116948238458196	5.351134387605517
1.2500000000000009	6.921479642571867	4.193344821114702	0.	0	-15.9382030708124	5.291787580812072
1.260000000000001	6.856349138150591	4.153885821375441	0.	0	-15.762737605009988	5.233529697619768
1.270000000000001	6.792199734125421	4.115021216545571	0.	0	-15.590468206510218	5.1763329697650144
1.280000000000001	6.729011531684038	4.076738951026307	0.	0	-15.421313963020788	5.120170532822654
1.290000000000001	6.66676513032558	4.039027271118436	0.	0	-15.255196576977879	5.065016390507286
1.300000000000001	6.605441613277556	4.00187471618723	0.	0	-15.092040263009206	5.010845380629038
1.310000000000001	6.545022533390854	3.9652701101170065	0.	0	-14.93177165011557	4.957633142615981
1.320000000000001	6.4854898994960575	3.9292025530451626	0.	0	-14.774319688321972	4.905356086520509
1.330000000000001	6.4268261632047485	3.893661413365817	0.	0	-14.619615559564508	4.853991363432102
1.340000000000001	6.3690142061401565	3.8586363199935514	0.	0	-14.46759259259258	4.803516837223216
1.350000000000001	6.312037327582033	3.8241171548781265	0.	0	-14.318186181679287	4.753911057559601
1.360000000000001	6.255879232511204	3.790094045761328	0.	0	-14.171333708944639	4.705153234110114
1.370000000000001	6.200524020039767	3.7565573591674544	0.	0	-14.02697447010751	4.6572232118949515
1.380000000000001	6.145956172213396	3.7234976936192568	0.	0	-13.885049603492996	4.610101447714744
1.390000000000001	6.092160543172796	3.6909058730714484	0.	0	-13.745502022131536	4.563768987606158
1.400000000000001	6.039122348661665	3.6587729405541634	0.	0	-13.608276348795417	4.51820744527279
1.410000000000001	5.9868271558691575	3.627090152019056	0.	0	-13.473318853827129	4.473398981442978
1.420000000000001	5.935260873595161	3.595848970380984	0.	0	-13.340577395621903	4.42932628410888
1.430000000000001	5.884409742727176	3.5650410597484745	0.	0	-13.21000136363468	4.3859725496036965
1.440000000000001	5.834260327017991	3.5346582798364183	0.	0	-13.081541623788626	4.3433214644762534
1.450000000000001	5.7847995041537335	3.504692680554696	0.	0	-12.955150466169323	4.301357188124478
1.460000000000001	5.736014457102278	3.475136496766652	0.	0	-12.830781554894788	4.260064336151287
1.470000000000001	5.687892665732341	3.4459821432115634	0.	0	-12.708389880057666	4.219427964408481
1.480000000000001	5.640421898693943	3.417222209585458	0.	0	-12.587931711641284	4.179433553695989
1.490000000000001	5.593590205551279	3.3888494557748503	0.	0	-12.469364555316716	4.140066995085654
1.500000000000001	5.5473859091593605	3.36085680723817	0.	0	-12.352647110032718	4.101314575840283
1.5100000000000011	5.501797598276078	3.333237350529815	0.	0	-12.237739227315213	4.063162965900299
1.5200000000000011	5.456814120401701	3.3059843289619932	0.	0	-12.124601872197305	4.025599204911755
1.5300000000000011	5.412424574838033	3.2790911383996533	0.	0	-12.013197085704853	3.9886106897708364
1.5400000000000011	5.368618305959844	3.252551323184007	0.	0	-11.903487948826667	3.952185162661274
1.5500000000000012	5.325384896691323	3.226358572180275	0.	0	-11.79543854790185	3.91631069956228
1.5600000000000012	5.282714162180697	3.2005067149454822	0.	0	-11.689013941360422	3.880975699205804
1.5700000000000012	5.240596143666321	3.1749897180122595	0.	0	-11.584180127756527	3.8461688724629455
1.5800000000000012	5.19902110252782	3.1498016812847562	0.	0	-11.480904015036588	3.811879232140395
1.5900000000000012	5.157979514516102	3.124936834542924	0.	0	-11.3791533909877	3.778096083168738
1.6000000000000012	5.117462064156242	3.100389534051528	0.	0	-11.278896894814258	3.7448090131653493
1.6100000000000012	5.077459639317537	3.0761542592704436	0.	0	-11.180103989793446	3.712007883355499
1.6200000000000012	5.037963325945126	3.0522256096628317	0.	0	-11.082744936962536	3.6796828198360276
1.6300000000000012	4.998964402947879	3.028598301597992	0.	0	-10.98679076979342	3.6478242051668137
1.6400000000000012	4.960454337237363	3.005267165345748	0.	0	-10.892213269811817	3.6164226702758806
1.6500000000000012	4.922424778912935	2.982227142159353	0.	0	-10.798984943120766	3.585469086664748
1.6600000000000013	4.8848675565881665	2.95947328144403	0.	0	-10.707078997789889	3.554954558901241
1.6700000000000013	4.8477746728539595	2.9370007380083245	0.	0	-10.616469322073842	3.524870417387592
1.6800000000000013	4.811138299873928	2.9148047693955856	0.	0	-10.527130463425008	3.495208211392263
1.6900000000000013	4.774950775107708	2.8928807332929516	0.	0	-10.439037608267247	3.465959702334438
1.7000000000000013	4.739204597158081	2.8712240850153568	0.	0	-10.352166562499015	3.4371168573106883
1.7100000000000013	4.703892421737881	2.8498303750620946	0.	0	-10.266493732695656	3.4086718428537774
1.7200000000000013	4.669007057752848	2.828695246743639	0.	0	-10.181996107982147	3.3806170189140627
1.7300000000000013	4.634541463496695	2.807814433876438	0.	0	-10.098651242548797	3.352944933054375
1.7400000000000013	4.60048874295478	2.7871837585435193	0.	0	-10.01643723878376	3.325648314849693
1.7500000000000013	4.566842142212941	2.7667991289187945	0.	0	-9.93533273099739	3.298720070483315
1.7600000000000013	4.533595045968135	2.7466565371530463	0.	0	-9.855316869714592	3.2721532775316233
1.7700000000000014	4.500740974137626	2.7267520573196267	0.	0	-9.77636930651243	3.2459411799298774
1.7800000000000014	4.468273578563659	2.707081843417995	0.	0	-9.698470179381276	3.2200771831118393
1.7900000000000014	4.436186639810549	2.687642127433252	0.	0	-9.621600098588718	3.194554849316318
1.8000000000000014	4.404474064051321	2.6684292174499245	0.	0	-9.545740133026458	3.169367893054081
1.8100000000000014	4.373129880041073	2.649439495818294	0.	0	-9.470871797021214	3.144510176728823
1.8200000000000014	4.342148236174364	2.6306694173716267	0.	0	-9.396977037591554	3.1199757064061884
1.8300000000000014	4.311523397623993	2.612115507692719	0.	0	-9.324038222133337	3.0957586277251057
1.8400000000000014	4.281249743558668	2.593774361428237	0.	0	-9.252038126517233	3.071853221945936
1.8500000000000014	4.251321764437102	2.5756426406493524	0.	0	-9.180959923582462	3.048253902130174
1.8600000000000014	4.221734059376181	2.557717073257265	0.	0	-9.11078717201165	3.0249552094466883
1.8700000000000014	4.192481333590927	2.5399944514322153	0.	0	-9.04150380557228	3.0019518095996807
1.8800000000000014	4.163558395904071	2.52247163012467	0.	0	-8.973094122710867	2.979238489373747
1.8900000000000015	4.134960156323079	2.505145525587376	0.	0	-8.905542776486621	2.9568101532916686
1.9000000000000015	4.106681623682596	2.4880131139470483	0.	0	-8.838834764831835	2.93466182038067
1.9100000000000015	4.078717903350321	2.4710714298144807	0.	0	-8.772955421126834	2.912788621043123
1.9200000000000015	4.051064194994383	2.454317564931928	0.	0	-8.707890405077862	2.8911857940278347
1.9300000000000015	4.023715790410363	2.4377486668566117	0.	0	-8.643625693886644	2.8698486834981707
1.9400000000000015	3.996668071406195	2.421361937679301	0.	0	-8.580147573701034	2.8487727361935047
1.9500000000000015	3.969916507743144	2.405154632776864	0.	0	-8.51744263133631	2.8279534986805355
1.9600000000000015	3.943456655131285	2.3891240595978362	0.	0	-8.455497746257487	2.8073866146912576
1.9700000000000015	3.917284153277752	2.3732675764799653	0.	0	-8.394300082812984	2.7870678225443943
1.9800000000000015	3.8913947239862683	2.3575825914988178	0.	0	-8.333837082710765	2.766992952647329
1.9900000000000015	3.8657841693064077	2.342066561346519	0.	0	-8.274096457728156	2.7471579250756286
2.0000000000000013	3.84044836973112	2.326716990239732	0.	0	-8.215066182647066	2.7275587472274
2.010000000000001	3.815383282441105	2.3115314288560227	0.	0	-8.156734488406558	2.7081915115498143
2.020000000000001	3.7905849395946625	2.296507473297769	0.	0	-8.099089855465149	2.6890523933352624
2.0300000000000007	3.7660494466616887	2.2816427640828256	0.	0	-8.042121007365392	2.6701376485846735
2.0400000000000005	3.7417729808005302	2.2669349851611456	0.	0	-7.985816904493727	2.6514436119356692
2.0500000000000003	3.7177517892764476	2.2523818629566152	0.	0	-7.93016673802876	2.632966694653273
2.06	3.6939821879205	2.2379811654333777	0.	0	-7.87515992407143	2.6147033826810153
2.07	3.6704605596276627	2.2237307011859233	0.	0	-7.820786097950815	2.5966502347503537
2.0799999999999996	3.6471833528930637	2.209628318552276	0.	0	-7.767035108699502	2.578803880546387
2.0899999999999994	3.6241470803852445	2.1956719047496116	0.	0	-7.713897013692765	2.5611610189279648
2.099999999999999	3.601348317555376	2.181859385031656	0.	0	-7.661362073445936	2.5437184162003095
2.109999999999999	3.5787837012814245	2.1681887218672613	0.	0	-7.609420746564625	2.5264729044383984
2.1199999999999988	3.5564499285462556	2.1546579141395408	0.	0	-7.558063684842622	2.5094213798593703
2.1299999999999986	3.5343437551487256	2.1412649963649892	0.	0	-7.507281728502529	2.492560801242327
2.1399999999999983	3.512461994446835	2.1280080379320307	0.	0	-7.45706590157435	2.4758881883939323
2.149999999999998	3.4908015161320187	2.114885142358426	0.	0	-7.407407407407416	2.459400620658292
2.159999999999998	3.4693592450337314	2.1018944465670373	0.	0	-7.358297624311285	2.4430952354696442
2.1699999999999977	3.4481321599534587	2.08903412017942	0.	0	-7.309728101321287	2.4269692269464427
2.1799999999999975	3.427117292527341	2.0763023648267485	0.	0	-7.261690554084682	2.4110198445254807
2.1899999999999973	3.4063117261166145	2.0636974134775947	0.	0	-7.214176860863438	2.3952443916347375
2.199999999999997	3.385712594725101	2.051217529782095	0.	0	-7.1671790586498725	2.3796402244036994
2.209999999999997	3.3653170819429983	2.0388610074320517	0.	0	-7.120689339391453	2.3642047504099173
2.2199999999999966	3.345122419916251	2.0266261695365295	0.	0	-7.074700046321274	2.3489354274606584
2.2299999999999964	3.325125888340787	2.01451136801252	0.	0	-7.029203670390771	2.3338297624084987
2.239999999999996	3.30532481348096	2.00251498299027	0.	0	-6.984192846801442	2.3188853099997875
2.249999999999996	3.2857165672115247	1.9906354222328646	0.	0	-6.939660351632382	2.304099671754924
2.259999999999996	3.2662985660825035	1.9788711205696836	0.	0	-6.895599098560604	2.289470494879443
2.2699999999999956	3.2470682704063356	1.967220539343355	0.	0	-6.852002135671231	2.2749954712049356
2.2799999999999954	3.2280231833666946	1.9556821658698353	0.	0	-6.808862642354688	2.260672336158861
2.289999999999995	3.209160850148404	1.9442545129112738	0.	0	-6.766173926288211	2.2464988677623463
2.299999999999995	3.19047885708787	1.932936118161307	0.	0	-6.723929420499008	2.2324728856551013
2.3099999999999947	3.1719748308435	1.9217255437424579	0.	0	-6.682122680506566	2.2185922501466115
2.3199999999999945	3.1536464375855466	1.9106213757153112	0.	0	-6.640747381541604	2.204854861292774
2.3299999999999943	3.1354913822049033	1.899622223599163	0.	0	-6.599797315839366	2.1912586579972233
2.339999999999994	3.1175074075402978	1.8887267199038202	0.	0	-6.5592663900049395	2.1778016171365624
2.349999999999994	3.099692293623449	1.877933519672283	0.	0	-6.519148622448391	2.1644817527087823
2.3599999999999937	3.08204385694166	1.8672413000339902	0.	0	-6.479438140887608	2.1512971150041564
2.3699999999999934	3.06455994971745	1.8566487597683878	0.	0	-6.440129179916805	2.1382457897979377
2.3799999999999932	3.047238459204717	1.846154618878512	0.	0	-6.401216078638661	2.125325897564185
2.389999999999993	3.0300773070010507	1.8357576181743582	0.	0	-6.362693278358239	2.1125355927100977
2.399999999999993	3.013074448375748	1.825456518865762	0.	0	-6.324555320336786	2.0998730628302367
2.4099999999999926	2.996227871613126	1.815250102164549	0.	0	-6.286796843603645	2.0873365279800358
2.4199999999999924	2.9795355973707442	1.8051371688957156	0.	0	-6.2494125828245535	2.0749242399680377
2.429999999999992	2.9629956780521525	1.7951165391174129	0.	0	-6.212397366224649	2.062634481666291
2.439999999999992	2.9466061971937836	1.7851870517494977	0.	0	-6.175746113564581	2.0504655663383806
2.4499999999999917	2.9303652688656276	1.7753475642104344	0.	0	-6.139453834168161	2.0384158369845715
2.4599999999999915	2.9142710370853475	1.7655969520623387	0.	0	-6.10351562500003	2.026483665703556
2.4699999999999913	2.8983216752454823	1.7559341086639535	0.	0	-6.067926668791912	2.014667453070335
2.479999999999991	2.882515385553411	1.7463579448313518	0.	0	-6.032682232216022	2.0029656275297527
2.489999999999991	2.866850398483749	1.7368673885061745	0.	0	-5.997777664104278	1.9913766448052455
2.4999999999999907	2.851324972242869	1.727461384431213	0.	0	-5.963208393711976	1.9798989873223434
2.5099999999999905	2.835937392245241	1.7181388938331532	0.	0	-5.928969929024676	1.9685311636465288
2.5199999999999902	2.8206859706012875	1.708898894112292	0.	0	-5.8950578551070505	1.9572717079350184
2.52999999999999	2.805569045616478	1.6997403785390706	0.	0	-5.861467832492499	1.9461191794020873
2.53999999999999	2.7905849813013655	1.6906623559572285	0.	0	-5.828195595612379	1.935072161797544
2.5499999999999896	2.7757321668923143	1.6816638504934418	0.	0	-5.795236951263725	1.9241292628979805
2.5599999999999894	2.7610090163826344	1.6727439012732606	0.	0	-5.7625877771143745	1.91328911401045
2.569999999999989	2.746413968063877	1.6639015621432072	0.	0	-5.730244020244459	1.9025503694882107
2.579999999999989	2.7319454840770367	1.6551359013988733	0.	0	-5.698201695723226	1.8919117062582052
2.5899999999999888	2.7176020499734146	1.646446001518871	0.	0	-5.666456885220224	1.8813718233599475
2.5999999999999885	2.703382174284914	1.6378309589044986	0.	0	-5.635005735649893	1.8709294414954991
2.6099999999999883	2.6892843881035287	1.6292898836249752	0.	0	-5.603844457848624	1.8605833025902316
2.619999999999988	2.675307244669803	1.6208218991681125	0.	0	-5.572969325283422	1.850332169364073
2.629999999999988	2.661449318970049	1.6124261421962893	0.	0	-5.542376672791267	1.8401748249129568
2.6399999999999877	2.6477092073421056	1.6041017623076033	0.	0	-5.512062895348367	1.8301100723001853
2.6499999999999875	2.634085527089433	1.5958479218020725	0.	0	-5.482024446868467	1.8201367341574497
2.6599999999999873	2.620576916103348	1.587663795452767	0.	0	-5.452257839029439	1.8102536522952333
2.669999999999987	2.6071820324931867	1.5795485702817467	0.	0	-5.422759640127381	1.8004596873223502
2.679999999999987	2.593899554224237	1.5715014453407026	0.	0	-5.3935264739574755	1.7907537182743702
2.6899999999999866	2.5807281787632173	1.5635216314961728	0.	0	-5.364555018720914	1.7811346422506966
2.6999999999999864	2.567666622731155	1.5556083512192413	0.	0	-5.3358420059571525	1.7716013740600547
2.709999999999986	2.554713621563464	1.5477608383795955	0.	0	-5.307384219500872	1.7621528458741809
2.719999999999986	2.5418679291770734	1.5399783380438599	0.	0	-5.279178494462926	1.7527880068894814
2.7299999999999858	2.529128317644416	1.532260106278082	0.	0	-5.251221716234705	1.7435058229964588
2.7399999999999856	2.5164935768741414	1.5246054099542956	0.	0	-5.22351081951524	1.7343052764566942
2.7499999999999853	2.503962514298377	1.5170135265610474	0.	0	-5.196042787360499	1.7251853655871938
2.759999999999985	2.491533954566387	1.5094837440178037	0.	0	-5.168814650254259	1.7161451044519023
2.769999999999985	2.4792067392444914	1.5020153604931463	0.	0	-5.141823485199999	1.7071835225601928
2.7799999999999847	2.4669797265220836	1.4946076842266651	0.	0	-5.115066414833284	1.6982996645721617
2.7899999999999845	2.45485179092362	1.487260033354469	0.	0	-5.08854060655408	1.6894925900105415
2.7999999999999843	2.4428218230264274	1.4799717357382205	0.	0	-5.062243271678519	1.6807613729790687
2.809999999999984	2.43088872918421	1.4727421287976235	0.	0	-5.0361716646095696	1.6721051018871327
2.819999999999984	2.419051431256115	1.4655705593462793	0.	0	-5.010323082026178	1.663522879180554
2.8299999999999836	2.4073088663412348	1.458456383430836	0.	0	-4.984694862090366	1.655013821078326
2.8399999999999834	2.3956599865184143	1.451398966173352	0.	0	-4.9592843836718465	1.6465770573151726
2.849999999999983	2.3841037585912495	1.4443976816168043	0.	0	-4.93408906558972	1.6382117308897755
2.859999999999983	2.3726391638381568	1.4374519125736698	0.	0	-4.909106365870789	1.629916997818524
2.869999999999983	2.3612651977673984	1.4305610504775088	0.	0	-4.884333781024113	1.6216920268946482
2.8799999999999826	2.3499808698769513	1.4237244952374817	0.	0	-4.859768845331353	1.6135359994526057
2.8899999999999824	2.3387852034191057	1.4169416550957328	0.	0	-4.835409130152553	1.6054481091375827
2.899999999999982	2.327677235169702	1.4102119464875837	0.	0	-4.811252243246924	1.5974275616799842
2.909999999999982	2.316656015201877	1.4035347939044591	0.	0	-4.787295828108308	1.5894735746747952
2.9199999999999817	2.305720606664252	1.396909629759501	0.	0	-4.763537563314911	1.5815853773656783
2.9299999999999815	2.2948700855634243	1.390335894255795	0.	0	-4.739975161892998	1.5737622104337092
2.9399999999999813	2.2841035405507037	1.3838130352571643	0.	0	-4.716606370694159	1.5660033257906172
2.949999999999981	2.273420072712974	1.3773405081614634	0.	0	-4.693428969785848	1.5583079863764326
2.959999999999981	2.2628187953676018	1.3709177757763258	0.	0	-4.67044077185486	1.550675465961429
2.9699999999999807	2.252298833861295	1.364544308197303	0.	0	-4.647639621623412	1.543105048952251
2.9799999999999804	2.2418593253728325	1.3582195826883494	0.	0	-4.625023395277558	1.5355960302021388
2.9899999999999802	2.231499418719575	1.3519430835645976	0.	0	-4.602589999907602	1.5281477148251328
2.99999999999998	2.221218274167667	1.3457143020773699	0.	0	-4.580337372960244	1.5207594180141755
3.00999999999998	2.211015063245873	1.3395327363013927	0.	0	-4.558263481702156	1.5134304648630097
3.0199999999999796	2.2008889685629374	1.3333978910241437	0.	0	-4.536366322694739	1.506160190191788
3.0299999999999794	2.190839183628416	1.3273092776373054	0.	0	-4.514643921279769	1.498947938376296
3.039999999999979	2.1808649126768938	1.3212664140302661	0.	0	-4.4930943310756835	1.4917930631807097
3.049999999999979	2.170965370495518	1.3152688244856334	0.	0	-4.471715633484259	1.4846949275938057
3.0599999999999787	2.1611397822547724	1.309316039576708	0.	0	-4.450505937207418	1.4776529036685286
3.0699999999999785	2.151387383342426	1.3034075960668838	0.	0	-4.429463377773945	1.470666372364854
3.0799999999999783	2.14170741920059	1.2975430368109298	0.	0	-4.408586117075865	1.4637347233958562
3.089999999999978	2.1320991451658116	1.2917219106581093	0.	0	-4.387872342914263	1.4568573550769115
3.099999999999978	2.1225618263121433	1.2859437723571072	0.	0	-4.367320268554322	1.4500336741779634
3.1099999999999777	2.1130947372971236	1.280208182462717	0.	0	-4.3469281322893565	1.4432630957787718
3.1199999999999775	2.1036971622106067	1.2745147072442533	0.	0	-4.326694197013654	1.4365450431270899
3.1299999999999772	2.0943683944263856	1.268862918595662	0.	0	-4.306616749803894	1.4298789474996858
3.139999999999977	2.0851077364565396	1.2632523939472735	0.	0	-4.286694101508962	1.4232642480661544
3.149999999999977	2.0759144998084618	1.2576827161791864	0.	0	-4.266924586347962	1.416700391755449
3.1599999999999766	2.066788004844499	1.25215347353623	0.	0	-4.247306561516236	1.4101868331250722
3.1699999999999764	2.0577275806441553	1.2466642595444806	0.	0	-4.227838406799212	1.4037230342328662
3.179999999999976	2.0487325648688097	1.241214672929302	0.	0	-4.2085185241938925	1.3973084645113394
3.189999999999976	2.03980230362888	1.2358043175348674	0.	0	-4.189345337537821	1.3909426006444774
3.1999999999999758	2.0309361513534054	1.230432802245145	0.	0	-4.170317292145351	1.3846249264469768
3.2099999999999755	2.022133470661976	1.22509974090631	0.	0	-4.151432854451048	1.3783549327458462
3.2199999999999753	2.013393632238972	1.2198047522505517	0.	0	-4.132690511660074	1.37213211726433
3.229999999999975	2.0047160147100684	1.2145474598212522	0.	0	-4.114088771405383	1.3659559845080889
3.239999999999975	1.9961000045209432	1.209327491899507	0.	0	-4.095626161411594	1.3598260456536
3.2499999999999747	1.9875449958181617	1.2041444814319544	0.	0	-4.077301229165367	1.3537418184387144
3.2599999999999745	1.9790503903321834	1.1989980659599004	0.	0	-4.0591125415921665	1.3477028270553386
3.2699999999999743	1.9706155972624486	1.193887887549695	0.	0	-4.041058684739239	1.3417086020441742
3.279999999999974	1.9622400331645014	1.1888135927243488	0.	0	-4.0231382634647	1.3357586801914911
3.289999999999974	1.9539231218391133	1.1837748323963582	0.	0	-4.005349901132557	1.3298526044278687
3.2999999999999736	1.9456642942233626	1.178771261801716	0.	0	-3.987692239313579	1.323989923728878
3.3099999999999734	1.937462988283629	1.1738025404350834	0.	0	-3.9701639374918525	1.3181701930176535
3.319999999999973	1.9293186489104681	1.1688683319861	0.	0	-3.9527636727769115	1.3123929730693151
3.329999999999973	1.9212307278153278	1.1639683042768096	0.	0	-3.9354901396213213	1.3066578304171994
3.3399999999999728	1.9131986834290682	1.1591021292001797	0.	0	-3.918342049543594	1.3009643372608632
3.3499999999999726	1.9052219808022473	1.1542694826596889	0.	0	-3.9013181308563185	1.2953120713758177
3.3599999999999723	1.8973000915071434	1.1494700445099693	0.	0	-3.8844171283993987	1.2897006160249578
3.369999999999972	1.8894324935414721	1.144703498498472	0.	0	-3.867637803278281	1.284129559871649
3.379999999999972	1.8816186712337712	1.1399695322081467	0.	0	-3.850978932607068	1.2785984968944355
3.3899999999999717	1.8738581151504148	1.1352678370011056	0.	0	-3.834439309256417	1.2731070263033393
3.3999999999999715	1.8661503220042295	1.1305981079632594	0.	0	-3.818017741606109	1.267654752457707
3.4099999999999713	1.8584947945646748	1.1259600438499002	0.	0	-3.80171305330221	1.2622412847855835
3.419999999999971	1.8508910415695676	1.1213533470322208	0.	0	-3.785524083018698	1.2568662377045665
3.429999999999971	1.8433385776383049	1.1167777234447407	0.	0	-3.7694496842234844	1.2515292305441228
3.4399999999999706	1.8358369231865745	1.1122328825336336	0.	0	-3.753488724948732	1.246229887469328
3.4499999999999704	1.8283856043425044	1.1077185372059275	0.	0	-3.737640087565365	1.2409678374060007
3.45999999999997	1.820984152864242	1.1032344037795712	0.	0	-3.721902668561704	1.2357427139672035
3.46999999999997	1.8136321060589211	1.098780201934338	0.	0	-3.7062753783261195	1.230554155381082
3.47999999999997	1.8063290067029971	1.0943556546635655	0.	0	-3.6907571409336355	1.2254018044200115
3.4899999999999696	1.7990744029639234	1.0899604882266993	0.	0	-3.6753468939363945	1.2202853083310272
3.4999999999999694	1.7918678483231396	1.0855944321026387	0.	0	-3.660043588157893	1.2152043187675083
3.509999999999969	1.7847089015003499	1.0812572189438603	0.	0	-3.6448461874909346	1.2101584917220924
3.519999999999969	1.777597126379067	1.0769485845313083	0.	0	-3.6297536686991956	1.2051474874607928
3.5299999999999687	1.770532091933394	1.0726682677300365	0.	0	-3.6147650212223463	1.200170970458295
3.5399999999999685	1.7635133721560257	1.0684160104455889	0.	0	-3.599879246984656	1.195228609334409
3.5499999999999683	1.7565405459874384	1.0641915575810978	0.	0	-3.58509536020699	1.1903200767916502
3.559999999999968	1.7496131972462572	1.0599946569950993	0.	0	-3.570412387222155	1.1854450495539286
3.569999999999968	1.7427309145607655	1.0558250594600367	0.	0	-3.555829366293511	1.1806032083063263
3.5799999999999677	1.7358932913015472	1.0516825186214533	0.	0	-3.5413453474367786	1.1757942376359332
3.5899999999999674	1.7290999255152286	1.0475667909578505	0.	0	-3.526959392244989	1.1710178259737276
3.5999999999999672	1.7223504198593116	1.0434776357412057	0.	0	-3.512670573716509	1.1662736655374761
3.609999999999967	1.7156443815380649	1.0394148149981328	0.	0	-3.4984779760860647	1.161561452275632
3.619999999999967	1.7089814222394673	1.0353780934716803	0.	0	-3.4843806946587335	1.1568808858122157
3.6299999999999666	1.7023611580731695	1.031367238583745	0.	0	-3.4703778356468145	1.1522316693926535
3.6399999999999664	1.6957832095094654	1.0273820203980972	0.	0	-3.456468516009533	1.1476135098305569
3.649999999999966	1.68924720131925	1.023422211584007	0.	0	-3.442651863295528	1.143026117455424
3.659999999999966	1.6827527625149499	1.0194875873804545	0.	0	-3.4289270154880565	1.1384692060612456
3.6699999999999657	1.6762995262923968	1.0155779255609163	0.	0	-3.415293120852863	1.1339424928559947
3.6799999999999655	1.6698871299736444	1.0116930063987206	0.	0	-3.401749337788669	1.1294456984119858
3.6899999999999653	1.6635152149506949	1.0078326126329535	0.	0	-3.388294834680219	1.1249785466170836
3.699999999999965	1.6571834266301286	1.0039965294349142	0.	0	-3.374928789753843	1.1205407646267473
3.709999999999965	1.6508914143786169	1.0001845443751036	0.	0	-3.361650390935479	1.1161320828168912
3.7199999999999647	1.6446388314692997	0.996396447390738	0.	0	-3.3484588357111122	1.1117522347375464
3.7299999999999645	1.6384253350290168	0.9926320307537784	0.	0	-3.3353533309895766	1.1074009570673116
3.7399999999999642	1.6322505859863738	0.9888910890394677	0.	0	-3.3223330929676815	1.103077989568569
3.749999999999964	1.626114249020631	0.9851734190953643	0.	0	-3.309397346997615	1.098783075043462
3.759999999999964	1.6200159925113946	0.9814788200108637	0.	0	-3.296545327456572	1.0945159592906082
3.7699999999999636	1.6139554884891012	0.9778070930871989	0.	0	-3.283776277618579	1.0902763910625433
3.7799999999999634	1.6079324125862793	0.9741580418079129	0.	0	-3.271089449528458	1.0860641220238745
3.789999999999963	1.601946443989575	0.9705314718097935	0.	0	-3.2584841038778984	1.0818789067101335
3.799999999999963	1.5959972653925232	0.9669271908542602	0.	0	-3.245959509883593	1.0777205024873169
3.8099999999999627	1.5900845629490608	0.9633450087991999	0.	0	-3.2335149451673963	1.073588669512094
3.8199999999999625	1.584208026227756	0.959784737571238	0.	0	-3.2211496956384735	1.0694831706926804
3.8299999999999623	1.5783673481667546	0.956246191138441	0.	0	-3.208863055377389	1.0654037716503515
3.839999999999962	1.5725622250294167	0.9527291854834415	0.	0	-3.196654326522117	1.0613502406815973
3.849999999999962	1.5667923563606443	0.9492335385769777	0.	0	-3.1845228191559167	1.0573223487208936
3.8599999999999617	1.5610574449438779	0.9457590703518407	0.	0	-3.1724678511970534	1.0533198693040877
3.8699999999999615	1.555357196758757	0.9423056026772232	0.	0	-3.1604887482903203	1.0493425785323816
3.8799999999999613	1.549691320939427	0.93887295933346	0.	0	-3.148584843700332	1.0453902550369036
3.889999999999961	1.5440595297334865	0.9354609659871566	0.	0	-3.136755478206555	1.0414626799438562
3.899999999999961	1.5384615384615605	0.9320694501666964	0.	0	-3.1250000000000457	1.037559636840231
3.9099999999999606	1.5328970654774894	0.9286982412381215	0.	0	-3.113317764581856	1.0336809117400776
3.9199999999999604	1.5273658321291232	0.9253471703813805	0.	0	-3.101708134663083	1.0298262930513187
3.92999999999996	1.5218675627197107	0.9220160705669359	0.	0	-3.090170480066534	1.0259955715431002
3.93999999999996	1.5164019844698706	0.9187047765327245	0.	0	-3.078704177629963	1.0221885403136637
3.9499999999999598	1.5109688274801407	0.9154131247614681	0.	0	-3.067308611110868	1.0184049947587386
3.9599999999999596	1.505567824694089	0.9121409534583245	0.	0	-3.0559831710928114	1.0146447325404377
3.9699999999999593	1.5001987118619773	0.9088881025288735	0.	0	-3.0447272548932256	1.010907553556647
3.979999999999959	1.4948612275049735	0.9056544135574347	0.	0	-3.0335402664727	1.0071932599109072
3.989999999999959	1.4895551128798978	0.9024397297857095	0.	0	-3.0224216163456985	1.0035016558827714
3.9999999999999587	1.484280111944493	0.89924389609174	0.	0	-3.011370721492696	0.9998325478986304
4.009999999999959	1.4790359713232175	0.8960667589691851	0.	0	-3.000387005273707	0.9961857445030047
4.019999999999959	1.473822440273541	0.8929081665069007	0.	0	-2.989469897343168	0.9925610563302828
4.0299999999999585	1.4686392706527422	0.8897679683688249	0.	0	-2.9786188335661645	0.9889582960769077
4.039999999999958	1.4634862168852003	0.8866460157741599	0.	0	-2.967833255935978	0.9853772784739994
4.049999999999958	1.4583630359301663	0.8835421614778489	0.	0	-2.9571126124929124	0.9818178202604056
4.059999999999958	1.4532694872500098	0.880456259751337	0.	0	-2.9464563572443967	0.978279740156173
4.069999999999958	1.4482053327789344	0.8773881663636176	0.	0	-2.9358639500863264	0.974762858836432
4.079999999999957	1.4431703368921494	0.874337738562556	0.	0	-2.9253348567256343	0.9712669989056876
4.089999999999957	1.4381642663754943	0.8713048350564857	0.	0	-2.9148685486040518	0.9677919848725077
4.099999999999957	1.4331868903955076	0.8682893159960753	0.	0	-2.9044645028230605	0.9643376431246056
4.109999999999957	1.4282379804699306	0.8652910429564582	0.	0	-2.894122202069994	0.9609038019043034
4.119999999999957	1.4233173104386403	0.8623098789196225	0.	0	-2.8838411345452784	0.9574902912843758
4.129999999999956	1.4184246564350036	0.8593456882570559	0.	0	-2.873620793890797	0.9540969431442649
4.139999999999956	1.4135597968576492	0.8563983367126442	0.	0	-2.863460679119338	0.9507235911466552
4.149999999999956	1.4087225123426435	0.8534676913858134	0.	0	-2.8533602945451384	0.9473700707144141
4.159999999999956	1.40391258573607	0.8505536207149181	0.	0	-2.8433191497154744	0.9440362190078778
4.1699999999999555	1.399129802067002	0.8476559944608668	0.	0	-2.833336759343296	0.9407218749024844
4.179999999999955	1.3943739485208653	0.8447746836909832	0.	0	-2.823412643240885	0.9374268789667475
4.189999999999955	1.3896448144131794	0.8419095607630983	0.	0	-2.8135463262545173	0.9341510734405631
4.199999999999955	1.384942191163678	0.8390604993098708	0.	0	-2.803737338200115	0.9308943022138445
4.209999999999955	1.3802658722707943	0.8362273742233296	0.	0	-2.7939852137998584	0.9276564108054762
4.2199999999999545	1.3756156532865134	0.8334100616396378	0.	0	-2.784289492619767	0.92443724634259
4.229999999999954	1.370991331791579	0.8306084389240725	0.	0	-2.774649719008201	0.9212366575401457
4.239999999999954	1.366392707371053	0.8278223846562167	0.	0	-2.765065442035294	0.9180544946808223
4.249999999999954	1.3618195815902219	0.8250517786153632	0.	0	-2.7555362154332865	0.9148906095952073
4.259999999999954	1.3572717579708409	0.8222965017661218	0.	0	-2.7460615975377483	0.9117448556422811
4.269999999999953	1.3527490419677135	0.8195564362442299	0.	0	-2.7366411512296773	0.9086170876901932
4.279999999999953	1.3482512409456004	0.8168314653425639	0.	0	-2.727274443878449	0.9055071620973199
4.289999999999953	1.3437781641564546	0.8141214734973459	0.	0	-2.717961047285623	0.9024149366936073
4.299999999999953	1.3393296227169698	0.811426346274542	0.	0	-2.7087005376295674	0.8993402707621858
4.3099999999999525	1.3349054295864466	0.8087459703564533	0.	0	-2.6994924954109067	0.8962830250212569
4.319999999999952	1.330505399544968	0.8060802335284927	0.	0	-2.690336505398766	0.8932430616062458
4.329999999999952	1.3261293491718742	0.8034290246661444	0.	0	-2.681232156577808	0.8902202440522172
4.339999999999952	1.321777096824541	0.8007922337221068	0.	0	-2.6721790420960434	0.8872144372765459
4.349999999999952	1.3174484626174474	0.7981697517136109	0.	0	-2.663176759213399	0.884225507561842
4.3599999999999515	1.3131432684015376	0.7955614707099165	0.	0	-2.6542249092510435	0.8812533225391255
4.369999999999951	1.3088613377438625	0.7929672838199782	0.	0	-2.6453230975414423	0.8782977511712425
4.379999999999951	1.3046024959075082	0.7903870851802857	0.	0	-2.63647093337914	0.8753586637365264
4.389999999999951	1.3003665698317912	0.7878207699428647	0.	0	-2.6276680299722517	0.8724359318126893
4.399999999999951	1.2961533881127345	0.7852682342634477	0.	0	-2.618914004394664	0.8695294282609544
4.40999999999995	1.2919627809838037	0.7827293752898051	0.	0	-2.6102084775389076	0.8666390272104069
4.41999999999995	1.2877945802969109	0.7802040911502344	0.	0	-2.601551074069726	0.8637646040425786
4.42999999999995	1.283648619503675	0.7776922809422077	0.	0	-2.592941422378297	0.8609060353762489
4.43999999999995	1.2795247336369362	0.7751938447211729	0.	0	-2.584379154537114	0.8580631990524645
4.4499999999999496	1.2754227592925256	0.7727086834895077	0.	0	-2.5758639062555124	0.8552359741197725
4.459999999999949	1.271342534611276	0.770236699185622	0.	0	-2.567395316835827	0.8524242408196642
4.469999999999949	1.2672838992612794	0.767777794673208	0.	0	-2.5589730291301738	0.8496278805722272
4.479999999999949	1.2632466944203846	0.765331873730637	0.	0	-2.5505966894978473	0.8468467759619978
4.489999999999949	1.259230762758926	0.7628988410404953	0.	0	-2.5422659477633136	0.8440808107240162
4.4999999999999485	1.255235948422691	0.7604786021792651	0.	0	-2.533980457174809	0.8413298697300795
4.509999999999948	1.2512620970161092	0.7580710636071402	0.	0	-2.5257398743635044	0.8385938389751839
4.519999999999948	1.2473090555856716	0.75567613265798	0.	0	-2.5175438593032653	0.8358726055641635
4.529999999999948	1.2433766726035682	0.753293717529397	0.	0	-2.5093920752709558	0.8331660576985114
4.539999999999948	1.239464797951545	0.750923727272976	0.	0	-2.5012841888073143	0.8304740846633889
4.549999999999947	1.2355732829049755	0.7485660717846245	0.	0	-2.4932198696783665	0.8277965768148147
4.559999999999947	1.2317019801171445	0.746220661795051	0.	0	-2.4851987908373783	0.8251334255670315
4.569999999999947	1.2278507436037371	0.7438874088603672	0.	0	-2.477220628387342	0.8224845233800517
4.579999999999947	1.224019428727538	0.741566225352819	0.	0	-2.4692850615439754	0.8198497637473717
4.589999999999947	1.220207892183327	0.7392570244516344	0.	0	-2.4613917725992436	0.8172290411838611
4.599999999999946	1.2164159919829787	0.7369597201339978	0.	0	-2.4535404468853748	0.8146222512138143
4.609999999999946	1.2126435874407533	0.734674227166137	0.	0	-2.4457307727393807	0.8120292903591718
4.619999999999946	1.2088905391587843	0.7324004610945315	0.	0	-2.4379624414680596	0.8094500561278993
4.629999999999946	1.2051567090127537	0.7301383382372342	0.	0	-2.4302351473134824	0.8068844470025296
4.6399999999999455	1.2014419601377568	0.7278877756753076	0.	0	-2.4225485874189516	0.8043323624288591
4.649999999999945	1.1977461569143482	0.7256486912443691	0.	0	-2.414902461795429	0.8017937028048027
4.659999999999945	1.194069164954771	0.7234210035262494	0.	0	-2.407296473288412	0.7992683694693941
4.669999999999945	1.1904108510893667	0.7212046318407574	0.	0	-2.3997303275452726	0.7967562646919439
4.679999999999945	1.1867710833531588	0.7189994962375533	0.	0	-2.3922037329830346	0.7942572916613394
4.689999999999944	1.1831497309726118	0.7168055174881257	0.	0	-2.384716400756586	0.7917713544754911
4.699999999999944	1.1795466643525576	0.7146226170778717	0.	0	-2.377268044727325	0.7892983581309225
4.709999999999944	1.175961755063297	0.7124507171982816	0.	0	-2.3698583814322305	0.7868382085125012
4.719999999999944	1.1723948758278608	0.710289740739222	0.	0	-2.3624871300533457	0.7843908123833064
4.729999999999944	1.1688459005094385	0.7081396112813189	0.	0	-2.3551540123876715	0.7819560773746334
4.739999999999943	1.1653147040989653	0.7060002530884377	0.	0	-2.347858752817472	0.7795339119761338
4.749999999999943	1.161801162702871	0.7038715911002608	0.	0	-2.3406010782809683	0.777124225526086
4.759999999999943	1.1583051535309825	0.7017535509249578	0.	0	-2.3333807182434283	0.7747269282017961
4.769999999999943	1.1548265548845826	0.6996460588319524	0.	0	-2.3261974046686436	0.7723419310101279
4.7799999999999425	1.1513652461446187	0.6975490417447775	0.	0	-2.319050871990782	0.7699691457781572
4.789999999999942	1.1479211077600626	0.6954624272340232	0.	0	-2.311940857086619	0.7676084851439517
4.799999999999942	1.144494021236418	0.6933861435103746	0.	0	-2.304867099248131	0.7652598625474726
4.809999999999942	1.141083869124373	0.6913201194177365	0.	0	-2.2978293401554595	0.7629231922215971
4.819999999999942	1.1376905350085944	0.6892642844264449	0.	0	-2.290827323850224	0.7605983891832581
4.8299999999999415	1.1343139034966656	0.6872185686265647	0.	0	-2.283860796709194	0.758285369224703
4.839999999999941	1.1309538602081621	0.6851829027212711	0.	0	-2.2769295074182976	0.755984048904864
4.849999999999941	1.127610291763865	0.6831572180203151	0.	0	-2.270033206946984	0.7536943455408458
4.859999999999941	1.1242830857751083	0.6811414464335694	0.	0	-2.2631716485229094	0.7514161771995207
4.869999999999941	1.1209721308332603	0.6791355204646558	0.	0	-2.256344587606965	0.7491494626892381
4.87999999999994	1.117677316499338	0.6771393732046527	0.	0	-2.249551781868619	0.7468941215516366
4.88999999999994	1.1143985332937474	0.6751529383258796	0.	0	-2.24279299116159	0.744650074053568
4.89999999999994	1.1111356726861537	0.6731761500757609	0.	0	-2.23606797749983	0.742417241179123
4.90999999999994	1.1078886270854766	0.671208943270763	0.	0	-2.2293765050338243	0.7401955446217612
4.9199999999999395	1.1046572898300107	0.6692512532904096	0.	0	-2.222718340027191	0.7379849067765437
4.929999999999939	1.1014415551776657	0.667303016071369	0.	0	-2.216093250833588	0.735785250732464
4.939999999999939	1.0982413182963287	0.6653641681016149	0.	0	-2.2095010078739192	0.7335965002648813
4.949999999999939	1.0950564752543455	0.6634346464146593	0.	0	-2.2029413836138265	0.7314185798280461
4.959999999999939	1.0918869230111181	0.6615143885838566	0.	0	-2.1964141525414784	0.7292514145477268
4.9699999999999385	1.0887325594078183	0.659603332716777	0.	0	-2.1899190911456388	0.7270949302139277
4.979999999999938	1.0855932831582145	0.6577014174496487	0.	0	-2.1834559778940212	0.724949053273702
4.989999999999938	1.0824689938396106	0.6558085819418695	0.	0	-2.1770245932119074	0.7228137108240528
4.999999999999938	1.079359591883896	0.6539247658705829	0.	0	-2.170624719461058	0.7206888306049314
5.009999999999938	1.0762649785687053	0.6520499094253235	0.	0	-2.16425614091887	0.7185743409923164
5.019999999999937	1.073185056008684	0.6501839533027246	0.	0	-2.157918643757814	0.7164701709913882
5.029999999999937	1.0701197271468603	0.6483268387012917	0.	0	-2.151612016025127	0.7143762502297839
5.039999999999937	1.067068895746124	0.6464785073162386	0.	0	-2.145336047622758	0.7122925089509416
5.049999999999937	1.0640324663808056	0.6446389013343871	0.	0	-2.1390905302875725	0.7102188780075258
5.0599999999999365	1.0610103444283567	0.6428079634291259	0.	0	-2.132875257571803	0.7081552888549381
5.069999999999936	1.0580024360611358	0.6409856367554341	0.	0	-2.126690024823746	0.7061016735449073
5.079999999999936	1.0550086482382854	0.6391718649449601	0.	0	-2.1205346291687013	0.7040579647191613
5.089999999999936	1.052028888697712	0.637366592101163	0.	0	-2.11440886949015	0.7020240956031779
5.099999999999936	1.049063065948162	0.6355697627945107	0.	0	-2.108312546411167	0.7000000000000131
5.1099999999999355	1.0461110892613885	0.6337813220577359	0.	0	-2.102245462276064	0.6979856122842061
5.119999999999935	1.0431728686644173	0.6320012153811491	0.	0	-2.096207421132264	0.6959808673957621
5.129999999999935	1.0402483149318986	0.6302293887080056	0.	0	-2.090198228712401	0.6939857008342083
5.139999999999935	1.037337339578558	0.6284657884299315	0.	0	-2.0842176924166367	0.6920000486527226
5.149999999999935	1.0344398548517273	0.6267103613823992	0.	0	-2.0782656212952046	0.6900238474523385
5.159999999999934	1.0315557737239733	0.6249630548402612	0.	0	-2.0723418260311575	0.6880570343762167
5.169999999999934	1.0286850098858067	0.6232238165133323	0.	0	-2.0664461189233414	0.6860995471039921
5.179999999999934	1.0258274777384817	0.6214925945420281	0.	0	-2.0605783138695677	0.6841513238461865
5.189999999999934	1.022983092386879	0.6197693374930533	0.	0	-2.054738226350002	0.6822123033386933
5.199999999999934	1.0201517696324713	0.6180539943551391	0.	0	-2.0489256734107433	0.6802824248373264
5.209999999999933	1.017333425966374	0.6163465145348329	0.	0	-2.04314047364762	0.6783616281124386
5.219999999999933	1.0145279785624748	0.6146468478523374	0.	0	-2.0373824471901703	0.6764498534436041
5.229999999999933	1.011735345270647	0.6129549445373972	0.	0	-2.0316514156858263	0.6745470416143667
5.239999999999933	1.0089554446100393	0.6112707552252343	0.	0	-2.025947202284287	0.6726531339070515
5.2499999999999325	1.0061881957624443	0.6095942309525304	0.	0	-2.0202696316220803	0.670768072097639
5.259999999999932	1.0034335185657461	0.6079253231534568	0.	0	-2.0146185298073145	0.6688917984507029
5.269999999999932	1.0006913335074428	0.6062639836557505	0.	0	-2.008993724404615	0.6670242557144079
5.279999999999932	0.9979615617182426	0.6046101646768344	0.	0	-2.0033950444202375	0.6651653871155678
5.289999999999932	0.9952441249657389	0.6029638188199845	0.	0	-1.9978223202873666	0.6633151363547639
5.299999999999931	0.9925389456481536	0.6013248990705409	0.	0	-1.9922753838515903	0.6614734476015223
5.309999999999931	0.9898459467881539	0.5996933587921602	0.	0	-1.9867540683565437	0.6596402654895477
5.319999999999931	0.9871650520267431	0.5980691517231154	0.	0	-1.9812582084297325	0.6578155351120158
5.329999999999931	0.9844961856172193	0.5964522319726349	0.	0	-1.975787640068521	0.6559992020169221
5.339999999999931	0.9818392724192027	0.5948425540172845	0.	0	-1.9703422006262885	0.6541912122024842
5.34999999999993	0.9791942378927337	0.5932400726973919	0.	0	-1.9649217287987506	0.6523915121126017
5.35999999999993	0.9765610080924381	0.5916447432135112	0.	0	-1.9595260646104447	0.650600048632368
5.36999999999993	0.9739395096617565	0.5900565211229274	0.	0	-1.9541550494013757	0.6488167690836368
5.37999999999993	0.9713296698272446	0.5884753623362026	0.	0	-1.9488085258138172	0.64704162122064
5.3899999999999295	0.9687314163929318	0.5869012231137587	0.	0	-1.9434863377792722	0.6452745532256583
5.399999999999929	0.9661446777347508	0.5853340600625025	0.	0	-1.938188330505587	0.6435155137047426
5.409999999999929	0.9635693827950249	0.5837738301324857	0.	0	-1.9329143504642161	0.641764451683486
5.419999999999929	0.9610054610770211	0.5822204906136051	0.	0	-1.9276642453776385	0.6400213166028451
5.429999999999929	0.9584528426395638	0.5806739991323391	0.	0	-1.9224378642069198	0.6382860583150116
5.4399999999999284	0.9559114580917086	0.5791343136485212	0.	0	-1.9172350571394208	0.6365586270793304
5.449999999999928	0.9533812385874779	0.5776013924521501	0.	0	-1.912055675576654	0.6348389735582677
5.459999999999928	0.9508621158206542	0.5760751941602359	0.	0	-1.9068995721222743	0.6331270488134239
5.469999999999928	0.9483540220196315	0.5745556777136801	0.	0	-1.9017666005702156	0.6314228043015949
5.479999999999928	0.9458568899423281	0.5730428023741945	0.	0	-1.8966566158929659	0.6297261918708793
5.489999999999927	0.9433706528711508	0.571536527721249	0.	0	-1.8915694742299725	0.6280371637568282
5.499999999999927	0.9408952446080201	0.5700368136490586	0.	0	-1.88650503287619	0.6263556725786429
5.509999999999927	0.9384305994694487	0.568543620363602	0.	0	-1.8814631502707548	0.6246816713354152
5.519999999999927	0.9359766522816746	0.5670569083796715	0.	0	-1.8764436859857923	0.623015113402411
5.5299999999999265	0.9335333383758506	0.5655766385179606	0.	0	-1.871446500715355	0.6213559525273972
5.539999999999926	0.9311005935832838	0.5641027719021782	0.	0	-1.8664714562644846	0.6197041428270103
5.549999999999926	0.9286783542307313	0.5626352699561995	0.	0	-1.8615184155384052	0.6180596387831684
5.559999999999926	0.9262665571357455	0.5611740944012454	0.	0	-1.8565872425318326	0.6164223952395218
5.569999999999926	0.9238651396020723	0.559719207253095	0.	0	-1.8516778023184144	0.6147923673979464
5.5799999999999255	0.9214740394150991	0.5582705708193274	0.	0	-1.8467899610402854	0.6131695108150766
5.589999999999925	0.9190931948373537	0.5568281476965949	0.	0	-1.8419235858977454	0.6115537813988776
5.599999999999925	0.9167225446040526	0.5553919007679261	0.	0	-1.8370785451390519	0.6099451354052564
5.609999999999925	0.9143620279186968	0.5539617932000575	0.	0	-1.8322547080503306	0.6083435294347125
5.619999999999925	0.9120115844487189	0.5525377884407957	0.	0	-1.8274519449456017	0.6067489204290254
5.629999999999924	0.9096711543211742	0.5511198502164086	0.	0	-1.8226701271569161	0.6051612656679807
5.639999999999924	0.9073406781184807	0.5497079425290424	0.	0	-1.8179091270246053	0.6035805227661322
5.649999999999924	0.9050200968742078	0.5483020296541716	0.	0	-1.8131688178876428	0.6020066496696018
5.659999999999924	0.9027093520689052	0.5469020761380716	0.	0	-1.8084490740741102	0.6004396046529146
5.6699999999999235	0.9004083856259824	0.545508046795322	0.	0	-1.8037497708917751	0.5988793463158695
5.679999999999923	0.8981171399076311	0.5441199067063367	0.	0	-1.7990707846187708	0.597325833580446
5.689999999999923	0.8958355577107908	0.5427376212149194	0.	0	-1.7944119924943855	0.5957790256877448
5.699999999999923	0.8935635822631595	0.5413611559258464	0.	0	-1.7897732727099491	0.5942388821949629
5.709999999999923	0.8913011572192461	0.5399904767024761	0.	0	-1.7851545043998256	0.5927053629724026
5.7199999999999225	0.8890482266564671	0.5386255496643826	0.	0	-1.7805555676325062	0.5911784282005142
5.729999999999922	0.8868047350712842	0.5372663411850168	0.	0	-1.7759763434017986	0.589658038366971
5.739999999999922	0.8845706273753827	0.535912817889391	0.	0	-1.7714167136181176	0.5881441542637768
5.749999999999922	0.8823458488918928	0.5345649466517891	0.	0	-1.766876561099871	0.5866367369844068
5.759999999999922	0.8801303453516501	0.5332226945935015	0.	0	-1.7623557695649408	0.5851357479209788
5.769999999999921	0.8779240628894953	0.531886029080583	0.	0	-1.757854223622259	0.5836411487614561
5.779999999999921	0.8757269480406165	0.5305549177216371	0.	0	-1.753371808763476	0.5821529014868814
5.789999999999921	0.8735389477369262	0.5292293283656208	0.	0	-1.748908411354724	0.5806709683686418
5.799999999999921	0.8713600093034806	0.5279092290996751	0.	0	-1.7444639186284638	0.5791953119657627
5.809999999999921	0.8691900804549346	0.5265945882469778	0.	0	-1.7400382186754308	0.5777258951222323
5.81999999999992	0.8670291092920366	0.5252853743646193	0.	0	-1.735631200436662	0.5762626809643554
5.82999999999992	0.8648770442981568	0.5239815562414998	0.	0	-1.7312427536956123	0.5748056328981358
5.83999999999992	0.8627338343358569	0.5226831028962506	0.	0	-1.7268727690703596	0.573354714606688
5.84999999999992	0.8605994286434919	0.5213899835751756	0.	0	-1.7225211380058916	0.5719098900476761
5.8599999999999195	0.8584737768318506	0.5201021677502161	0.	0	-1.7181877527664788	0.5704711234507821
5.869999999999919	0.856356828880829	0.518819625116935	0.	0	-1.7138725064281295	0.5690383793152001
5.879999999999919	0.8542485351361414	0.5175423255925244	0.	0	-1.7095752928711274	0.5676116224071591
5.889999999999919	0.8521488463060636	0.5162702393138328	0.	0	-1.705296006772649	0.5661908177574719
5.899999999999919	0.8500577134582116	0.515003336635413	0.	0	-1.701034543599464	0.564775930659111
5.909999999999918	0.8479750880163528	0.5137415881275902	0.	0	-1.696790799600709	0.5633669266648098
5.919999999999918	0.8459009217572527	0.5124849645745523	0.	0	-1.6925646718007454	0.5619637715846912
5.929999999999918	0.8438351668075516	0.5112334369724567	0.	0	-1.6883560579920913	0.5605664314839207
5.939999999999918	0.8417777756406762	0.50998697652756	0.	0	-1.6841648567284275	0.5591748726803843
5.949999999999918	0.8397287010737818	0.5087455546543648	0.	0	-1.679990967317683	0.5577890617423928
5.959999999999917	0.8376878962647266	0.5075091429737869	0.	0	-1.6758342898151903	0.5564089654864094
5.969999999999917	0.8356553147090787	0.5062777133113423	0.	0	-1.6716947250169187	0.5550345509748027
5.979999999999917	0.8336309102371509	0.5050512376953502	0.	0	-1.6675721744527743	0.5536657855136222
5.989999999999917	0.83161463701107	0.5038296883551578	0.	0	-1.6634665403799764	0.5523026366503995
5.9999999999999165	0.8296064495218733	0.5026130377193813	0.	0	-1.6593777257765014	0.5509450721719711
6.009999999999916	0.8276063025866367	0.5014012584141652	0.	0	-1.655305634334598	0.5495930601023259
6.019999999999916	0.8256141513456311	0.5001943232614607	0.	0	-1.6512501704543707	0.548246568700474
6.029999999999916	0.8236299512595094	0.49899220527732085	0.	0	-1.6472112392374307	0.5469055664583393
6.039999999999916	0.8216536581065207	0.49779487767021247	0.	0	-1.6431887464806154	0.5455700220986741
6.0499999999999154	0.8196852279797544	0.49660231383934716	0.	0	-1.6391825986697732	0.5442399045729954
6.059999999999915	0.8177246172844121	0.4954144873730281	0.	0	-1.635192702973614	0.5429151830595436
6.069999999999915	0.8157717827351064	0.4942313720470135	0.	0	-1.6312189672376243	0.5415958269612611
6.079999999999915	0.8138266813531881	0.4930529418228975	0.	0	-1.6272612999780465	0.5402818059037949
6.089999999999915	0.8118892704641016	0.49187917084650795	0.	0	-1.623319610375924	0.5389730897335181
6.099999999999914	0.8099595076947644	0.4907100334463186	0.	0	-1.619393808271201	0.5376696485155715
6.109999999999914	0.808037350970975	0.48954550413187875	0.	0	-1.6154838041568933	0.5363714525319284
6.119999999999914	0.8061227585148479	0.4883855575922596	0.	0	-1.6115895091733163	0.5350784722794776
6.129999999999914	0.8042156888422723	0.4872301686945141	0.	0	-1.6077108351023686	0.5337906784681259
6.1399999999999135	0.8023161007603982	0.48607931248215386	0.	0	-1.6038476943618838	0.5325080420189227
6.149999999999913	0.8004239533651463	0.48493296417364146	0.	0	-1.6000000000000334	0.5312305340622014
6.159999999999913	0.7985392060387448	0.4837910991608971	0.	0	-1.5961676656897925	0.5299581259357427
6.169999999999913	0.7966618184472897	0.4826536930078208	0.	0	-1.5923506057234618	0.5286907891829543
6.179999999999913	0.794791750538329	0.48152072144882924	0.	0	-1.588548735007243	0.5274284955510716
6.1899999999999125	0.7929289625384736	0.4803921603874077	0.	0	-1.5847619690558756	0.5261712169893757
6.199999999999912	0.7910734149510293	0.479267985894676	0.	0	-1.5809902239873264	0.5249189256474309
6.209999999999912	0.7892250685536529	0.4781481742079679	0.	0	-1.577233416517531	0.5236715938733383
6.219999999999912	0.7873838843960342	0.4770327017294272	0.	0	-1.5734914639551951	0.5224291942120101
6.229999999999912	0.7855498237975981	0.4759215450246152	0.	0	-1.5697642841966448	0.5211916994034598
6.239999999999911	0.7837228483452298	0.4748146808211332	0.	0	-1.5660517957207303	0.5199590823811099
6.249999999999911	0.7819029198910257	0.473712086007259	0.	0	-1.5623539175837833	0.5187313162701179
6.259999999999911	0.780090000550062	0.47261373763059533	0.	0	-1.5586705694146243	0.5175083743857183
6.269999999999911	0.7782840526981896	0.47151961289673455	0.	0	-1.5550016714096233	0.516290230231583
6.2799999999999105	0.7764850389698473	0.47042968916793265	0.	0	-1.5513471443278066	0.5150768574981968
6.28999999999991	0.7746929222558994	0.46934394396180007	0.	0	-1.5477069094860176	0.5138682300612496
6.29999999999991	0.7729076657014924	0.4682623549500029	0.	0	-1.544080888754124	0.5126643219800467
6.30999999999991	0.7711292327039347	0.46718489995697815	0.	0	-1.5404690045502754	0.5114651074959335
6.31999999999991	0.7693575869105949	0.4661115569586607	0.	0	-1.5368711798362051	0.510270561030735
6.3299999999999095	0.7675926922168237	0.46504230408122416	0.	0	-1.5332873381125889	0.5090806571852156
6.339999999999909	0.7658345127638926	0.46397711959983207	0.	0	-1.5297174034144359	0.5078953707375488
6.349999999999909	0.7640830129369561	0.4629159819374033	0.	0	-1.5261613003065397	0.5067146766418064
6.359999999999909	0.7623381573630312	0.4618588696633878	0.	0	-1.5226189538789674	0.505538550026461
6.369999999999909	0.7605999109089987	0.460805761492556	0.	0	-1.5190902897425966	0.5043669661929044
6.379999999999908	0.7588682386796216	0.4597566362837981	0.	0	-1.5155752340246968	0.5031999006139806
6.389999999999908	0.7571431060155858	0.458711473038937	0.	0	-1.5120737133645537	0.5020373289325321
6.399999999999908	0.7554244784915561	0.45767025090155067	0.	0	-1.50858565490914	0.5008792269599636
6.409999999999908	0.7537123219142552	0.456632949155808	0.	0	-1.505110986308827	0.49972557067481765
6.419999999999908	0.7520066023205574	0.45559954722531426	0.	0	-1.5016496357131404	0.49857633622136577
6.429999999999907	0.7503072859756033	0.45457002467196883	0.	0	-1.4982015317665565	0.49743149990821217
6.439999999999907	0.7486143393709322	0.4535443611948336	0.	0	-1.494766603604342	0.4962910382069132
6.449999999999907	0.746927729222631	0.4525225366290113	0.	0	-1.4913447808484355	0.49515492775060915
6.459999999999907	0.7452474224695032	0.45150453094453685	0.	0	-1.4879359936033671	0.49402314533267044
6.4699999999999065	0.743573386271254	0.4504903242452771	0.	0	-1.4845401724522207	0.49289566790535594
6.479999999999906	0.7419055880066928	0.44947989676784206	0.	0	-1.4811572484526352	0.49177247257848616
6.489999999999906	0.7402439952719538	0.44847322888050717	0.	0	-1.4777871531328461	0.4906535366181286
6.499999999999906	0.738588575878733	0.4474703010821446	0.	0	-1.4744298184877647	0.4895388374452961
6.509999999999906	0.7369392978525414	0.44647109400116575	0.	0	-1.4710851769750959	0.4884283526346575
6.519999999999905	0.7352961294309774	0.4454755883944739	0.	0	-1.4677531615114963	0.4873220599132629
6.529999999999905	0.7336590390620117	0.44448376514642507	0.	0	-1.4644337054687673	0.4862199371592786
6.539999999999905	0.7320279954022921	0.4434956052678018	0.	0	-1.4611267426700858	0.48512196240073646
6.549999999999905	0.7304029673154627	0.4425110898947941	0.	0	-1.4578322073862744	0.4840281138142953
6.559999999999905	0.7287839238704994	0.44153020028799117	0.	0	-1.4545500343321045	0.48293836972401327
6.569999999999904	0.72717083434006	0.4405529178313821	0.	0	-1.4512801586626367	0.4818527086001331
6.579999999999904	0.7255636681988532	0.43957922403136734	0.	0	-1.4480225159695987	0.4807711090578791
6.589999999999904	0.723962395122018	0.43860910051577723	0.	0	-1.4447770422777946	0.4796935498562654
6.599999999999904	0.7223669849835239	0.43764252903290246	0.	0	-1.441543674041553	0.47862000989691644
6.6099999999999035	0.7207774078545813	0.43667949145053125	0.	0	-1.4383223481412066	0.4775504682228981
6.619999999999903	0.7191936340020703	0.4357199697549974	0.	0	-1.435113001879606	0.4764849040175602
6.629999999999903	0.7176156338869816	0.4347639460502355	0.	0	-1.431915572978671	0.4754232966033917
6.639999999999903	0.7160433781628752	0.43381140255684747	0.	0	-1.4287299995759684	0.47436562544088423
6.649999999999903	0.7144768376743506	0.4328623216111755	0.	0	-1.4255562202213294	0.47331187012740894
6.659999999999902	0.7129159834555312	0.431916685664384	0.	0	-1.4223941738734949	0.472262010396103
6.669999999999902	0.7113607867285665	0.43097447728155214	0.	0	-1.419243799896796	0.4712160261147671
6.679999999999902	0.7098112189021439	0.43003567914077184	0.	0	-1.4161050380578637	0.4701738972847734
6.689999999999902	0.7082672515700172	0.42910027403225687	0.	0	-1.4129778285223729	0.4691356040399839
6.699999999999902	0.7067288565095472	0.42816824485745847	0.	0	-1.4098621118518146	0.4681011266456795
6.709999999999901	0.7051960056802564	0.42723957462818946	0.	0	-1.4067578290003013	0.4670704454974985
6.719999999999901	0.7036686712223982	0.4263142464657577	0.	0	-1.4036649213114007	0.46604354112038615
6.729999999999901	0.7021468254555373	0.42539224360010597	0.	0	-1.400583330515003	0.46502039416755403
6.739999999999901	0.7006304408771445	0.42447354936896053	0.	0	-1.3975129987242128	0.46400098541944795
6.7499999999999005	0.6991194901612042	0.4235581472169875	0.	0	-1.3944538684322751	0.4629852957827281
6.7599999999999	0.6976139461568351	0.4226460206949573	0.	0	-1.3914058825095286	0.46197330628925637
6.7699999999999	0.696113781886922	0.4217371534589159	0.	0	-1.3883689842003863	0.460964998095095
6.7799999999999	0.6946189705467631	0.42083152926936473	0.	0	-1.3853431171203487	0.45996035247951406
6.7899999999999	0.6931294855027278	0.4199291319904482	0.	0	-1.3823282252530407	0.4589593508440079
6.7999999999998995	0.6916453002909246	0.4190299455891461	0.	0	-1.3793242529472782	0.4579619747113215
6.809999999999899	0.6901663886158877	0.4181339541344782	0.	0	-1.3763311449141649	0.45696820572448615
6.819999999999899	0.688692724349268	0.4172411417967111	0.	0	-1.3733488462242092	0.4559780256458623
6.829999999999899	0.6872242815285411	0.41635149284657563	0.	0	-1.3703773023044785	0.4549914163561949
6.839999999999899	0.6857610343557257	0.41546499165449	0.	0	-1.3674164589357711	0.4540083598536743
6.849999999999898	0.6843029571961132	0.4145816226897907	0.	0	-1.3644662622498172	0.45302883825300694
6.859999999999898	0.6828500245770088	0.4137013705199691	0.	0	-1.3615266587265087	0.4520528337844955
6.869999999999898	0.6814022111864856	0.41282421980991724	0.	0	-1.358597595191153	0.45108032879312737
6.879999999999898	0.6799594918721471	0.411950155321178	0.	0	-1.3556790188117502	0.45011130573767016
6.8899999999998975	0.6785218416399041	0.41107916191120386	0.	0	-1.3527708770962992	0.44914574718977796
6.899999999999897	0.6770892356527607	0.4102112245326214	0.	0	-1.3498731178901269	0.44818363583310383
6.909999999999897	0.6756616492296115	0.4093463282325028	0.	0	-1.3469856893732428	0.44722495446242216
6.919999999999897	0.6742390578440495	0.4084844581516436	0.	0	-1.344108540057717	0.4462696859827575
6.929999999999897	0.6728214371231862	0.40762559952384764	0.	0	-1.3412416187850833	0.44531781340852283
6.9399999999998965	0.6714087628464809	0.40676973767521796	0.	0	-1.3383848747237672	0.44436931986266537
6.949999999999896	0.6700010109445795	0.4059168580234534	0.	0	-1.3355382573665358	0.4434241885758199
6.959999999999896	0.6685981574981671	0.40506694607715305	0.	0	-1.332701716527971	0.44248240288546997
6.969999999999896	0.6672001787368275	0.40421998743512577	0.	0	-1.32987520234197	0.44154394623511767
6.979999999999896	0.6658070510379143	0.40337596778570606	0.	0	-1.3270586652592613	0.4406088021734593
6.989999999999895	0.6644187509254327	0.4025348729060765	0.	0	-1.324252056044951	0.4396769543535707
6.999999999999895	0.6630352550689297	0.4016966886615954	0.	0	-1.3214553257760884	0.43874838653209824
7.009999999999895	0.661656540282396	0.4008614010051316	0.	0	-1.318668425839251	0.43782308256845826
7.019999999999895	0.6602825835231754	0.40002899597640396	0.	0	-1.3158913079281567	0.43690102642404305
7.0299999999998946	0.6589133618908868	0.3991994597013276	0.	0	-1.3131239240412955	0.43598220216143535
7.039999999999894	0.657548852626353	0.3983727783913657	0.	0	-1.3103662264795808	0.435066593943628
7.049999999999894	0.6561890331105408	0.3975489383428869	0.	0	-1.3076181678440255	0.4341541860332529
7.059999999999894	0.6548338808635091	0.39672792593652795	0.	0	-1.3048797010334368	0.43324496279181496
7.069999999999894	0.6534833735433684	0.3959097276365637	0.	0	-1.3021507792421334	0.43233890867893493
7.0799999999998935	0.6521374889452467	0.3950943299902803	0.	0	-1.299431355957682	0.43143600825159734
7.089999999999893	0.6507962050002665	0.3942817196273555	0.	0	-1.2967213849586547	0.43053624616340586
7.099999999999893	0.6494594997745304	0.3934718832592441	0.	0	-1.2940208203124073	0.42963960716384614
7.109999999999893	0.6481273514681153	0.39266480767856854	0.	0	-1.2913296163728767	0.4287460760975542
7.119999999999893	0.6467997384140755	0.39186047975851507	0.	0	-1.2886477277783994	0.42785563790359205
7.129999999999892	0.6454766390774545	0.3910588864522349	0.	0	-1.2859751094495477	0.4269682776147294
7.139999999999892	0.6441580320543062	0.3902600147922513	0.	0	-1.2833117165869874	0.4260839803567323
7.149999999999892	0.642843896070723	0.3894638518898706	0.	0	-1.280657504669352	0.4252027313476575
7.159999999999892	0.6415342099818744	0.38867038493459993	0.	0	-1.27801242945114	0.42432451589715403
7.169999999999892	0.6402289527710525	0.38787960119356896	0.	0	-1.275376446960627	0.42344931940577046
7.179999999999891	0.6389281035487264	0.3870914880109569	0.	0	-1.2727495134977984	0.4225771273642678
7.189999999999891	0.6376316415516043	0.38630603280742415	0.	0	-1.2701315856323	0.42170792535293966
7.199999999999891	0.6363395461417048	0.38552322307955	0.	0	-1.2675226202014074	0.4208416990409379
7.209999999999891	0.6350517968054356	0.38474304639927415	0.	0	-1.2649225743080128	0.419978434185604
7.2199999999998905	0.6337683731526792	0.38396549041334305	0.	0	-1.2623314053186296	0.41911811663180687
7.22999999999989	0.6324892549158894	0.3831905428427622	0.	0	-1.2597490708614163	0.41826073231128647
7.23999999999989	0.6312144219491913	0.3824181914822512	0.	0	-1.2571755288242146	0.4174062672420026
7.24999999999989	0.6299438542274938	0.3816484241997058	0.	0	-1.2546107373526092	0.4165547075274907
7.25999999999989	0.6286775318456059	0.3808812289356628	0.	0	-1.2520546548479998	0.4157060393562215
7.269999999999889	0.6274154350173629	0.38011659370277034	0.	0	-1.2495072399656952	0.41486024900096863
7.279999999999889	0.6261575440747583	0.3793545065852624	0.	0	-1.24696845161302	0.4140173228181795
7.289999999999889	0.6249038394670857	0.37859495573843815	0.	0	-1.2444382489474395	0.4131772472473534
7.299999999999889	0.6236543017600856	0.37783792938814625	0.	0	-1.2419165913747034	0.41234000881042426
7.309999999999889	0.6224089116351004	0.37708341583027155	0.	0	-1.2394034385469999	0.4115055941111487
7.319999999999888	0.6211676498882371	0.37633140343022886	0.	0	-1.2368987503611337	0.41067398983450065
7.329999999999888	0.6199304974295361	0.3755818806224589	0.	0	-1.234402486956712	0.40984518274606885
7.339999999999888	0.6186974352821486	0.37483483590993	0.	0	-1.231914608714353	0.4090191596914626
7.349999999999888	0.6174684445815195	0.37409025786364297	0.	0	-1.2294350762539068	0.40819590759572044
7.3599999999998875	0.6162435065745775	0.3733481351221408	0.	0	-1.2269638504326896	0.40737541346272454
7.369999999999887	0.6150226026189335	0.3726084563910226	0.	0	-1.2245008923437397	0.406557664374621
7.379999999999887	0.6138057141820834	0.3718712104424607	0.	0	-1.222046163314083	0.4057426474912444
7.389999999999887	0.6125928228406209	0.37113638611472394	0.	0	-1.2195996249030143	0.40493035004954714
7.399999999999887	0.6113839102794526	0.3704039723117019	0.	0	-1.217161238900397	0.4041207593630345
7.4099999999998865	0.6101789582910241	0.36967395800243624	0.	0	-1.2147309673249722	0.40331386282120385
7.419999999999886	0.6089779487745501	0.36894633222065404	0.	0	-1.2123087724226884	0.4025096478889895
7.429999999999886	0.6077808637352516	0.368221084064306	0.	0	-1.2098946166650404	0.40170810210621155
7.439999999999886	0.6065876852835992	0.36749820269510736	0.	0	-1.2074884627474243	0.40090921308702965
7.449999999999886	0.6053983956345633	0.36677767733808464	0.	0	-1.2050902735875093	0.4001129685194023
7.459999999999885	0.6042129771068708	0.3660594972811242	0.	0	-1.2027000123236187	0.39931935616454933
7.469999999999885	0.6030314121222674	0.3653436518745261	0.	0	-1.2003176423131285	0.3985283638564203
7.479999999999885	0.6018536832047857	0.3646301305305604	0.	0	-1.1979431271308782	0.3977399795011668
7.489999999999885	0.6006797729800208	0.3639189227230284	0.	0	-1.195576430567596	0.39695419107661956
7.4999999999998845	0.5995096641744105	0.3632100179868261	0.	0	-1.193217516628336	0.3961709866317697
