0	87.15894623206943	1.299999999999999	-26.04810996563574	6.6	88.54779529006285	11.228123975144037
0.01	88.43291078829579	1.4399999999999995	-26.04810996563574	6.5636363636363635	87.8933697812098	11.14514087294676
0.02	89.35492093336688	1.58	-26.04810996563574	6.527272727272727	87.21875869953213	11.059598180039837
0.03	89.9821566246728	1.7199999999999998	-26.04810996563574	6.49090909090909	86.52635859139129	10.971799785634403
0.04	90.36333812065392	1.8599999999999994	-26.04810996563574	6.454545454545454	85.81834212745767	10.88202119083768
0.05	90.53975417444892	2.	-26.04810996563574	6.418181818181818	85.09668979335308	10.790513527120753
0.060000000000000005	90.54626334519573	2.1399999999999997	-26.04810996563574	6.381818181818182	84.36321438932404	10.697506662950063
0.07	90.41221891899546	2.2799999999999994	-26.04810996563574	6.345454545454546	83.61958043795069	10.603211664742657
0.08	90.16229554432704	2.42	-26.04810996563574	6.309090909090909	82.86731989741128	10.50782278935489
0.09	89.81721209188638	2.5599999999999987	-26.04810996563574	6.2727272727272725	82.10784513578032	10.411519129262041
0.09999999999999999	89.39435442564604	2.6999999999999993	-26.04810996563574	6.236363636363636	81.3424598347045	10.314465995176874
0.10999999999999999	88.908306430168	2.839999999999999	-26.04810996563574	6.199999999999999	80.57236829934196	10.21681609657765
0.11999999999999998	88.37129956733114	2.9799999999999995	-26.04810996563574	6.163636363636363	79.79868352084723	10.118710564055199
0.12999999999999998	87.79359158354612	3.119999999999999	-26.04810996563574	6.127272727272727	79.02243424680377	10.02027984586482
0.13999999999999999	87.18378447749468	3.26	-26.04810996563574	6.090909090909091	78.24457125064839	9.921644502907954
0.15	86.5490909090909	3.3999999999999995	-26.04810996563574	6.054545454545455	77.46597294484913	9.822915920499847
0.16	85.89555714340104	3.54	-26.04810996563574	6.018181818181818	76.68745044885225	9.724196951000303
0.17	85.22824952623803	3.6799999999999997	-26.04810996563574	5.9818181818181815	75.90975219790894	9.625582498226638
0.18000000000000002	84.55141045897648	3.8200000000000003	-26.04810996563574	5.945454545454545	75.13356816030716	9.527160052211219
0.19000000000000003	83.86858891488632	3.96	-26.04810996563574	5.909090909090908	74.3595337165301	9.429010181090305
0.20000000000000004	83.18274972971399	4.1000000000000005	-26.04810996563574	5.872727272727272	73.58823324321278	9.331206985560422
0.21000000000000005	82.49636520363089	4.24	-26.04810996563574	5.836363636363636	72.82020343660488	9.23381852030332
0.22000000000000006	81.81149196141894	4.380000000000001	-26.04810996563574	5.799999999999999	72.0559364039387	9.136907185980641
0.23000000000000007	81.12983552128469	4.5200000000000005	-26.04810996563574	5.763636363636363	71.29588254619368	9.040530094777047
0.24000000000000007	80.45280460765395	4.660000000000001	-26.04810996563574	5.727272727272727	70.5404532519007	8.94473941198261
0.25000000000000006	79.78155689781529	4.8	-26.04810996563574	5.6909090909090905	69.79002341859437	8.849582675720475
0.26000000000000006	79.11703760552568	4.94	-26.04810996563574	5.654545454545454	69.04493381610969	8.755103096619901
0.2700000000000001	78.46001206711593	5.08	-26.04810996563574	5.618181818181817	68.3054933039892	8.661339838990102
0.2800000000000001	77.81109329901028	5.220000000000001	-26.04810996563574	5.581818181818181	67.57198091371295	8.56832828485319
0.2900000000000001	77.17076533291174	5.360000000000001	-26.04810996563574	5.545454545454545	66.8446478051988	8.47610028203424
0.3000000000000001	76.53940300032723	5.500000000000001	-26.04810996563574	5.509090909090909	66.12371910598827	8.384684377375532
0.3100000000000001	75.91728872672397	5.640000000000001	-26.04810996563574	5.472727272727272	65.40939564067843	8.29410603603366
0.3200000000000001	75.30462680334784	5.780000000000001	-26.04810996563574	5.436363636363636	64.70185555744877	8.204387847727984
0.3300000000000001	74.70155552824764	5.920000000000002	-26.04810996563574	5.3999999999999995	64.0012558579336	8.115549720732995
0.34000000000000014	74.10815754456227	6.060000000000001	-26.04810996563574	5.363636363636363	63.30773383618128	8.027609064342633
0.35000000000000014	73.52446865136766	6.200000000000001	-26.04810996563574	5.327272727272726	62.62140843200418	7.940580960479089
0.36000000000000015	72.95048531847112	6.340000000000002	-26.04810996563574	5.29090909090909	61.94238150364417	7.854478325070582
0.37000000000000016	72.3861710999469	6.480000000000002	-26.04810996563574	5.254545454545454	61.2707390243454	7.769312059780337
0.38000000000000017	71.8314621106605	6.620000000000002	-26.04810996563574	5.218181818181817	60.606552207130186	7.685091194631529
0.3900000000000002	71.28627170449371	6.760000000000002	-26.04810996563574	5.181818181818181	59.94987856181105	7.6018230220395395
0.4000000000000002	70.75049447159941	6.900000000000002	-26.04810996563574	5.145454545454545	59.30076288803153	7.519513222732503
0.4100000000000002	70.22400965408121	7.040000000000003	-26.04810996563574	5.1090909090909085	58.659238207911926	7.438165984013553
0.4200000000000002	69.70668406442948	7.180000000000002	-26.04810996563574	5.072727272727271	58.025326641675726	7.357784110792858
0.4300000000000002	69.19837457836783	7.320000000000002	-26.04810996563574	5.036363636363635	57.39904022944772	7.278369129794079
0.4400000000000002	68.69893026308354	7.460000000000003	-26.04810996563574	4.999999999999999	56.780381702242835	7.1999213873180326
0.45000000000000023	68.20819419279633	7.600000000000003	-26.04810996563574	4.963636363636363	56.16934520500387	7.1224401409260425
0.46000000000000024	67.72600499599787	7.740000000000003	-26.04810996563574	4.927272727272726	55.56591697439539	7.045923645386214
0.47000000000000025	67.25219817223892	7.880000000000003	-26.04810996563574	4.89090909090909	54.97007597391888	6.970369233207925
0.48000000000000026	66.78660721086624	8.020000000000003	-26.04810996563574	4.854545454545454	54.381794488779285	6.895773390072681
0.49000000000000027	66.32906453946347	8.160000000000004	-26.04810996563574	4.818181818181817	53.80103868280647	6.822131825453408
0.5000000000000002	65.87940232579437	8.300000000000002	-26.04810996563574	4.78181818181818	53.227769119613626	6.749439538698884
0.5100000000000002	65.43745315367964	8.440000000000003	-26.04810996563574	4.745454545454544	52.66194125006008	6.677690880845494
0.5200000000000002	65.00305059036485	8.580000000000002	-26.04810996563574	4.709090909090908	52.10350586797705	6.606879612404587
0.5300000000000002	64.57602966048366	8.720000000000002	-26.04810996563574	4.672727272727272	51.55240953601041	6.536998957360621
0.5400000000000003	64.15622723962126	8.860000000000003	-26.04810996563574	4.636363636363635	51.00859498333624	6.4680416536026755
0.5500000000000003	63.74348237868628	9.	-26.04810996563574	4.6	50.472001476910336	6.4
0.5600000000000003	63.33763656875821	9.033333333333335	-26.04810996563574	4.6066666666666665	49.94256516782339	6.41
0.5700000000000003	62.93853395475441	9.066666666666668	-26.04810996563574	4.613333333333333	49.42021941424816	6.420000000000001
0.5800000000000003	62.546021505124294	9.100000000000001	-26.04810996563574	4.62	48.90489508238379	6.430000000000001
0.5900000000000003	62.1599491437996	9.133333333333335	-26.04810996563574	4.626666666666667	48.39652082672487	6.44
0.6000000000000003	61.78016984978772	9.166666666666668	-26.04810996563574	4.633333333333333	47.895023350909675	6.450000000000001
0.6100000000000003	61.40653972906778	9.200000000000001	-26.04810996563574	4.64	47.40032765033187	6.460000000000001
0.6200000000000003	61.038918062823264	9.233333333333334	-26.04810996563574	4.6466666666666665	46.91235723763352	6.470000000000001
0.6300000000000003	60.677167335502375	9.266666666666667	-26.04810996563574	4.653333333333333	46.43103435213443	6.48
0.6400000000000003	60.3211532457296	9.3	-26.04810996563574	4.66	45.95628015419261	6.49
0.6500000000000004	59.97074470268643	9.333333333333334	-26.04810996563574	4.666666666666667	45.488014905433985	6.500000000000001
0.6600000000000004	59.62581381022873	9.366666666666667	-26.04810996563574	4.673333333333333	45.02615813573565	6.510000000000001
0.6700000000000004	59.28623584070305	9.400000000000002	-26.04810996563574	4.68	44.57062879779568	6.5200000000000005
0.6800000000000004	58.951889200161524	9.433333333333335	-26.04810996563574	4.6866666666666665	44.12134541007427	6.53
0.6900000000000004	58.6226553864452	9.466666666666669	-26.04810996563574	4.693333333333333	43.67822618884515	6.540000000000001
0.7000000000000004	58.29841894140761	9.500000000000002	-26.04810996563574	4.7	43.24118917005249	6.550000000000001
0.7100000000000004	57.97906739837665	9.533333333333335	-26.04810996563574	4.706666666666667	42.81015232162818	6.5600000000000005
0.7200000000000004	57.66449122580391	9.566666666666668	-26.04810996563574	4.713333333333333	42.38503364688471	6.57
0.7300000000000004	57.35458376791927	9.600000000000001	-26.04810996563574	4.72	41.96575127956293	6.580000000000001
0.7400000000000004	57.04924118309527	9.633333333333335	-26.04810996563574	4.726666666666667	41.552223571078834	6.590000000000001
0.7500000000000004	56.748362380526984	9.666666666666668	-26.04810996563574	4.733333333333333	41.14436917048092	6.6000000000000005
0.7600000000000005	56.45184895574746	9.700000000000001	-26.04810996563574	4.74	40.742107097599046	6.61
0.7700000000000005	56.1596051254235	9.733333333333334	-26.04810996563574	4.746666666666667	40.34535680983597	6.620000000000001
0.7800000000000005	55.87153766181179	9.766666666666667	-26.04810996563574	4.753333333333334	39.95403826302603	6.630000000000001
0.7900000000000005	55.587555827198834	9.800000000000002	-26.04810996563574	4.76	39.56807196675868	6.640000000000001
0.8000000000000005	55.30757130859851	9.833333333333336	-26.04810996563574	4.766666666666667	39.18737903454088	6.65
0.8100000000000005	55.03149815293864	9.866666666666669	-26.04810996563574	4.773333333333333	38.81188122914886	6.660000000000001
0.8200000000000005	54.75925270293037	9.900000000000002	-26.04810996563574	4.78	38.44150100349811	6.670000000000001
0.8300000000000005	54.490753533782	9.933333333333335	-26.04810996563574	4.786666666666667	38.076161537340425	6.680000000000001
0.8400000000000005	54.22592139089065	9.966666666666669	-26.04810996563574	4.793333333333334	37.71578677007698	6.69
0.8500000000000005	53.964679128620844	9.999999999999998	-26.04810996563574	4.799999999999999	37.360301429958916	6.699999999999994
0.8600000000000005	53.70695165025801	9.96285714285714	-26.04810996563574	4.785714285714285	37.0096310599294	6.597142857142852
0.8700000000000006	53.45266584920638	9.925714285714283	-26.04810996563574	4.7714285714285705	36.66370204034549	6.494285714285708
0.8800000000000006	53.20175055148517	9.888571428571426	-26.04810996563574	4.757142857142856	36.32244160880287	6.391428571428566
0.8900000000000006	52.954136459563315	9.851428571428569	-26.04810996563574	4.742857142857142	35.985777877272234	6.288571428571423
0.9000000000000006	52.70975609756096	9.814285714285711	-26.04810996563574	4.728571428571428	35.65363984674327	6.18571428571428
0.9100000000000006	52.468543757836166	9.777142857142854	-25.844542812888967	4.7142857142857135	35.32595741955903	6.0828571428571365
0.9200000000000006	52.23043544896657	9.739999999999998	-25.64115774697008	4.699999999999999	35.00266140961228	5.979999999999993
0.9300000000000006	51.99536884512788	9.702857142857141	-25.438006269237256	4.685714285714285	34.68368355056405	5.87714285714285
0.9400000000000006	51.76328323686593	9.665714285714284	-25.235138640879118	4.67142857142857	34.368956502234425	5.774285714285708
0.9500000000000006	51.53411948325219	9.628571428571426	-25.032603868705632	4.657142857142856	34.05841385530577	5.6714285714285655
0.9600000000000006	51.307819965409465	9.591428571428569	-24.83044969327398	4.6428571428571415	33.751990134469416	5.568571428571422
0.9700000000000006	51.084328541389965	9.554285714285712	-24.628722579276488	4.628571428571427	33.449620800138476	5.465714285714279
0.9800000000000006	50.863590502385335	9.517142857142854	-24.42746770811527	4.614285714285713	33.15124224884106	5.362857142857136
0.9900000000000007	50.64555253024513	9.479999999999997	-24.226728972586024	4.599999999999999	32.856791812401035	5.259999999999993
1.0000000000000007	50.430162656278725	9.44285714285714	-24.02654897359186	4.5857142857142845	32.56620775600592	5.1571428571428495
1.0100000000000007	50.217370221313594	9.405714285714282	-23.82696901880643	4.57142857142857	32.279429275255254	5.054285714285707
1.0200000000000007	50.00712583698185	9.368571428571425	-23.628029123204755	4.557142857142856	31.996396492276368	4.951428571428564
1.0300000000000007	49.79938134820568	9.331428571428567	-23.429768011379362	4.542857142857142	31.717050450988616	4.848571428571422
1.0400000000000007	49.59408979685202	9.294285714285712	-23.23222312155888	4.528571428571428	31.44133311159175	4.7457142857142784
1.0500000000000007	49.39120538652598	9.257142857142854	-23.03543061124615	4.514285714285713	31.16918734434893	4.642857142857135
1.0600000000000007	49.19068344847239	9.219999999999997	-22.839425364392966	4.499999999999999	30.90055692273005	4.539999999999992
1.0700000000000007	48.9924804085548	9.18285714285714	-22.64424100002918	4.485714285714284	30.635386515976517	4.437142857142849
1.0800000000000007	48.796553755281344	9.145714285714282	-22.449909882264105	4.47142857142857	30.37362168114456	4.3342857142857065
1.0900000000000007	48.60286200884686	9.108571428571425	-22.25646313157945	4.4571428571428555	30.11520885467997	4.231428571428563
1.1000000000000008	48.411364691161154	9.071428571428568	-22.06393063733386	4.442857142857141	29.86009534357357	4.128571428571421
1.1100000000000008	48.222022296833536	9.03428571428571	-21.872341071400164	4.428571428571427	29.608229316143298	4.025714285714278
1.1200000000000008	48.03479626508436	8.997142857142853	-21.681721902858353	4.414285714285713	29.359559792485467	3.9228571428571346
1.1300000000000008	47.84964895255457	8.959999999999996	-21.492099413668353	4.399999999999999	29.11403663463474	3.8199999999999914
1.1400000000000008	47.666543606985016	8.92285714285714	-21.303498715248598	4.385714285714284	28.87161053646948	3.7171428571428486
1.1500000000000008	47.48544434173787	8.885714285714283	-21.115943765888247	4.37142857142857	28.632233013396622	3.614285714285706
1.1600000000000008	47.306316111132844	8.848571428571425	-20.929457388922703	4.357142857142856	28.395856391847467	3.5114285714285627
1.1700000000000008	47.12912468657215	8.811428571428568	-20.744061291604154	4.342857142857142	28.162433798613748	3.40857142857142
1.1800000000000008	46.95383663342796	8.77428571428571	-20.559776084601012	4.328571428571427	27.931919150050906	3.3057142857142767
1.1900000000000008	46.780419288667844	8.737142857142853	-20.376621302062116	4.314285714285713	27.70426714117368	3.202857142857134
1.2000000000000008	46.6088407391932	8.699999999999998	-20.194615422184064	4.299999999999996	27.479433234667006	3.0999999999999988
1.2100000000000009	46.439069800867394	9.287813960173478	-20.013775888221993	4.002755177644398	27.257373649833642	5.451474729966729
1.2200000000000009	46.271075998210485	9.254215199642097	-19.83411912988662	3.966823825977324	27.038045351498116	5.407609070299624
1.2300000000000009	46.10482954473807	9.220965908947614	-19.655660585072585	3.931132117014517	26.821406038885122	5.364281207777025
1.2400000000000009	45.940301323922775	9.188060264784555	-19.47841472186557	3.895682944373114	26.607414134489055	5.321482826897811
1.2500000000000009	45.7774628707574	9.155492574151479	-19.302395060777727	3.8604790121555457	26.396028772949947	5.27920575458999
1.260000000000001	45.61628635389926	9.123257270779852	-19.127614197163723	3.825522839432745	26.18720978994984	5.237441957989969
1.270000000000001	45.456744558376215	9.091348911675244	-18.954083823771462	3.7908167647542927	25.98091771114257	5.196183542228514
1.280000000000001	45.29881086883534	9.059762173767067	-18.781814753384378	3.7563629506768756	25.777113741128506	5.155422748225702
1.290000000000001	45.142459253315856	9.02849185066317	-18.610816941514056	3.7221633883028113	25.57575975248526	5.115151950497053
1.300000000000001	44.98766424752837	8.997532849505674	-18.44109950910434	3.6882199018208683	25.376818274863883	5.075363654972777
1.310000000000001	44.83440093962359	8.966880187924719	-18.272670765210314	3.654534153042063	25.180252484159666	5.036050496831933
1.320000000000001	44.68264495543351	8.936528991086702	-18.10553822961756	3.6211076459235123	24.986026191765475	4.997205238353096
1.330000000000001	44.532372444169376	8.906474488833876	-17.939708655369387	3.5879417310738777	24.79410383391489	4.958820766782978
1.340000000000001	44.38356006456074	8.876712012912149	-17.77518805117151	3.5550376102343026	24.6044504611219	4.92089009222438
1.350000000000001	44.23618497142069	8.847236994284138	-17.61198170364603	3.5223963407292063	24.417031727722794	4.883406345544559
1.360000000000001	44.090224802622906	8.818044960524581	-17.45009419940811	3.490018839881622	24.231813881525795	4.84636277630516
1.370000000000001	43.945657666476585	8.789131533295317	-17.289529446940957	3.4579058893881918	24.04876375357292	4.809752750714584
1.380000000000001	43.80246212948561	8.760492425897123	-17.130290698246405	3.4260581396492813	23.8678487480184	4.77356974960368
1.390000000000001	43.66061720447941	8.732123440895881	-16.972380570250095	3.3944761140500193	23.68903683212719	4.7378073664254385
1.400000000000001	43.52010233910251	8.704020467820502	-16.815801065942107	3.3631602131884217	23.51229652639689	4.702459305279379
1.410000000000001	43.38089740465104	8.676179480930207	-16.660553595235513	3.332110719047103	23.337596894805785	4.667519378961157
1.420000000000001	43.242982685244556	8.648596537048912	-16.506638995526657	3.301327799105332	23.16490753518939	4.632981507037878
1.430000000000001	43.106338867321696	8.62126777346434	-16.354057551942965	3.2708115103885933	22.99419856974751	4.598839713949502
1.440000000000001	42.970947029448986	8.594189405889798	-16.20280901726498	3.240561803452996	22.825440635683567	4.565088127136714
1.450000000000001	42.83678863243254	8.567357726486508	-16.052892631511096	3.2105785263022195	22.658604875977343	4.531720975195468
1.460000000000001	42.70384550972223	8.540769101944447	-15.904307141174746	3.1808614282349494	22.493662930292476	4.4987325860584955
1.470000000000001	42.572099858098774	8.514419971619756	-15.75705081810476	3.151410163620952	22.330586926019247	4.46611738520385
1.480000000000001	42.441534228634524	8.488306845726905	-15.611121478021234	3.122224295604247	22.16934946945343	4.433869893890686
1.490000000000001	42.31213151791862	8.462426303583724	-15.466516498660054	3.093303299732011	22.009923637111285	4.401984727422257
1.500000000000001	42.18387495953794	8.436774991907589	-15.323232837540488	3.0646465675080976	21.852282967181072	4.370456593436215
1.5100000000000011	42.056748115805554	8.411349623161112	-15.181267049351126	3.036253409870225	21.69640145111075	4.33928029022215
1.5200000000000011	41.93073486972841	8.386146973945683	-15.040615302950634	3.008123060590127	21.542253525331805	4.308450705066361
1.5300000000000011	41.80581941720636	8.361163883441272	-14.90127339798041	2.980254679596082	21.38981406311864	4.277962812623728
1.5400000000000011	41.68198625945533	8.336397251891066	-14.763236781087286	2.9526473562174576	21.23905836658303	4.2478116733166065
1.5500000000000012	41.55922019564695	8.31184403912939	-14.626500561755254	2.925300112351051	21.08996215880295	4.217992431760591
1.5600000000000012	41.43750631575787	8.287501263151574	-14.491059527745644	2.898211905549129	20.94250157608488	4.188500315216976
1.5700000000000012	41.31682999362202	8.263365998724405	-14.356908160146322	2.8713816320292644	20.79665316035873	4.159330632071746
1.5800000000000012	41.19717688017899	8.239435376035798	-14.224040648030714	2.844808129606143	20.652393851704254	4.130478770340851
1.5900000000000012	41.07853289691272	8.215706579382545	-14.092450902728363	2.818490180545673	20.509700981007967	4.101940196201594
1.6000000000000012	40.960884229473805	8.192176845894762	-13.962132571709121	2.7924265143418245	20.368552262749127	4.073710452549825
1.6100000000000012	40.844217321480166	8.168843464296033	-13.833079052083674	2.766615810416735	20.228925787913752	4.045785157582751
1.6200000000000012	40.728518868489985	8.145703773697997	-13.70528350372356	2.7410567007447124	20.090800017035107	4.018160003407021
1.6300000000000012	40.61377581214165	8.12275516242833	-13.578738862004274	2.7157477724008547	19.95415377335934	3.9908307546718684
1.6400000000000012	40.499975334455314	8.099995066891063	-13.453437850175463	2.690687570035093	19.818966236134855	3.9637932472269712
1.6500000000000012	40.38710485229117	8.077420970458235	-13.329372991362591	2.6658745982725183	19.68521693402378	3.9370433868047563
1.6600000000000013	40.27515201195929	8.055030402391859	-13.206536620204753	2.641307324040951	19.552885738634075	3.910577147726815
1.6700000000000013	40.164104683976454	8.032820936795291	-13.084920894133719	2.616984178826744	19.421952858170677	3.8843905716341354
1.6800000000000013	40.053950957965334	8.010790191593067	-12.964517804299376	2.5929035608598756	19.29239883120407	3.8584797662408143
1.6900000000000013	39.944679137691644	7.988935827538329	-12.845319186147243	2.5690638372294488	19.16420452055459	3.8328409041109186
1.7000000000000013	39.836277736234926	7.967255547246985	-12.727316729653621	2.5454633459307243	19.03735110729088	3.8074702214581766
1.7100000000000013	39.728735471288864	7.945747094257773	-12.610501989224492	2.5221003978448984	18.911820084840777	3.7823640169681556
1.7200000000000013	39.62204126058728	7.924408252117456	-12.494866393264138	2.498973278652828	18.78759325321294	3.757518650642588
1.7300000000000013	39.51618421745171	7.903236843490342	-12.380401253419757	2.4760802506839514	18.66465271332755	3.73293054266551
1.7400000000000013	39.41115364645711	7.882230729291422	-12.267097773508485	2.4534195547016973	18.542980861454314	3.708596172290863
1.7500000000000013	39.30693903921188	7.861387807842377	-12.154947058133171	2.4309894116266344	18.422560383756142	3.6845120767512287
1.7600000000000013	39.20353007024898	7.840706014049797	-12.043940120993602	2.4087880241987207	18.303374250936756	3.6606748501873514
1.7700000000000014	39.10091659302445	7.82018331860489	-11.934067892899638	2.3868135785799276	18.185405712990438	3.637081142598088
1.7800000000000014	38.99908863602055	7.799817727204111	-11.825321229493005	2.365064245898601	18.068638294052423	3.6137276588104847
1.7900000000000014	38.898036398949934	7.779607279789987	-11.717690918684399	2.34353818373688	17.953055787347967	3.590611157469594
1.8000000000000014	38.79775024905811	7.759550049811622	-11.6111676878126	2.32223353756252	17.83864225023865	3.56772845004773
1.8100000000000014	38.69822071752125	7.7396441435042505	-11.505742210532285	2.301148442106457	17.72538199936402	3.5450763998728045
1.8200000000000014	38.5994384959364	7.71988769918728	-11.401405113437296	2.280281022687459	17.613259605877108	3.522651921175422
1.8300000000000014	38.50139443290137	7.700278886580275	-11.298146982425939	2.2596293964851877	17.50225989077195	3.50045197815439
1.8400000000000014	38.404079530681926	7.680815906136385	-11.19595836881506	2.239191673763012	17.392367920301652	3.4784735840603305
1.8500000000000014	38.307484941963274	7.661496988392655	-11.094829795209415	2.218965959041883	17.283569001485247	3.4567138002970497
1.8600000000000014	38.21160196668378	7.642320393336757	-10.994751761132937	2.1989503522265874	17.175848677701794	3.435169735540359
1.8700000000000014	38.11642204894827	7.623284409789655	-10.895714748428365	2.179142949685673	17.06919272437007	3.413838544874014
1.8800000000000014	38.0219367740188	7.60438735480376	-10.797709226431651	2.15954184528633	16.963587144712314	3.392717428942463
1.8900000000000015	37.92813786538042	7.585627573076085	-10.70072565692756	2.140145131385512	16.85901816560047	3.3718036331200945
1.9000000000000015	37.83501718188003	7.567003436376007	-10.604754498892632	2.1209508997785265	16.75547223348333	3.3510944466966666
1.9100000000000015	37.651984554820174	7.530396910964035	-10.484562726120508	2.0969125452241015	16.612968963968147	3.3225937927936293
1.9200000000000015	37.470054848604924	7.494010969720986	-10.365815372037288	2.0731630744074576	16.47194966745371	3.2943899334907423
1.9300000000000015	37.2892155986768	7.45784311973536	-10.24849583014464	2.049699166028928	16.332394343086214	3.2664788686172432
1.9400000000000015	37.10945453830272	7.421890907660544	-10.132587599389662	2.0265175198779324	16.194283316134808	3.2388566632269615
1.9500000000000015	36.93075959458244	7.386151918916489	-10.018074287720717	2.0036148575441435	16.057597231896384	3.211519446379277
1.9600000000000015	36.75311888455413	7.350623776910826	-9.904939615414717	1.9809879230829435	15.922317049724747	3.1844634099449496
1.9700000000000015	36.57652071139381	7.315304142278762	-9.793167418184147	1.9586334836368295	15.788424037181196	3.1576848074362394
1.9800000000000015	36.400953560706554	7.280190712141311	-9.682741650072286	1.9365483300144573	15.655899764304362	3.1311799528608724
1.9900000000000015	36.226406096906416	7.245281219381283	-9.573646386144476	1.9147292772288953	15.52472609799649	3.104945219599298
2.0000000000000013	36.052867159682904	7.210573431936581	-9.465865824983432	1.8931731649966865	15.39488519652396	3.0789770393047924
2.010000000000001	35.88032576055166	7.176065152110333	-9.35938429099609	1.871876858199218	15.266359504129465	3.053271900825893
2.020000000000001	35.70877107948664	7.141754215897328	-9.254186236539477	1.8508372473078953	15.139131745753641	3.0278263491507285
2.0300000000000007	35.53819246163195	7.107638492326391	-9.150256243872796	1.8300512487745593	15.013184921863758	3.0026369843727516
2.0400000000000005	35.36857941409102	7.073715882818205	-9.04757902694267	1.8095158053885338	14.888502303387208	2.9777004606774415
2.0500000000000003	35.199921602790916	7.039984320558183	-8.946139433008435	1.789227886601687	14.76506742674767	2.9530134853495342
2.06	35.03220884941979	7.006441769883958	-8.84592244411397	1.769184488822794	14.64286408900164	2.928572817800328
2.07	34.86543112843564	6.973086225687128	-8.746913178412555	1.749382635682511	14.52187634307332	2.904375268614664
2.0799999999999996	34.699578564144204	6.939915712828841	-8.649096891350885	1.729819378270177	14.402088493085731	2.8804176986171464
2.0899999999999994	34.53464142784427	6.9069282855688545	-8.552458976718317	1.7104917953436634	14.283485089785994	2.856697017957199
2.099999999999999	34.3706101350386	6.874122027007721	-8.456984967567116	1.6913969935134234	14.166050926062802	2.8332101852125606
2.109999999999999	34.207475242708696	6.84149504854174	-8.362660537009397	1.6725321074018795	14.049771032554155	2.809954206510831
2.1199999999999988	34.04522744665161	6.809045489330322	-8.269471498896156	1.6538942997792312	13.934630673343356	2.7869261346686716
2.1299999999999986	33.88385757887732	6.776771515775464	-8.177403808383746	1.6354807616767493	13.820615341741476	2.7641230683482956
2.1399999999999983	33.72335660506505	6.74467132101301	-8.08644356239286	1.6172887124785722	13.707710756154395	2.7415421512308793
2.149999999999998	33.563715622076735	6.712743124415347	-7.996576999964944	1.5993153999929888	13.595902856032659	2.719180571206532
2.159999999999998	33.40492585552651	6.680985171105302	-7.907790502520897	1.5815581005041794	13.485177797902343	2.6970355595804687
2.1699999999999977	33.24697865740444	6.6493957314808885	-7.820070594026548	1.5640141188053098	13.375521951475255	2.675104390295051
2.1799999999999975	33.08986550375332	6.617973100750665	-7.733403941069485	1.546680788213897	13.266921895836699	2.65338437916734
2.1899999999999973	32.933577992396884	6.586715598479377	-7.647777352851424	1.529555470570285	13.159364415709291	2.6318728831418583
2.199999999999997	32.77810784071849	6.555621568143699	-7.563177781100365	1.512635556220073	13.05283649779106	2.610567299558212
2.209999999999997	32.62344688348853	6.524689376697707	-7.479592319906455	1.4959184639812912	12.94732532716632	2.5894650654332643
2.2199999999999966	32.46958707073973	6.493917414147946	-7.397008205485471	1.4794016410970943	12.842818283787809	2.568563656757562
2.2299999999999964	32.31652046568875	6.46330409313775	-7.315412815873595	1.463082563174719	12.739302939028473	2.547860587805695
2.239999999999996	32.16423924270321	6.432847848540643	-7.23479367055711	1.446958734111422	12.636767052301506	2.5273534104603015
2.249999999999996	32.01273568531277	6.402547137062554	-7.155138430040428	1.4310276860080857	12.535198567747159	2.507039713549432
2.259999999999996	31.8620021842633	6.3724004368526606	-7.0764348953558045	1.415286979071161	12.434585610984882	2.4869171221969766
2.2699999999999956	31.712031235612915	6.342406247122583	-6.9986710075178955	1.3997342015035792	12.33491648592945	2.46698329718589
2.2799999999999954	31.56281543886895	6.31256308777379	-6.921834846926285	1.3843669693852572	12.236179671669674	2.447235934333935
2.289999999999995	31.414347495164762	6.2828694990329526	-6.845914632718907	1.3691829265437816	12.13836381940843	2.427672763881686
2.299999999999995	31.266620205475355	6.2533240410950715	-6.770898722079196	1.3541797444158394	12.041457749462593	2.408291549892519
2.3099999999999947	31.119626468871083	6.223925293774217	-6.696775609499761	1.3393551218999522	11.945450448321768	2.3890900896643537
2.3199999999999945	30.97335928080802	6.194671856161604	-6.623533926005121	1.3247067852010241	11.850331065764403	2.3700662131528807
2.3299999999999943	30.827811731454652	6.165562346290931	-6.551162438336116	1.3102324876672231	11.756088912030199	2.35121778240604
2.339999999999994	30.682977004053537	6.136595400810708	-6.4796500480983354	1.295930009619667	11.662713455047557	2.3325426910095115
2.349999999999994	30.53884837331738	6.107769674663476	-6.408985790876958	1.2817971581753917	11.570194317714945	2.314038863542989
2.3599999999999937	30.395419203858467	6.079083840771694	-6.339158835320171	1.2678317670640342	11.478521275234966	2.2957042550469935
2.3699999999999934	30.25268294865085	6.050536589730171	-6.270158482193369	1.254031696438674	11.387684252500144	2.2775368505000286
2.3799999999999932	30.11063314752427	6.022126629504854	-6.201974163406119	1.2403948326812237	11.297673321529208	2.259534664305842
2.389999999999993	29.969263425689245	5.993852685137849	-6.134595441013918	1.2269190882027836	11.20847869895289	2.241695739790578
2.399999999999993	29.82856749229245	5.9657134984584905	-6.0680120061965805	1.2136024012393163	11.120090743548179	2.2240181487096358
2.4099999999999926	29.688539139001673	5.937707827800335	-6.002213678215079	1.2004427356430158	11.03249995382	2.206499990764
2.4199999999999924	29.549172238619754	5.909834447723951	-5.937190403348554	1.187438080669711	10.945696965629326	2.189139393125865
2.429999999999992	29.41046074372662	5.882092148745325	-5.872932253813156	1.1745864507626311	10.859672549866763	2.1719345099733527
2.439999999999992	29.272398685348918	5.854479737069784	-5.809429426664286	1.1618858853328573	10.774417610170651	2.1548835220341305
2.4499999999999917	29.13498017165652	5.826996034331304	-5.7466722426837435	1.1493344485367487	10.689923180688712	2.1379846361377424
2.4599999999999915	28.99819938668524	5.799639877337048	-5.684651145253245	1.1369302290506489	10.606180423882428	2.1212360847764855
2.4699999999999913	28.862050589085257	5.772410117817052	-5.623356699215646	1.1246713398431292	10.523180628373142	2.1046361256746287
2.479999999999991	28.72652811089443	5.745305622178886	-5.56277958972524	1.1125559179450482	10.440915206829095	2.088183041365819
2.489999999999991	28.591626356336214	5.718325271267243	-5.502910621088338	1.1005821242176677	10.359375693892519	2.0718751387785037
2.4999999999999907	28.457339800641332	5.691467960128267	-5.443740715595355	1.088748143119071	10.278553744145947	2.0557107488291897
2.5099999999999905	28.323662988892796	5.66473259777856	-5.385260912345534	1.0770521824691068	10.19844113011694	2.039688226023388
2.5199999999999902	28.190590534893733	5.638118106978747	-5.3274623660653955	1.065492473213079	10.119029740320416	2.023805948064083
2.52999999999999	28.058117120057453	5.611623424011491	-5.270336345921954	1.0540672691843909	10.040311577337834	2.008062315467567
2.53999999999999	27.92623749231916	5.585247498463833	-5.213874234331665	1.042774846866333	9.962278755932417	1.9924557511864833
2.5499999999999896	27.79494646506913	5.558989293013827	-5.158067525766089	1.0316135051532178	9.884923501199752	1.9769847002399505
2.5599999999999894	27.66423891610641	5.532847783221282	-5.102907825555102	1.0205815651110204	9.808238146752936	1.9616476293505873
2.569999999999989	27.5341097866129	5.50682195732258	-5.048386848688535	1.009677369737707	9.732215132941638	1.9464430265883277
2.579999999999989	27.404554080147317	5.480910816029464	-4.994496418617063	0.9988992837234125	9.656847005104353	1.9313694010208708
2.5899999999999888	27.275566861658433	5.455113372331687	-4.941228466053047	0.9882456932106095	9.58212641185313	1.916425282370626
2.5999999999999885	27.14714325651729	5.429428651303458	-4.888575027772125	0.9777150055544251	9.5080461033902	1.90160922067804
2.6099999999999883	27.01927844956797	5.403855689913595	-4.836528245416183	0.9673056490832366	9.434598929855731	1.8869197859711464
2.619999999999988	26.89196768419638	5.378393536839276	-4.78508036429838	0.9570160728596759	9.36177783970617	1.872355567941234
2.629999999999988	26.76520626141683	5.353041252283366	-4.734223732210837	0.9468447464421674	9.28957587812251	1.8579151756245023
2.6399999999999877	26.63898953897582	5.327797907795165	-4.683950798235568	0.9367901596471135	9.217986185447856	1.8435972370895712
2.6499999999999875	26.51331293047282	5.302662586094565	-4.6342541115591995	0.9268508223118399	9.14700199565373	1.829400399130746
2.6599999999999873	26.388171904497522	5.277634380899505	-4.585126320292012	0.9170252640584025	9.076616634834496	1.8153233269668991
2.669999999999987	26.263561983783337	5.252712396756667	-4.536560170291762	0.9073120340583524	9.00682351972938	1.8013647039458762
2.679999999999987	26.139478744376664	5.2278957488753335	-4.48854850399276	0.8977097007985521	8.937616156271462	1.7875232312542924
2.6899999999999866	26.01591781482169	5.203183562964338	-4.441084259240663	0.8882168518481326	8.868988138163147	1.7737976276326295
2.6999999999999864	25.89287487536025	5.17857497507205	-4.394160468133322	0.8788320936266644	8.800933145477558	1.7601866290955117
2.709999999999986	25.770345657146596	5.15406913142932	-4.347770255868128	0.8695540511736257	8.733444943285344	1.746688988657069
2.719999999999986	25.648325941476546	5.129665188295309	-4.3019068395961835	0.8603813679192367	8.666517380306361	1.7333034760612724
2.7299999999999858	25.526811559030907	5.105362311806182	-4.256563527283636	0.8513127054567273	8.600144387585772	1.7200288775171544
2.7399999999999856	25.4057983891327	5.08115967782654	-4.211733716580489	0.8423467433160978	8.534319977194	1.7068639954388
2.7499999999999853	25.285282359018	5.057056471803601	-4.16741089369717	0.833482178739434	8.469038240950178	1.6938076481900357
2.759999999999985	25.16525944312003	5.033051888624006	-4.12358863228915	0.82471772645783	8.404293349168482	1.6808586698336965
2.769999999999985	25.045725662366227	5.009145132473246	-4.080260592349841	0.8160521184699683	8.340079549427013	1.6680159098854028
2.7799999999999847	24.9266770834881	4.9853354166976205	-4.037420519112012	0.8074841038224024	8.2763911653587	1.65527823307174
2.7899999999999845	24.80810981834353	4.961621963668707	-3.995062241957943	0.7990124483915886	8.21322259546381	1.642644519092762
2.7999999999999843	24.69002002325113	4.938004004650226	-3.9531796733385103	0.7906359346677021	8.15056831194367	1.6301136623887342
2.809999999999984	24.572403898336727	4.914480779667346	-3.9117668077013867	0.7823533615402773	8.088422859555115	1.617684571911023
2.819999999999984	24.455257686891386	4.891051537378278	-3.8708177204285206	0.7741635440857042	8.026780854485299	1.6053561708970598
2.8299999999999836	24.338577674740925	4.867715534948186	-3.8303265667830555	0.7660653133566111	7.96563698324646	1.593127396649292
2.8399999999999834	24.222360189626603	4.844472037925321	-3.7902875808658116	0.7580575161731624	7.904986001590223	1.5809972003180448
2.849999999999983	24.10660160059679	4.821320320119359	-3.7506950745814662	0.7501390149162933	7.844822733441084	1.5689645466882167
2.859999999999983	23.991298317409356	4.798259663481871	-3.7115434366145434	0.7423086873229088	7.785142069848688	1.5570284139697377
2.869999999999983	23.87644678994462	4.775289357988924	-3.6728271314153145	0.734565426283063	7.725938967958518	1.5451877935917038
2.8799999999999826	23.76204350762848	4.752408701525696	-3.6345406981956843	0.7269081396391369	7.667208450000653	1.5334416900001306
2.8899999999999824	23.64808499886577	4.729616999773154	-3.596678749935159	0.7193357499870319	7.608945602296234	1.5217891204592469
2.899999999999982	23.534567830483397	4.70691356609668	-3.559235972396949	0.7118471944793898	7.551145574281295	1.5102291148562592
2.909999999999982	23.42148860718319	4.684297721436638	-3.522207123154279	0.7044414246308559	7.493803577547614	1.4987607155095228
2.9199999999999817	23.308843971004222	4.661768794200845	-3.4855870306269203	0.6971174061253841	7.43691488490026	1.4873829769800522
2.9299999999999815	23.196630600794418	4.639326120158883	-3.4493705931280325	0.6898741186256065	7.380474829431516	1.4760949658863032
2.9399999999999813	23.084845211691242	4.616969042338249	-3.4135527779212955	0.6827105555842592	7.324478803610833	1.4648957607221667
2.949999999999981	22.973484554611332	4.594696910922266	-3.378128620288388	0.6756257240576776	7.2689222583905515	1.4537844516781104
2.959999999999981	22.86254541574885	4.572509083149771	-3.34309322260682	0.6686186445213641	7.213800702327049	1.4427601404654098
2.9699999999999807	22.752024616082377	4.550404923216475	-3.3084417534380957	0.6616883506876192	7.159109700717009	1.4318219401434018
2.9799999999999804	22.64191901089021	4.528383802178042	-3.274169446626267	0.6548338893252534	7.104844874748584	1.4209689749497167
2.9899999999999802	22.53222548927389	4.506445097854779	-3.240271600406808	0.6480543200813617	7.051001900667066	1.4102003801334133
2.99999999999998	22.422940973689766	4.484588194737953	-3.2067435765258367	0.6413487153051673	6.997576508954881	1.3995153017909763
3.00999999999998	22.31406241948845	4.46281248389769	-3.1735807993696548	0.634716159873931	6.944564483525583	1.3889128967051168
3.0199999999999796	22.20558681446204	4.441117362892409	-3.1407787551045794	0.6281557510209159	6.891961660931577	1.3783923321863156
3.0299999999999794	22.0975111783989	4.41950223567978	-3.108332990827046	0.6216665981654093	6.839763929585344	1.367952785917069
3.039999999999979	21.989832562645905	4.397966512529181	-3.076239113723925	0.6152478227447851	6.7879672289938755	1.3575934457987753
3.049999999999979	21.882548049677947	4.37650960993559	-3.0444927902430505	0.6088985580486102	6.736567549006086	1.3473135098012172
3.0599999999999787	21.775654752674605	4.355130950534921	-3.0130897452738816	0.6026179490547764	6.685560929072952	1.3371121858145905
3.0699999999999785	21.669149815103868	4.333829963020774	-2.982025761338275	0.596405152267655	6.634943457520131	1.3269886915040263
3.0799999999999783	21.563030410312614	4.312606082062523	-2.951296677791304	0.5902593355582608	6.584711270832842	1.3169422541665685
3.089999999999978	21.457293741123966	4.291458748224794	-2.920898390032074	0.5841796780064148	6.534860552952752	1.3069721105905505
3.099999999999978	21.351937039441175	4.270387407888236	-2.8908268487244735	0.5781653697448947	6.4853875345866605	1.2970775069173321
3.1099999999999777	21.246957565858004	4.249391513171601	-2.861078059027807	0.5722156118055615	6.436288492526759	1.2872576985053519
3.1199999999999775	21.14235260927547	4.228470521855094	-2.8316480798372345	0.5663296159674469	6.387559748982239	1.277511949796448
3.1299999999999772	21.038119486524835	4.207623897304967	-2.802533023033964	0.5605066046067928	6.339197670922038	1.2678395341844078
3.139999999999977	20.93425554199668	4.1868511083993365	-2.773729052745112	0.5547458105490225	6.291198669428533	1.2582397338857065
3.149999999999977	20.83075814727602	4.166151629455204	-2.7452323846131774	0.5490464769226355	6.243559199061935	1.248711839812387
3.1599999999999766	20.72762470078328	4.1455249401566565	-2.7170392850750416	0.5434078570150084	6.196275757235257	1.2392551514470513
3.1699999999999764	20.624852627421042	4.124970525484208	-2.6891460706504215	0.5378292141300843	6.1493448835995554	1.2298689767199111
3.179999999999976	20.52243937822648	4.1044878756452965	-2.661549107239709	0.5323098214479418	6.102763159439381	1.2205526318878763
3.189999999999976	20.420382430029335	4.084076486005867	-2.6342448094310935	0.5268489618862188	6.056527207078134	1.211305441415627
3.1999999999999758	20.318679285115333	4.063735857023067	-2.607229639816922	0.5214459279633844	6.010633689293201	1.2021267378586402
3.2099999999999755	20.21732747089497	4.043465494178994	-2.5805001083191677	0.5161000216638335	5.9650793087406955	1.1930158617481392
3.2199999999999753	20.116324539577583	4.023264907915517	-2.5540527715239763	0.5108105543047953	5.9198608073896075	1.1839721614779215
3.229999999999975	20.015668067850502	4.003133613570101	-2.527884232025153	0.5055768464050306	5.874974965965175	1.174994993193035
3.239999999999975	19.915355656563314	3.9830711313126628	-2.501991137776552	0.5003982275553104	5.830418603401353	1.1660837206802706
3.2499999999999747	19.81538493041707	3.9630769860834145	-2.476370181453233	0.49527403629064665	5.786188576302172	1.1572377152604345
3.2599999999999745	19.715753537658376	3.943150707531675	-2.451018099821353	0.4902036199642706	5.742281778411838	1.1484563556823677
3.2699999999999743	19.616459149778226	3.9232918299556454	-2.4259316731166427	0.48518633462332855	5.698695140093427	1.1397390280186854
3.279999999999974	19.517499461215632	3.9034998922431265	-2.401107724431436	0.4802215448862872	5.6554256278159905	1.1310851255631982
3.289999999999974	19.418872189065734	3.883774437813147	-2.376543119110121	0.47530862382202427	5.612470243649949	1.12249404872999
3.2999999999999736	19.320575072792515	3.8641150145585033	-2.352234764152945	0.470446952830589	5.569826024770598	1.1139652049541195
3.3099999999999734	19.222605873945948	3.8445211747891896	-2.328179607628074	0.46563592152561484	5.527490042969599	1.10549800859392
3.319999999999973	19.124962375883456	3.8249924751766913	-2.304374638091818	0.4608749276183637	5.485459404174293	1.0970918808348586
3.329999999999973	19.02764238349575	3.80552847669915	-2.2808168840169327	0.4561633768033866	5.443731247974712	1.0887462495949425
3.3399999999999728	18.930643722936775	3.786128744587355	-2.257503413228903	0.4515006826457806	5.40230274715815	1.0804605494316302
3.3499999999999726	18.83396424135781	3.766792848271562	-2.2344313323501193	0.4468862664700239	5.36117110725113	1.072234221450226
3.3599999999999723	18.737601806645674	3.7475203613291352	-2.2115977862518554	0.4423195572503711	5.320333566068675	1.0640667132137351
3.369999999999972	18.641554307164864	3.728310861432973	-2.188999957513955	0.43779999150279103	5.279787393270723	1.0559574786541448
3.379999999999972	18.545819651503578	3.709163930300716	-2.1666350658921365	0.4333270131784273	5.23952988992557	1.047905977985114
3.3899999999999717	18.450395768223686	3.6900791536447373	-2.14450036779283	0.42890007355856596	5.199558388080212	1.0399116776160424
3.3999999999999715	18.35528060561434	3.6710561211228683	-2.1225931557554403	0.42451863115108807	5.15987025033747	1.0319740500674939
3.4099999999999713	18.260472131449372	3.6520944262898745	-2.100910757941972	0.42018215158839445	5.120462869439763	1.0240925738879525
3.419999999999971	18.165968332748335	3.6331936665496674	-2.0794505376338948	0.41589010752677896	5.081333667859429	1.0162667335718858
3.429999999999971	18.071767215541055	3.614353443108211	-2.0582098927361843	0.4116419785472369	5.042480097395466	1.0084960194790933
3.4399999999999706	17.977866804635806	3.5955733609271614	-2.037186255288436	0.4074372510576872	5.003899638776583	1.0007799277553167
3.4499999999999704	17.884265143390778	3.5768530286781557	-2.0163770909829704	0.40327541819659407	4.965589801270445	0.993117960254089
3.45999999999997	17.790960293489096	3.5581920586978195	-1.9957798986898292	0.39915597973796585	4.927548122299022	0.9855096244598045
3.46999999999997	17.697950334717085	3.539590066943417	-1.9753922099885932	0.3950784419977187	4.889772167059904	0.977954433411981
3.47999999999997	17.605233364745803	3.521046672949161	-1.9552115887069097	0.391042317741382	4.852259528153508	0.9704519056307016
3.4899999999999696	17.512807498915823	3.5025614997831647	-1.9352356304656702	0.3870471260931341	4.815007825216044	0.9630015650432089
3.4999999999999694	17.42067087002519	3.4841341740050384	-1.9154619622307252	0.38309239244614507	4.778014704558178	0.9556029409116356
3.509999999999969	17.3288216281204	3.4657643256240807	-1.8958882418710712	0.37917764837421425	4.741277838809245	0.9482555677618492
3.519999999999969	17.23725794029055	3.4474515880581103	-1.8765121577234078	0.37530243154468157	4.704794926566962	0.9409589853133925
3.5299999999999687	17.145977990464388	3.429195598092878	-1.8573314281629973	0.3714662856325995	4.668563692052504	0.9337127384105008
3.5399999999999685	17.054979979210366	3.4109959958420735	-1.8383438011807265	0.3676687602361453	4.632581884770897	0.9265163769541793
3.5499999999999683	16.964262123539584	3.392852424707917	-1.8195470539662961	0.3639094107932592	4.5968472791765755	0.9193694558353152
3.559999999999968	16.87382265671156	3.3747645313423122	-1.800938992497456	0.36018779849949123	4.561357674344077	0.9122715348688154
3.569999999999968	16.78365982804282	3.3567319656085637	-1.782517451135201	0.35650349022704025	4.526110893643744	0.9052221787287489
3.5799999999999677	16.69377190271824	3.338754380543648	-1.7642802922248455	0.35285605844496915	4.491104784422361	0.8982209568844722
3.5899999999999674	16.60415716160509	3.320831432321018	-1.746225405702898	0.3492450811405796	4.456337217688644	0.8912674435377289
3.5999999999999672	16.51481390106975	3.3029627802139503	-1.7283507087096586	0.3456701417419317	4.421806087803495	0.8843612175606991
3.609999999999967	16.425740432797003	3.285148086559401	-1.7106541452074546	0.34213082904149095	4.387509312174936	0.8775018624349873
3.619999999999967	16.33693508361194	3.267387016722388	-1.6931336856044414	0.3386267371208883	4.353444830957664	0.8706889661915329
3.6299999999999666	16.248396195304398	3.24967923906088	-1.675787326383887	0.3351574652767774	4.319610606757112	0.8639221213514224
3.6399999999999664	16.16012212445584	3.232024424891168	-1.6586130897388673	0.33172261794777347	4.286004624337966	0.8572009248675934
3.649999999999966	16.07211124226873	3.214422248453746	-1.6416090232122942	0.32832180464245886	4.252624890337076	0.8505249780674152
3.659999999999966	15.984361934398263	3.1968723868796527	-1.6247731993422005	0.32495463986844014	4.2194694329806275	0.8438938865961255
3.6699999999999657	15.896872600786523	3.179374520157305	-1.6081037153122113	0.32162074306244226	4.186536301805574	0.8373072603611148
3.6799999999999655	15.809641655498883	3.1619283310997766	-1.5915986926071242	0.31831973852142487	4.153823567385214	0.830764713477043
3.6899999999999653	15.722667526562773	3.144533505312555	-1.5752562766735296	0.31505125533470596	4.121329321058846	0.8242658642117693
3.699999999999965	15.635948655808631	3.1271897311617263	-1.5590746365853918	0.3118149273170784	4.089051674665453	0.8178103349330906
3.709999999999965	15.549483498713148	3.1098966997426296	-1.543051964714535	0.30861039294290704	4.0569887602813255	0.8113977520562652
3.7199999999999647	15.463270524244566	3.092654104848913	-1.5271864764059457	0.3054372952811892	4.025138729961575	0.805027745992315
3.7299999999999645	15.377308214710245	3.075461642942049	-1.5114764096578348	0.30229528193156696	3.9934997554854648	0.798699951097093
3.7399999999999642	15.291595065606254	3.0583190131212508	-1.495920024806385	0.299184004961277	3.9620700281054906	0.7924140056210982
3.749999999999964	15.206129585469052	3.0412259170938105	-1.4805156042151248	0.296103120843025	3.9308477583001586	0.7861695516600318
3.759999999999964	15.120910295729232	3.0241820591458466	-1.4652614519688434	0.2930522903937687	3.899831175530392	0.7799662351060784
3.7699999999999636	15.035935730567228	3.007187146113446	-1.4501558935720034	0.2900311787144007	3.869018527999508	0.7738037055999016
3.7799999999999634	14.951204436771036	2.9902408873542075	-1.4351972756515692	0.28703945513031387	3.8384080824167044	0.7676816164833409
3.789999999999963	14.866714973595837	2.9733429947191676	-1.420383965664195	0.284076793132839	3.807998123764002	0.7615996247528005
3.799999999999963	14.782465912625561	2.9564931825251124	-1.4057143516077044	0.2811428703215409	3.7777869550665826	0.7555573910133165
3.8099999999999627	14.698455837636292	2.9396911675272586	-1.3911868417368012	0.27823736834736024	3.7477728971664632	0.7495545794332927
3.8199999999999625	14.614683344461596	2.9229366688923193	-1.3767998642829513	0.27535997285659025	3.7179542884994605	0.7435908576998922
3.8299999999999623	14.531147040859564	2.906229408171913	-1.362551867178369	0.2725103734356738	3.6883294848753843	0.7376658969750769
3.839999999999962	14.44784554638172	2.8895691092763442	-1.3484413177840509	0.2696882635568102	3.65889685926141	0.731779371852282
3.849999999999962	14.36477749224368	2.872955498448736	-1.3344667026217993	0.26689334052435987	3.629654801568575	0.7259309603137151
3.8599999999999617	14.281941521197533	2.856388304239507	-1.3206265271101723	0.26412530542203444	3.6006017184413546	0.7201203436882709
3.8699999999999615	14.199336287405904	2.839867257481181	-1.306919315304304	0.2613838630608608	3.5717360330502568	0.7143472066100514
3.8799999999999613	14.116960456317756	2.8233920912635515	-1.2933436096395392	0.25866872192790785	3.543056184887402	0.7086112369774804
3.889999999999961	14.034812704545802	2.8069625409091605	-1.2798979706788258	0.25597959413576515	3.5145606295650165	0.7029121259130033
3.899999999999961	13.95289171974554	2.7905783439491083	-1.2665809768638048	0.25331619537276095	3.486247838616824	0.6972495677233649
3.9099999999999606	13.871196200495927	2.7742392400991855	-1.2533912242695486	0.2506782448539097	3.458116299302257	0.6916232598604515
3.9199999999999604	13.789724856181591	2.757944971236318	-1.2403273263628913	0.24806546527257828	3.4301645144134594	0.6860329028826919
3.92999999999996	13.708476406876619	2.741695281375324	-1.2273879137642947	0.24547758275285894	3.4023910020850323	0.6804782004170065
3.93999999999996	13.627449583229861	2.7254899166459725	-1.2145716340132038	0.24291432680264077	3.3747942956064834	0.6749588591212967
3.9499999999999598	13.54664312635175	2.7093286252703503	-1.2018771513368298	0.24037543026736596	3.3473729432373203	0.6694745886474641
3.9599999999999596	13.466055787702583	2.693211157540517	-1.189303146422321	0.2378606292844642	3.3201255080247707	0.6640251016049542
3.9699999999999593	13.385686328982292	2.6771372657964587	-1.1768483161922607	0.23536966323845215	3.293050567624061	0.6586101135248122
3.979999999999959	13.305533522021621	2.6611067044043244	-1.1645113735834507	0.23290227471669014	3.2661467141212364	0.6532293428242473
3.989999999999959	13.225596148674732	2.645119229734947	-1.152291047328921	0.23045820946578421	3.2394125538584575	0.6478825107716916
3.9999999999999587	13.14587300071319	2.629174600142638	-1.1401860817431297	0.22803721634862595	3.2128467072617584	0.6425693414523517
4.009999999999959	13.066362879721344	2.613272575944269	-1.1281952365102972	0.22563904730205944	3.1864478086712102	0.6372895617342421
4.019999999999959	12.987064596993038	2.5974129193986077	-1.1163172864758242	0.22326345729516484	3.160214506173462	0.6320429012346924
4.0299999999999585	12.907976973429651	2.5815953946859302	-1.1045510214407603	0.22091020428815208	3.134145461436606	0.6268290922873212
4.039999999999958	12.829098839439439	2.565819767887888	-1.0928952459592625	0.2185790491918525	3.1082393495473535	0.6216478699094707
4.049999999999958	12.75042903483822	2.550085806967644	-1.0813487791390097	0.21626975582780195	3.0824948588504717	0.6164989717700944
4.059999999999958	12.67196640875124	2.534393281750248	-1.0699104544445208	0.2139820908889042	3.056910690790438	0.6113821381580876
4.069999999999958	12.593709819516363	2.5187419639032727	-1.0585791195033392	0.21171582390066784	3.0314855597552923	0.6062971119510585
4.079999999999957	12.515658134588477	2.5031316269176958	-1.0473536359150348	0.20947072718300697	3.0062181929226495	0.6012436385845299
4.089999999999957	12.437810230445068	2.487562046089014	-1.0362328790629853	0.2072465758125971	2.981107330107826	0.5962214660215652
4.099999999999957	12.360164992493072	2.4720329984986145	-1.0252157379288915	0.20504314758577832	2.9561517236140675	0.5912303447228136
4.109999999999957	12.282721314976815	2.4565442629953633	-1.0143011149099885	0.2028602229819977	2.9313501380848233	0.5862700276169647
4.119999999999957	12.205478100887188	2.4410956201774376	-1.0034879256389093	0.20069758512778188	2.9067013503580577	0.5813402700716116
4.129999999999956	12.128434261871913	2.425686852374383	-0.9927750988061627	0.19855501976123255	2.8822041493225434	0.5764408298645087
4.139999999999956	12.051588718146965	2.410317743629393	-0.9821615759851836	0.19643231519703674	2.857857335776129	0.5715714671552259
4.149999999999956	11.97494039840909	2.394988079681818	-0.9716463114599218	0.19432926229198436	2.8336597222859337	0.5667319444571868
4.159999999999956	11.898488239749428	2.3796976479498855	-0.9612282720549229	0.1922456544109846	2.809610133050443	0.5619220266100886
4.1699999999999555	11.822231187568171	2.364446237513634	-0.9509064369678712	0.19018128739357426	2.7857074037634812	0.5571414807526963
4.179999999999955	11.746168195490348	2.34923363909807	-0.9406797976045533	0.18813595952091067	2.7619503814800304	0.5523900762960061
4.189999999999955	11.670298225282624	2.334059645056525	-0.930547357416209	0.1861094714832418	2.738337924483861	0.5476675848967723
4.199999999999955	11.594620246771086	2.318924049354217	-0.9205081317392269	0.18410162634784538	2.7148689021569536	0.5429737804313908
4.209999999999955	11.519133237760128	2.3038266475520257	-0.910561147637156	0.18211222952743122	2.6915421948506806	0.5383084389701361
4.2199999999999545	11.443836183952273	2.288767236790455	-0.9007054437449973	0.18014108874899948	2.668356693758722	0.5336713387517444
4.229999999999954	11.36872807886899	2.273745615773798	-0.8909400701157364	0.1781880140231473	2.6453113007916906	0.5290622601583381
4.239999999999954	11.293807923772516	2.2587615847545033	-0.8812640880690858	0.17625281761381717	2.622404928453435	0.524480985690687
4.249999999999954	11.219074727588595	2.243814945517719	-0.8716765700424081	0.17433531400848162	2.5996364997190025	0.5199272999438005
4.259999999999954	11.144527506830169	2.2289055013660337	-0.8621765994437769	0.17243531988875538	2.5770049479142307	0.5154009895828462
4.269999999999953	11.070165285522036	2.214033057104407	-0.8527632705071544	0.1705526541014309	2.5545092165969483	0.5109018433193897
4.279999999999953	10.995987095126363	2.1991974190252725	-0.8434356881496425	0.1686871376299285	2.532148259439748	0.5064296518879496
4.289999999999953	10.921991974469154	2.184398394893831	-0.8341929678307864	0.1668385935661573	2.5099210401143317	0.5019842080228664
4.299999999999953	10.848178969667586	2.169635793933517	-0.8250342354138923	0.16500684708277846	2.4878265321773787	0.49756530643547575
4.3099999999999525	10.774547134058214	2.154909426811643	-0.8159586270293325	0.16319172540586652	2.465863718957931	0.49317274379158627
4.319999999999952	10.701095528126068	2.1402191056252136	-0.8069652889398053	0.1613930577879611	2.444031593446265	0.488806318689253
4.329999999999952	10.62782321943457	2.125564643886914	-0.7980533774075226	0.15961067548150454	2.422329158184228	0.4844658316368456
4.339999999999952	10.55472928255633	2.110945856511266	-0.7892220585632954	0.1578444117126591	2.400755425157025	0.480151085031405
4.349999999999952	10.48181279900474	2.096362559800948	-0.7804705082774847	0.15609410165549695	2.379309415686419	0.47586188313728384
4.3599999999999515	10.40907285716638	2.0818145714332763	-0.7717979120327981	0.15435958240655964	2.357990160325344	0.47159803206506884
4.369999999999951	10.336508552234275	2.067301710446855	-0.7632034647988948	0.15264069295977897	2.3367966987538855	0.46735933975077715
4.379999999999951	10.264118986141884	2.052823797228377	-0.7546863709087777	0.15093727418175554	2.3157280796766355	0.4631456159353271
4.389999999999951	10.19190326749793	2.038380653499586	-0.7462458439369432	0.14924916878738864	2.2947833607213726	0.45895667214427455
4.399999999999951	10.119860511521965	2.023972102304393	-0.7378811065792634	0.14757622131585268	2.273961608339077	0.45479232166781536
4.40999999999995	10.09651132009304	2.019302264018608	-0.7331145682755673	0.14662291365511346	2.2641428404707535	0.45282856809415073
4.41999999999995	10.073225996164132	2.0146451992328265	-0.7283852572273163	0.14567705144546325	2.254377401489943	0.45087548029798863
4.42999999999995	10.050004204742704	2.010000840948541	-0.7236928219134132	0.14473856438268265	2.244664903890598	0.44893298077811966
4.43999999999995	10.026845613340402	2.0053691226680805	-0.7190369146885266	0.1438073829377053	2.235004963703823	0.4470009927407646
4.4499999999999496	10.003749891948724	2.0007499783897447	-0.7144171917347792	0.14288343834695585	2.225397200459032	0.44507944009180644
4.459999999999949	9.980716713015148	1.9961433426030297	-0.7098333130141128	0.14196666260282256	2.215841237145664	0.44316824742913286
4.469999999999949	9.957745751419587	1.9915491502839175	-0.7052849422213016	0.14105698844426032	2.206336700175378	0.4412673400350756
4.479999999999949	9.93483668445109	1.986967336890218	-0.7007717467376109	0.1401543493475222	2.1968832193447363	0.43937664386894726
4.489999999999949	9.91198919178483	1.982397838356966	-0.6962933975850821	0.13925867951701643	2.1874804277983553	0.43749608555967107
4.4999999999999485	9.88920295545937	1.977840591091874	-0.6918495693814449	0.138369913876289	2.1781279619925313	0.4356255923985063
4.509999999999948	9.866477659854166	1.9732955319708332	-0.6874399402956398	0.13748798805912796	2.1688254616593143	0.4337650923318629
4.519999999999948	9.843812991667347	1.9687625983334696	-0.683064192003945	0.136612838400789	2.159572569771049	0.43191451395420977
4.529999999999948	9.821208639893763	1.9642417279787527	-0.6787220096467024	0.13574440192934048	2.1503689325053514	0.4300737865010703
4.539999999999948	9.798664295803261	1.9597328591606524	-0.6744130817856265	0.1348826163571253	2.1412141992105345	0.4282428398421069
4.549999999999947	9.776179652919245	1.9552359305838491	-0.6701371003616953	0.13402742007233906	2.132108022371462	0.42642160447429245
4.559999999999947	9.753754406997437	1.9507508813994876	-0.6658937606536091	0.1331787521307218	2.123050057575838	0.42461001151516764
4.569999999999947	9.731388256004939	1.9462776512009878	-0.6616827612368126	0.13233655224736252	2.114039963480907	0.4228079926961814
4.579999999999947	9.709080900099481	1.9418161800198963	-0.6575038039430713	0.13150076078861425	2.105077401780583	0.42101548035611663
4.589999999999947	9.686832041608945	1.937366408321789	-0.6533565938205922	0.13067131876411844	2.0961620371729777	0.41923240743459556
4.599999999999946	9.664641385011096	1.9329282770022194	-0.649240839094684	0.1298481678189368	2.0872935373283417	0.4174587074656684
4.609999999999946	9.642508636913572	1.9285017273827145	-0.6451562511289469	0.1290312502257894	2.0784715728573953	0.4156943145714791
4.619999999999946	9.620433506034079	1.924086701206816	-0.641102544386985	0.128220508877397	2.0696958172800652	0.41393916345601306
4.629999999999946	9.5984157031808	1.91968314063616	-0.6370794363946342	0.12741588727892683	2.0609659469945916	0.41219318939891836
4.6399999999999455	9.576454941233074	1.915290988246615	-0.6330866477026971	0.12661732954053942	2.0522816412470326	0.41045632824940653
4.649999999999945	9.554550935122242	1.9109101870244485	-0.629123901850178	0.1258247803700356	2.043642582101137	0.4087285164202274
4.659999999999945	9.532703401812737	1.9065406803625475	-0.6251909253280135	0.12503818506560269	2.0350484544085874	0.4070096908817175
4.669999999999945	9.510912060283378	1.9021824120566757	-0.621287447543284	0.12425748950865681	2.0264989457796174	0.4052997891559235
4.679999999999945	9.489176631508872	1.8978353263017746	-0.6174132007839108	0.12348264015678218	2.01799374655398	0.40359874931079603
4.689999999999944	9.467496838441539	1.8934993676883078	-0.61356792018382	0.12271358403676401	2.009532549772279	0.4019065099544558
4.699999999999944	9.445872405993207	1.8891744811986415	-0.6097513436885731	0.12195026873771463	2.0011150511476448	0.400223010229529
4.709999999999944	9.424303061017364	1.8848606122034728	-0.6059632120214594	0.1211926424042919	1.9927409490377652	0.3985481898075531
4.719999999999944	9.402788532291448	1.8805577064582897	-0.6022032686500352	0.12044065373000704	1.9844099444172478	0.3968819888834496
4.729999999999944	9.38132855049937	1.876265710099874	-0.5984712597531129	0.11969425195062258	1.9761217408503258	0.3952243481700652
4.739999999999943	9.359922848214238	1.8719845696428477	-0.5947669341881877	0.11895338683763755	1.9678760444638927	0.3935752088927786
4.749999999999943	9.338571159881234	1.8677142319762468	-0.5910900434592967	0.11821800869185935	1.9596725639208619	0.3919345127841724
4.759999999999943	9.317273221800717	1.8634546443601434	-0.5874403416853062	0.11748806833706125	1.951511010393855	0.39030220207877103
4.769999999999943	9.29602877211151	1.8592057544223022	-0.583817585568618	0.1167635171137236	1.9433910975392048	0.388678219507841
4.7799999999999425	9.274837550774336	1.8549675101548673	-0.5802215343642912	0.11604430687285826	1.9353125414712684	0.3870625082942537
4.789999999999942	9.253699299555482	1.8507398599110965	-0.5766519498495731	0.11533038996991463	1.9272750607370588	0.3854550121474118
4.799999999999942	9.232613762010603	1.8465227524021206	-0.5731085962938324	0.11462171925876648	1.919278376291174	0.38385567525823483
4.809999999999942	9.211580683468735	1.8423161366937473	-0.5695912404288878	0.11391824808577755	1.9113222114710282	0.38226444229420564
4.819999999999942	9.190599811016456	1.8381199622032913	-0.5660996514197323	0.11321993028394646	1.9034062919723869	0.3806812583944774
4.8299999999999415	9.169670893482252	1.8339341786964505	-0.5626336008356392	0.11252672016712784	1.8955303458251833	0.3791060691650367
4.839999999999941	9.148793681421003	1.8297587362842007	-0.5591928626216507	0.11183857252433015	1.8876941033696362	0.37753882067392724
4.849999999999941	9.12796792709869	1.825593585419738	-0.55577721307044	0.11115544261408801	1.879897297232641	0.3759794594465282
4.859999999999941	9.107193384477243	1.8214386768954487	-0.5523864307945451	0.11047728615890902	1.8721396623044526	0.37442793246089057
4.869999999999941	9.086469809199547	1.8172939618399095	-0.5490202966989643	0.10980405933979287	1.8644209357156372	0.37288418714312743
4.87999999999994	9.065796958574621	1.8131593917149242	-0.5456785939541137	0.10913571879082273	1.856740856814302	0.3713481713628604
4.88999999999994	9.045174591562953	1.8090349183125907	-0.5423611079691363	0.10847222159382726	1.849099167143594	0.3698198334287188
4.89999999999994	9.024602468762001	1.8049204937524004	-0.5390676263655616	0.10781352527311233	1.8414956104194644	0.3682991220838929
4.90999999999994	9.004080352391831	1.8008160704783664	-0.5357979389513097	0.10715958779026194	1.8339299325086966	0.3667859865017393
4.9199999999999395	8.983608006280914	1.7967216012561829	-0.5325518376950327	0.10651036753900654	1.8264018814071923	0.3652803762814385
4.929999999999939	8.963185195852105	1.7926370391704212	-0.5293291167007932	0.10586582334015865	1.8189112072185132	0.36378224144370264
4.939999999999939	8.94281168810873	1.788562337621746	-0.5261295721830695	0.10522591443661392	1.8114576621326755	0.3622915324265351
4.949999999999939	8.92248725162083	1.784497450324166	-0.5229530024420896	0.10459060048841794	1.8040410004051926	0.36080820008103853
4.959999999999939	8.902211656511577	1.7804423313023154	-0.5197992078394823	0.10395984156789646	1.7966609783363652	0.35933219566727304
4.9699999999999385	8.8819846744438	1.77639693488876	-0.5166679907742453	0.10333359815484906	1.7893173542508083	0.3578634708501617
4.979999999999938	8.861806078606692	1.7723612157213386	-0.5135591556590269	0.10271183113180538	1.7820098884772273	0.35640197769544546
4.989999999999938	8.841675643702612	1.7683351287405225	-0.5104725088967111	0.10209450177934223	1.7747383433284154	0.3549476686656831
4.999999999999938	8.821593145934063	1.7643186291868127	-0.5074078588573088	0.10148157177146176	1.767502483081499	0.3535004966162998
5.009999999999938	8.801558362990786	1.7603116725981574	-0.5043650158551458	0.10087300317102917	1.7603020739583999	0.35206041479168
5.019999999999937	8.781571074037005	1.7563142148074011	-0.5013437921263457	0.10026875842526915	1.7531368841065325	0.3506273768213065
5.029999999999937	8.761631059698795	1.7523262119397591	-0.4983440018066031	0.09966880036132063	1.746006683579721	0.3492013367159442
5.039999999999937	8.741738102051581	1.7483476204103163	-0.49536546090924277	0.09907309218184857	1.7389112443193382	0.34778224886386766
5.049999999999937	8.721891984607774	1.744378396921555	-0.4924079873035611	0.09848159746071222	1.7318503401356597	0.346370068027132
5.0599999999999365	8.702092492304542	1.7404184984609086	-0.4894714006934461	0.09789428013868923	1.7248237466894352	0.34496474933788707
5.069999999999936	8.682339411491688	1.7364678822983377	-0.48655552259627055	0.09731110451925412	1.7178312414736743	0.34356624829473487
5.079999999999936	8.662632529919664	1.732526505983933	-0.48366017632205754	0.09673203526441151	1.7108726037956343	0.3421745207591269
5.089999999999936	8.642971636727726	1.7285943273455453	-0.48078518695291095	0.09615703739058219	1.703947614759019	0.3407895229518038
5.099999999999936	8.623356522432191	1.7246713044864384	-0.47793038132271026	0.09558607626454206	1.6970560572463866	0.33941121144927733
5.1099999999999355	8.60378697891481	1.720757395782962	-0.4750955879970633	0.09501911759941267	1.6901977159017456	0.3380395431803491
5.119999999999935	8.58426279941128	1.716852559882256	-0.4722806372535165	0.09445612745070331	1.6833723771133604	0.3366744754226721
5.129999999999935	8.56478377849987	1.7129567556999739	-0.4694853610620156	0.09389707221240312	1.6765798289967488	0.3353159657993498
5.139999999999935	8.54534971209015	1.7090699424180302	-0.46670959306561655	0.09334191861312331	1.6698198613778736	0.3339639722755747
5.149999999999935	8.525960397411861	1.7051920794823723	-0.46395316856144003	0.09279063371228802	1.663092265776523	0.33261845315530464
5.159999999999934	8.506615633003868	1.7013231266007738	-0.46121592448186965	0.09224318489637394	1.6563968353898824	0.3312793670779765
5.169999999999934	8.487315218703232	1.6974630437406466	-0.4584976993759866	0.09169953987519733	1.6497333650762886	0.32994667301525776
5.179999999999934	8.468058955634435	1.693611791126887	-0.4557983333912417	0.09115966667824835	1.6431016513391734	0.3286203302678347
5.189999999999934	8.448846646198657	1.6897693292397316	-0.4531176682553569	0.09062353365107138	1.6365014923111811	0.32730029846223624
5.199999999999934	8.429678094063195	1.685935618812639	-0.4504555472584575	0.0900911094516915	1.6299326877384694	0.3259865375476939
5.209999999999933	8.410553104150972	1.6821106208301946	-0.4478118152354295	0.08956236304708591	1.6233950389651868	0.3246790077930374
5.219999999999933	8.391471482630177	1.6782942965260355	-0.4451863185484986	0.08903726370969972	1.616888348918123	0.3233776697836246
5.229999999999933	8.372433036903987	1.6744866073807974	-0.44257890507002895	0.0885157810140058	1.6104124220915303	0.3220824844183061
5.239999999999933	8.353437575600386	1.6706875151200773	-0.4399894241655389	0.08799788483310778	1.603967064532118	0.3207934129064236
5.2499999999999325	8.334484908562128	1.6668969817124257	-0.43741772667692963	0.08748354533538594	1.5975520838242125	0.31951041676484254
5.259999999999932	8.315574846836748	1.6631149693673497	-0.43486366490592393	0.0869727329811848	1.5911672890750812	0.3182334578150163
5.269999999999932	8.296707202666711	1.6593414405333424	-0.43232709259771324	0.08646541851954265	1.5848124909004246	0.31696249818008493
5.279999999999932	8.277881789479641	1.6555763578959284	-0.42980786492480894	0.08596157298496179	1.5784875014100257	0.31569750028200516
5.289999999999932	8.259098421878656	1.6518196843757313	-0.4273058384710957	0.08546116769421915	1.5721921341935603	0.3144384268387121
5.299999999999931	8.240356915632802	1.6480713831265605	-0.42482087121608414	0.08496417424321684	1.565926204306563	0.3131852408613126
5.309999999999931	8.221657087667555	1.644331417533511	-0.4223528225193595	0.08447056450387191	1.559689528256552	0.3119379056513104
5.319999999999931	8.202998756055472	1.6405997512110944	-0.41990155310522476	0.08398031062104495	1.5534819239893032	0.31069638479786066
5.329999999999931	8.18438174000688	1.6368763480013762	-0.41746692504753435	0.08349338500950687	1.5473032108752796	0.3094606421750559
5.339999999999931	8.16580585986068	1.633161171972136	-0.41504880175471615	0.08300976035094323	1.5411532096962062	0.30823064193924127
5.34999999999993	8.147270937075247	1.6294541874150494	-0.41264704795498064	0.08252940959099614	1.5350317426317963	0.3070063485263593
5.35999999999993	8.128776794219416	1.6257553588438833	-0.4102615296817117	0.08205230593634234	1.5289386332466195	0.3057877266493239
5.36999999999993	8.110323254963546	1.6220646509927095	-0.40789211425903976	0.08157842285180796	1.5228737064771183	0.30457474129542367
5.37999999999993	8.091910144070686	1.6183820288141373	-0.40553867028759283	0.08110773405751857	1.5168367886187648	0.303367357723753
5.3899999999999295	8.073537287387826	1.6147074574775653	-0.40320106763042374	0.08064021352608475	1.5108277073133543	0.3021655414626709
5.399999999999929	8.055204511837214	1.611040902367443	-0.40087917739911083	0.08017583547982217	1.5048462915364442	0.3009692583072889
5.409999999999929	8.036911645407793	1.6073823290815588	-0.39857287194003027	0.07971457438800605	1.4988923715849252	0.29977847431698507
5.419999999999929	8.01865851714669	1.6037317034293381	-0.39628202482079705	0.07925640496415942	1.4929657790647273	0.2985931558129455
5.429999999999929	8.000444957150808	1.6000889914301617	-0.3940065108168731	0.07880130216337462	1.487066346878664	0.2974132693757328
5.4399999999999284	7.9822707965584785	1.5964541593116959	-0.3917462058983392	0.07834924117966785	1.4811939092144013	0.29623878184288027
5.449999999999928	7.964135867541224	1.5928271735082449	-0.3895009872168299	0.07790019744336599	1.475348301532564	0.29506966030651277
5.459999999999928	7.946040003295583	1.5892080006591167	-0.3872707330926287	0.07745414661852575	1.4695293605549675	0.2939058721109935
5.469999999999928	7.927983038035001	1.5855966076070003	-0.38505532300191936	0.07701106460038387	1.4637369242529743	0.29274738485059487
5.479999999999928	7.90996480698183	1.5819929613963661	-0.3828546375641957	0.07657092751283914	1.4579708318359792	0.2915941663671959
5.489999999999927	7.891985146359385	1.5783970292718772	-0.3806685585298225	0.0761337117059645	1.452230923740019	0.2904461847480038
5.499999999999927	7.874043893384073	1.5748087786768146	-0.37849696876774974	0.07569939375354995	1.4465170416165007	0.28930340832330015
5.509999999999927	7.856140886257626	1.5712281772515253	-0.3763397522533766	0.07526795045067533	1.4408290283210547	0.28816580566421096
5.519999999999927	7.838275964159375	1.5676551928318752	-0.37419679405656125	0.07483935881131225	1.4351667279025067	0.28703334558050136
5.5299999999999265	7.8204489672386055	1.5640897934477211	-0.37206798032977806	0.07441359606595561	1.429529985591962	0.28590599711839243
5.539999999999926	7.802659736607005	1.560531947321401	-0.36995319829641793	0.07399063965928358	1.423918647792017	0.2847837295584034
5.549999999999926	7.784908114331172	1.5569816228662345	-0.36785233623923047	0.07357046724784609	1.418332562066075	0.283666512413215
5.559999999999926	7.767193943425175	1.5534387886850352	-0.3657652834889057	0.07315305669778115	1.4127715771277827	0.28255431542555653
5.569999999999926	7.749517067843224	1.549903413568645	-0.3636919304127938	0.07273838608255877	1.407235542830576	0.2814471085661152
5.5799999999999255	7.731877332472378	1.5463754664944758	-0.3616321684037625	0.0723264336807525	1.4017243101573391	0.28034486203146786
5.589999999999925	7.714274583125331	1.5428549166250662	-0.35958588986918605	0.07191717797383722	1.3962377312101677	0.2792475462420336
5.599999999999925	7.696708666533267	1.5393417333066535	-0.3575529882200699	0.07151059764401399	1.3907756592002485	0.2781551318400497
5.609999999999925	7.679179430338789	1.535835886067758	-0.3555333578603036	0.07110667157206073	1.385337948437839	0.2770675896875678
5.619999999999925	7.661686723088908	1.5323373446177817	-0.35352689417604455	0.07070537883520892	1.379924454322357	0.2759848908644714
5.629999999999924	7.644230394228099	1.52884607884562	-0.3515334935252289	0.07030669870504579	1.374535033332573	0.27490700666651463
5.639999999999924	7.626810294091413	1.5253620588182828	-0.34955305322720664	0.06991061064544134	1.3691695430169033	0.2738339086033807
5.649999999999924	7.609426273897673	1.5218852547795345	-0.3475854715525037	0.06951709431050074	1.3638278419838115	0.2727655683967623
5.659999999999924	7.592078185742721	1.5184156371485442	-0.34563064771270313	0.06912612954254063	1.3585097898923038	0.27170195797846075
5.6699999999999235	7.574765882592723	1.5149531765185447	-0.34368848185044965	0.06873769637008993	1.3532152474425265	0.2706430494885053
5.679999999999923	7.5574892182775555	1.511497843655511	-0.34175887502957214	0.06835177500591443	1.3479440763664654	0.2695888152732931
5.689999999999923	7.540248047484238	1.5080496094968476	-0.3398417292253247	0.06796834584506493	1.3426961394187342	0.26853922788374684
5.699999999999923	7.523042225750425	1.504608445150085	-0.33793694731474255	0.06758738946294851	1.3374713003674676	0.26749426007349353
5.709999999999923	7.505871609457966	1.5011743218915932	-0.33604443306711373	0.06720888661342275	1.3322694239853026	0.2664538847970605
5.7199999999999225	7.488736055826527	1.4977472111653054	-0.33416409113456325	0.06683281822691266	1.3270903760404578	0.2654180752080916
5.729999999999922	7.471635422907265	1.4943270845814531	-0.33229582704274957	0.06645916540854992	1.321934023287902	0.2643868046575804
5.739999999999922	7.45456956957656	1.4909139139153122	-0.33043954718166985	0.06608790943633397	1.3168002334606173	0.2633600466921235
5.749999999999922	7.4375383555298145	1.487507671105963	-0.3285951587965757	0.06571903175931514	1.3116888752609503	0.2623377750521901
5.759999999999922	7.420541641275295	1.4841083282550591	-0.3267625699789948	0.06535251399579896	1.3065998183520549	0.261319963670411
5.769999999999921	7.403579288128041	1.4807158576256083	-0.32494168965785897	0.0649883379315718	1.3015329333494192	0.2603065866698839
5.779999999999921	7.386651158203829	1.477330231640766	-0.32313242759073735	0.06462648551814747	1.296488091812486	0.2592976183624972
5.789999999999921	7.369757114413197	1.4739514228826396	-0.3213346943551714	0.06426693887103428	1.2914651662363525	0.25829303324727054
5.799999999999921	7.3528970204554955	1.470579404091099	-0.31954840134011336	0.06390968026802267	1.2864640300435621	0.25729280600871246
5.809999999999921	7.336070740813039	1.4672141481626078	-0.31777346073746354	0.06355469214749271	1.2814845575759735	0.2562969115151947
5.81999999999992	7.319278140745268	1.4638556281490536	-0.3160097855337084	0.06320195710674169	1.27652662408672	0.25530532481734397
5.82999999999992	7.302519086282986	1.4605038172565974	-0.3142572895016553	0.06285145790033107	1.2715901057322438	0.2543180211464488
5.83999999999992	7.285793444222658	1.4571586888445316	-0.31251588719226514	0.06250317743845303	1.2666748795644194	0.2533349759128839
5.84999999999992	7.269101082120716	1.4538202164241432	-0.31078549392657884	0.06215709878531577	1.26178082352275	0.25235616470454997
5.8599999999999195	7.252441868287986	1.4504883736575973	-0.3090660257877394	0.06181320515754788	1.256907816426647	0.2513815632853294
5.869999999999919	7.2358156717840965	1.4471631343568194	-0.30735739961310693	0.06147147992262139	1.2520557379677903	0.2504111475935581
5.879999999999919	7.219222362411981	1.4438444724823962	-0.3056595329864637	0.06113190659729274	1.2472244687025593	0.24944489374051187
5.889999999999919	7.202661810712415	1.4405323621424833	-0.30397234423031244	0.06079446884606249	1.242413890044548	0.2484827780089096
5.899999999999919	7.186133887958603	1.4372267775917207	-0.3022957523982616	0.06045915047965233	1.2376238842571516	0.24752477685143034
5.909999999999918	7.169638466150814	1.4339276932301628	-0.30062967726750073	0.060125935453500146	1.2328543344462268	0.24657086688924537
5.919999999999918	7.15317541801107	1.4306350836022141	-0.29897403933136185	0.05979480786627237	1.2281051245528323	0.24562102491056648
5.929999999999918	7.136744616977867	1.4273489233955736	-0.29732875979196755	0.059465751958393515	1.2233761393460347	0.24467522786920695
5.939999999999918	7.120345937200973	1.4240691874401947	-0.2956937605529637	0.059138752110592746	1.2186672644157934	0.2437334528831587
5.949999999999918	7.103979253536234	1.420795850707247	-0.2940689642123361	0.05881379284246722	1.2139783861659121	0.24279567723318243
5.959999999999917	7.0876444415404505	1.41752888830809	-0.2924542940553096	0.05849085881106192	1.2093093918070636	0.24186187836141274
5.969999999999917	7.071341377466312	1.4142682754932625	-0.2908496740473303	0.05816993480946606	1.2046601693498853	0.24093203386997708
5.979999999999917	7.055069938257329	1.411013987651466	-0.28925502882712617	0.057851005765425234	1.200030607598139	0.24000612151962783
5.989999999999917	7.038830001542873	1.4077660003085748	-0.28767028369984937	0.05753405673996988	1.1954205961419477	0.23908411922838957
5.9999999999999165	7.022621445633197	1.4045242891266394	-0.2860953646302964	0.05721907292605928	1.1908300253510884	0.23816600507021768
6.009999999999916	7.00644414951455	1.40128882990291	-0.28453019823620557	0.05690603964724111	1.1862587863683618	0.23725175727367237
6.019999999999916	6.9902979928443125	1.3980595985688626	-0.2829747117816323	0.056594942356326464	1.1817067711030242	0.23634135422060487
6.029999999999916	6.974182855946166	1.3948365711892334	-0.2814288331703984	0.056285766634079686	1.1771738722242815	0.2354347744448563
6.039999999999916	6.958098619805337	1.3916197239610675	-0.2798924909396183	0.055978498187923664	1.1726599831548539	0.2345319966309708
6.0499999999999154	6.942045166063836	1.3884090332127672	-0.27836561425329653	0.05567312285065931	1.1681649980645985	0.23363299961291972
6.059999999999915	6.926022377015789	1.3852044754031578	-0.27684813289600063	0.05536962657920013	1.1636888118641993	0.23273776237283986
6.069999999999915	6.910030135602767	1.3820060271205534	-0.27533997726660425	0.055067995453320855	1.1592313201989164	0.23184626403978328
6.079999999999915	6.894068325409185	1.378813665081837	-0.2738410783721018	0.05476821567442036	1.1547924194423997	0.23095848388847995
6.089999999999915	6.878136830657728	1.3756273661315457	-0.2723513678214937	0.054470273564298746	1.15037200669056	0.23007440133811202
6.099999999999914	6.86223553620481	1.372447107240962	-0.2708707778197403	0.05417415556394806	1.1459699797555045	0.2291939959511009
6.109999999999914	6.846364327536102	1.3692728655072204	-0.2693992411617845	0.0538798482323569	1.141586237159528	0.22831724743190562
6.119999999999914	6.8305230907620595	1.366104618152412	-0.26793669122664215	0.053587338245328436	1.1372206781291663	0.22744413562583327
6.129999999999914	6.814711712613516	1.3629423425227032	-0.2664830619715585	0.05329661239431171	1.1328732025893042	0.22657464051786086
6.1399999999999135	6.798930080437304	1.3597860160874609	-0.26503828792623135	0.053007657585246275	1.1285437111573444	0.2257087422314689
6.149999999999913	6.783178082191918	1.3566356164383837	-0.2636023041870987	0.05272046083741974	1.1242321051374329	0.2248464210274866
6.159999999999913	6.767455606443216	1.3534911212886431	-0.26217504641169065	0.05243500928233813	1.119938286514738	0.22398765730294762
6.169999999999913	6.751762542360149	1.3503525084720298	-0.260756450813045	0.052151290162609	1.1156621579497878	0.22313243158995757
6.179999999999913	6.736098779710535	1.347219755942107	-0.2593464541541857	0.05186929083083715	1.1114036227728623	0.22228072455457248
6.1899999999999125	6.7204642088568765	1.3440928417713753	-0.2579449937426624	0.05158899874853248	1.1071625849784388	0.22143251699568778
6.199999999999912	6.704858720752184	1.340971744150437	-0.25655200742515194	0.05131040148503039	1.1029389492196917	0.22058778984393834
6.209999999999912	6.68928220693588	1.337856441387176	-0.2551674335821196	0.051033486716423916	1.098732620803046	0.2197465241606092
6.219999999999912	6.673734559529701	1.3347469119059403	-0.25379121112254033	0.05075824222450807	1.094543505682783	0.2189087011365566
6.229999999999912	6.658215671233653	1.3316431342467308	-0.25242327947867915	0.050484655895735836	1.0903715104556988	0.21807430209113976
6.239999999999911	6.642725435321988	1.3285450870643976	-0.2510635786009282	0.050212715720185645	1.0862165423558123	0.21724330847116247
6.249999999999911	6.627263745639232	1.3254527491278465	-0.24971204895270338	0.04994240979054068	1.082078509249127	0.2164157018498254
6.259999999999911	6.611830496596229	1.3223660993192459	-0.24836863150539593	0.04967372630107919	1.07795731962844	0.215591463925688
6.269999999999911	6.596425583166237	1.3192851166332475	-0.247033267733381	0.0494066535466762	1.073852882608205	0.214770576521641
6.2799999999999105	6.581048900881047	1.3162097801762096	-0.2457058996090814	0.04914117992181628	1.0697651079194397	0.21395302158388796
6.28999999999991	6.565700345827112	1.3131400691654225	-0.24438646959808516	0.04887729391961704	1.0656939059046855	0.2131387811809371
6.29999999999991	6.550379814641769	1.3100759629283538	-0.24307492065431882	0.048614984130863764	1.0616391875130138	0.21232783750260276
6.30999999999991	6.535087204509423	1.3070174409018847	-0.24177119621527204	0.04835423924305441	1.0576008642950812	0.21152017285901625
6.31999999999991	6.519822413157807	1.3039644826315615	-0.2404752401972762	0.048095048039455246	1.053578848398229	0.21071576967964578
6.3299999999999095	6.504585338854278	1.3009170677708557	-0.23918699699083482	0.04783739939816697	1.0495730525616347	0.20991461051232696
6.339999999999909	6.489375880402089	1.297875176080418	-0.23790641145600483	0.04758128229120097	1.0455833901115028	0.20911667802230058
6.349999999999909	6.474193937136779	1.294838787427356	-0.23663342891782924	0.04732668578356585	1.0416097749563078	0.20832195499126158
6.359999999999909	6.4590394089225045	1.291807881784501	-0.23536799516181936	0.047073599032363876	1.0376521215820766	0.20753042431641533
6.369999999999909	6.443912196148464	1.288782439229693	-0.23411005642948743	0.04682201128589749	1.03371034504772	0.20674206900954403
6.379999999999908	6.428812199725326	1.2857624399450653	-0.23285955941392691	0.04657191188278539	1.029784360980406	0.20595687219608122
6.389999999999908	6.41373932108169	1.2827478642163381	-0.23161645125544186	0.046323290251088375	1.0258740855709774	0.2051748171141955
6.399999999999908	6.39869346216058	1.2797386924321161	-0.23038067953722488	0.04607613590744498	1.021979435569412	0.20439588711388243
6.409999999999908	6.383674525415966	1.2767349050831933	-0.22915219228108016	0.04583043845621604	1.0181003282803283	0.20362006565606566
6.419999999999908	6.368682413809311	1.2737364827618622	-0.22793093794319522	0.04558618758863905	1.0142366815585282	0.20284733631170565
6.429999999999907	6.353717030806148	1.2707434061612297	-0.22671686540995703	0.045343373081991406	1.010388413804586	0.2020776827609172
6.439999999999907	6.338778280372694	1.2677556560745389	-0.22550992399381517	0.04510198479876304	1.0065554439604787	0.20131108879209575
6.449999999999907	6.323866066972476	1.2647732133944953	-0.2243100634291882	0.04486201268583764	1.002737691505254	0.2005475383010508
6.459999999999907	6.308980295562995	1.2617960591125992	-0.22311723386841611	0.044623446773683226	0.9989350764507416	0.19978701529014833
6.4699999999999065	6.294120871592428	1.2588241743184856	-0.22193138587775554	0.04438627717555111	0.9951475193373047	0.19902950386746096
6.479999999999906	6.279287700996321	1.2558575401992642	-0.22075247043341836	0.04415049408668367	0.9913749412296272	0.19827498824592546
6.489999999999906	6.264480690194351	1.2528961380388703	-0.21958043891765375	0.043916087783530754	0.9876172637125474	0.1975234527425095
6.499999999999906	6.249699746087091	1.2499399492174184	-0.21841524311487184	0.04368304862297437	0.9838744088869215	0.1967748817773843
6.509999999999906	6.234944776052812	1.2469889552105624	-0.2172568352078094	0.043451367041561884	0.980146299365534	0.19602925987310682
6.519999999999905	6.220215687944294	1.244043137588859	-0.2161051677737374	0.04322103355474748	0.9764328582690402	0.19528657165380806
6.529999999999905	6.205512390085683	1.2411024780171367	-0.21496019378070805	0.04299203875614161	0.972734009221949	0.1945468018443898
6.539999999999905	6.1908347912693635	1.2381669582538728	-0.2138218665838435	0.0427643733167687	0.9690496763486414	0.19380993526972828
6.549999999999905	6.176182800752863	1.2352365601505726	-0.21269013992166338	0.04253802798433268	0.9653797842694276	0.19307595685388554
6.559999999999905	6.161556328255769	1.232311265651154	-0.21156496791245244	0.042312993582490493	0.9617242580966394	0.1923448516193279
6.569999999999904	6.146955283956683	1.2293910567913366	-0.2104463050506665	0.0420892610101333	0.9580830234307576	0.19161660468615152
6.579999999999904	6.132379578490194	1.226475915698039	-0.2093341062033771	0.04186682124067542	0.954456006356577	0.19089120127131542
6.589999999999904	6.117829122943879	1.2235658245887757	-0.20822832660675408	0.04164566532135082	0.9508431334394055	0.19016862668788112
6.599999999999904	6.103303828855323	1.2206607657710649	-0.20712892186258558	0.04142578437251712	0.947244331721299	0.1894488663442598
6.6099999999999035	6.0888036082091705	1.2177607216418342	-0.20603584793483537	0.041207169586967074	0.9436595287173284	0.18873190574346568
6.619999999999903	6.074328373434193	1.2148656746868387	-0.20494906114623634	0.040989812229247274	0.9400886524118847	0.18801773048237694
6.629999999999903	6.059878037400383	1.2119756074800767	-0.20386851817492066	0.040773703634984136	0.9365316312550142	0.18730632625100285
6.639999999999903	6.045452513416072	1.2090905026832146	-0.2027941760510857	0.040558835210217144	0.9329883941587893	0.18659767883175787
6.649999999999903	6.031051715225078	1.2062103430450157	-0.20172599215369466	0.040345198430738936	0.9294588704937117	0.18589177409874236
6.659999999999902	6.016675557003853	1.2033351114007707	-0.20066392420721282	0.040132784841442566	0.9259429900851478	0.18518859801702958
6.669999999999902	6.002323953358687	1.2004647906717374	-0.19960793027837836	0.039921586055675674	0.9224406832097982	0.18448813664195965
6.679999999999902	5.9879968193229045	1.197599363864581	-0.19855796877300663	0.03971159375460133	0.9189518805921977	0.18379037611843954
6.689999999999902	5.973694070354102	1.1947388140708204	-0.1975139984328287	0.03950279968656575	0.9154765134012465	0.18309530268024932
6.699999999999902	5.959415622331397	1.1918831244662795	-0.196475978332363	0.039295195666472604	0.9120145132467758	0.1824029026493552
6.709999999999901	5.945161391552703	1.1890322783105407	-0.19544386787582005	0.039088773575164014	0.9085658121761419	0.1817131624352284
6.719999999999901	5.930931294732026	1.1861862589464052	-0.19441762679403948	0.0388835253588079	0.9051303426708495	0.18102606853416991
6.729999999999901	5.916725248996788	1.1833450497993576	-0.1933972151414596	0.038679443028291925	0.901708037643211	0.1803416075286422
6.739999999999901	5.902543171885153	1.1805086343770306	-0.19238259329311824	0.03847651865862365	0.8982988304330306	0.17965976608660614
6.7499999999999005	5.888384981343395	1.177676996268679	-0.19137372194168548	0.0382747443883371	0.8949026548043203	0.17898053096086408
6.7599999999999	5.874250595723284	1.1748501191446568	-0.19037056209452732	0.038074112418905466	0.8915194449420464	0.1783038889884093
6.7699999999999	5.860139933779472	1.1720279867558945	-0.18937307507079965	0.03787461501415993	0.8881491354489021	0.17762982708978042
6.7799999999999	5.846052914666928	1.1692105829333856	-0.1883812224985732	0.03767624449971464	0.8847916613421135	0.17695833226842272
6.7899999999999	5.831989457938376	1.1663978915876754	-0.187394966311988	0.0374789932623976	0.8814469580502696	0.17628939161005394
6.7999999999998995	5.817949483541752	1.1635898967083504	-0.18641426874843767	0.03728285374968753	0.8781149614101835	0.1756229922820367
6.809999999999899	5.803932911817692	1.1607865823635384	-0.18543909234578299	0.0370878184691566	0.8747956076637824	0.1749591215327565
6.819999999999899	5.789939663497027	1.1579879326994054	-0.18446939993959405	0.036893879987918814	0.8714888334550203	0.17429776669100405
6.829999999999899	5.775969659698312	1.1551939319396625	-0.18350515466042194	0.03670103093208439	0.8681945758268258	0.17363891516536517
6.839999999999899	5.7620228219253615	1.1524045643850724	-0.1825463199310978	0.03650926398621956	0.8649127722180698	0.172982554443614
6.849999999999898	5.748099072064803	1.1496198144129606	-0.1815928594640599	0.03631857189281198	0.8616433604605649	0.172328672092113
6.859999999999898	5.734198332383666	1.146839666476733	-0.18064473725870914	0.036128947451741826	0.8583862787760894	0.1716772557552179
6.869999999999898	5.7203205255269705	1.1440641051053941	-0.17970191759879137	0.03594038351975828	0.8551414657734382	0.17102829315468765
6.879999999999898	5.706465574515351	1.1412931149030703	-0.178764365049806	0.0357528730099612	0.851908860445499	0.1703817720890998
6.8899999999998975	5.692633402742678	1.1385266805485357	-0.177832044456443	0.0355664088912886	0.8486884021663561	0.16973768043327123
6.899999999999897	5.678823933973724	1.1357647867947447	-0.1769049209400445	0.035380984188008904	0.8454800306884181	0.16909600613768364
6.909999999999897	5.665037092341822	1.1330074184683645	-0.17598295989609383	0.03519659197921877	0.8422836861395713	0.16845673722791427
6.919999999999897	5.651272802346561	1.1302545604693124	-0.1750661269917295	0.0350132253983459	0.8390993090203581	0.16781986180407163
6.929999999999897	5.637530988851493	1.1275061977702987	-0.17415438816328513	0.03483087763265703	0.8359268402011819	0.1671853680402364
6.9399999999998965	5.623811577081849	1.1247623154163697	-0.17324770961385438	0.03464954192277088	0.832766220919533	0.1665532441839066
6.949999999999896	5.610114492622288	1.1220228985244576	-0.172346057810881	0.0344692115621762	0.829617392777243	0.16592347855544862
6.959999999999896	5.596439661414651	1.1192879322829303	-0.1714493994837731	0.034289879896754624	0.8264802977377588	0.16529605954755178
6.969999999999896	5.58278700975574	1.116557401951148	-0.17055770162154246	0.03411154032430849	0.8233548781234455	0.16467097562468913
6.979999999999896	5.569156464295101	1.1138312928590202	-0.16967093147046713	0.03393418629409343	0.8202410766129079	0.1640482153225816
6.989999999999895	5.555547952032848	1.1111095904065695	-0.16878905653177828	0.033757811306355655	0.8171388362383384	0.1634277672476677
6.999999999999895	5.5419614003174775	1.1083922800634955	-0.1679120445593708	0.03358240891187416	0.8140481003828878	0.16280962007657757
7.009999999999895	5.528396736843719	1.1056793473687438	-0.16703986355753664	0.033407972711507326	0.8109688127780583	0.1621937625556117
7.019999999999895	5.514853889650385	1.102970777930077	-0.16617248177872124	0.03323449635574425	0.8079009175011179	0.1615801835002236
7.0299999999998946	5.501332787118255	1.100266557423651	-0.16530986772130343	0.03306197354426069	0.8048443589725399	0.160968871794508
7.039999999999894	5.487833357967955	1.097566671593591	-0.16445199012739664	0.03289039802547933	0.8017990819534638	0.16035981639069277
7.049999999999894	5.4743555312578875	1.0948711062515775	-0.1635988179806733	0.03271976359613466	0.7987650315431761	0.15975300630863523
7.059999999999894	5.460899236382119	1.0921798472764237	-0.1627503205042107	0.032550064100842144	0.7957421531766153	0.15914843063532308
7.069999999999894	5.447464403068359	1.0894928806136719	-0.16190646715835927	0.032381293431671856	0.7927303926218985	0.1585460785243797
7.0799999999998935	5.434050961375879	1.0868101922751758	-0.16106722763863088	0.032213445527726176	0.7897296959778666	0.15794593919557331
7.089999999999893	5.4206588416935055	1.084131768338701	-0.16023257187361042	0.032046514374722085	0.7867400096716539	0.1573480019343308
7.099999999999893	5.40728797473759	1.081457594947518	-0.15940247002288654	0.03188049400457731	0.7837612804562771	0.15675225609125543
7.109999999999893	5.39393829155002	1.078787658310004	-0.1585768924750045	0.031715378495000904	0.7807934554082443	0.15615869108164887
7.119999999999893	5.380609723496226	1.0761219446992454	-0.1577558098454388	0.03155116196908776	0.7778364819251868	0.15556729638503738
7.129999999999892	5.367302202263214	1.0734604404526429	-0.15693919297458617	0.031387838594917235	0.7748903077235075	0.1549780615447015
7.139999999999892	5.354015659857611	1.070803131971522	-0.1561270129257794	0.03122540258515588	0.7719548808360545	0.1543909761672109
7.149999999999892	5.340750028603723	1.0681500057207447	-0.15531924098331973	0.031063848196663947	0.7690301496098093	0.15380602992196188
7.159999999999892	5.327505241141604	1.065501048228321	-0.1545158486505303	0.030903169730106064	0.766116062703599	0.1532232125407198
7.169999999999892	5.314281230425159	1.062856246085032	-0.15371680764782794	0.03074336152956559	0.7632125690858255	0.1526425138171651
7.179999999999891	5.3010779297202175	1.0602155859440436	-0.15292208991081474	0.03058441798216295	0.7603196180322136	0.15206392360644272
7.189999999999891	5.287895272602682	1.0575790545205366	-0.1521316675883884	0.03042633351767768	0.7574371591235823	0.15148743182471647
7.199999999999891	5.274733192956635	1.054946638591327	-0.1513455130408715	0.030269102608174298	0.7545651422436295	0.1509130284487259
7.209999999999891	5.261591624972492	1.0523183249944983	-0.15056359883815904	0.03011271976763181	0.7517035175767387	0.15034070351534776
7.2199999999998905	5.248470503145156	1.0496941006290312	-0.14978589775788514	0.02995717955157703	0.7488522356058062	0.14977044712116125
7.22999999999989	5.235369762272192	1.0470739524544386	-0.14901238278360654	0.02980247655672131	0.7460112471100799	0.149202249422016
7.23999999999989	5.222289337452009	1.044457867490402	-0.14824302710300563	0.02964860542060113	0.7431805031630252	0.14863610063260504
7.24999999999989	5.209229164082058	1.0418458328164115	-0.14747780410611006	0.02949556082122201	0.7403599551302009	0.14807199102604018
7.25999999999989	5.196189177857044	1.039237835571409	-0.14671668738353044	0.02934333747670609	0.7375495546671585	0.14750991093343171
7.269999999999889	5.183169314767146	1.0366338629534293	-0.14595965072471564	0.029191930144943132	0.7347492537173574	0.1469498507434715
7.279999999999889	5.170169511096264	1.0340339022192528	-0.14520666811622449	0.0290413336232449	0.7319590045100961	0.14639180090201923
7.289999999999889	5.1571897034202605	1.0314379406840521	-0.1444577137400154	0.028891542748003082	0.7291787595584639	0.1458357519116928
7.299999999999889	5.144229828605221	1.0288459657210443	-0.14371276197175215	0.028742552394350432	0.7264084716573064	0.1452816943314613
7.309999999999889	5.131289823805742	1.0262579647611483	-0.14297178737912675	0.028594357475825352	0.723648093881211	0.1447296187762422
7.319999999999888	5.118369626463205	1.023673925292641	-0.14223476472019822	0.028446952944039646	0.720897579582508	0.1441795159165016
7.329999999999888	5.10546917430409	1.021093834860818	-0.14150166894174823	0.028300333788349646	0.7181568823892868	0.14363137647785737
7.339999999999888	5.0925884053382795	1.018517681067656	-0.1407724751776525	0.028154495035530504	0.7154259562034327	0.14308519124068655
7.349999999999888	5.07972725785738	1.015945451571476	-0.14004715874726806	0.02800943174945361	0.712704755198676	0.14254095103973521
7.3599999999998875	5.066885670433076	1.0133771340866153	-0.13932569515383653	0.027865139030767306	0.7099932338186598	0.14199864676373194
7.369999999999887	5.0540635819154645	1.010812716383093	-0.13860806008290255	0.02772161201658051	0.7072913467750218	0.14145826935500436
7.379999999999887	5.041260931431418	1.0082521862862837	-0.1378942294007483	0.027578845880149663	0.7045990490454956	0.14091980980909913
7.389999999999887	5.028477658382967	1.0056955316765934	-0.13718417915284248	0.027436835830568496	0.7019162958720236	0.14038325917440472
7.399999999999887	5.01571370244567	1.0031427404891342	-0.13647788556230467	0.027295577112460934	0.6992430427588883	0.13984860855177766
7.4099999999998865	5.002969003567025	1.000593800713405	-0.13577532502838496	0.027155065005676993	0.6965792454708578	0.13931584909417158
7.419999999999886	4.990243501964865	0.998048700392973	-0.13507647412495769	0.02701529482499154	0.6939248600313476	0.13878497200626952
7.429999999999886	4.977537138125789	0.9955074276251579	-0.13438130959903025	0.02687626191980605	0.691279842720597	0.1382559685441194
7.439999999999886	4.964849852803585	0.9929699705607171	-0.1336898083692661	0.026737961673853224	0.6886441500738599	0.13772883001477199
7.449999999999886	4.952181587017666	0.9904363174035332	-0.13300194752452202	0.026600389504904405	0.6860177388796117	0.13720354777592234
7.459999999999885	4.9395322820515455	0.9879064564103092	-0.13231770432239978	0.026463540864479957	0.683400566177771	0.1366801132355542
7.469999999999885	4.926901879451274	0.9853803758902547	-0.13163705618781135	0.02632741123756227	0.6807925892579344	0.1361585178515869
7.479999999999885	4.914290321023934	0.9828580642047868	-0.13095998071155826	0.026191996142311654	0.6781937656576277	0.13563875313152554
7.489999999999885	4.901697548836119	0.9803395097672238	-0.1302864556489244	0.026057291129784884	0.6756040531605697	0.13512081063211395
7.4999999999998845	4.889123505212425	0.9778247010424851	-0.12961645891828258	0.025923291783656516	0.6730234097949515	0.1346046819589903
