0	-21.0213	1.5	146.2124565	1.7000000000000002	-67.32	5.655560607021778
0.01	-22.377646324915347	1.62	141.53574522451845	1.8854545454545457	-66.19149458959257	5.560754743327315
0.02	-23.724127127293123	1.7400000000000002	137.19365211096567	2.0709090909090913	-65.12876771989644	5.47147494207543
0.03	-25.059281536732303	1.8599999999999999	133.14898270765948	2.256363636363636	-64.1244464400681	5.387101800854531
0.04	-26.381673754783748	1.98	129.37049043601314	2.4418181818181823	-63.172640353616636	5.307140466807317
0.05	-27.689906739740028	2.0999999999999996	125.8314163194041	2.627272727272727	-62.268370157990454	5.231172628178569
0.060000000000000005	-28.98262908849506	2.2199999999999998	122.50861345067155	2.8127272727272725	-61.407328701146405	5.158836440651239
0.07	-30.25854018020228	2.34	119.3819127867876	2.998181818181818	-60.58573899383898	5.089814598943241
0.08	-31.516394468550505	2.46	116.43363512749114	3.1836363636363636	-59.800257403961275	5.023826204153384
0.09	-32.755005184260064	2.5799999999999996	113.64820406531211	3.3690909090909087	-59.047902567101424	4.960620791529395
0.09999999999999999	-33.97324754107441	2.6999999999999997	111.01183322625391	3.554545454545454	-58.32600073660547	4.899973739320695
0.10999999999999999	-35.170061481891416	2.8199999999999994	108.51227018061608	3.7399999999999993	-57.632142460455974	4.841682629198187
0.11999999999999998	-36.34445398092971	2.9399999999999995	106.138584605796	3.9254545454545453	-56.964147474449675	4.785564296926273
0.12999999999999998	-37.495500910669016	3.0599999999999996	103.88099158430677	4.11090909090909	-56.3200357801359	4.731452402617256
0.13999999999999999	-38.62234848086233	3.1799999999999997	101.73070315587914	4.296363636363636	-55.69800350881543	4.6791954030632406
0.15	-39.72421425801338	3.3	99.67980282460917	4.4818181818181815	-55.096402569023965	4.6286548419189755
0.16	-40.80038777592447	3.42	97.72113887727878	4.667272727272727	-54.51372333589005	4.579703895432911
0.17	-41.85023075055394	3.54	95.84823323220247	4.852727272727273	-53.948579819866026	4.532226126470652
0.18000000000000002	-42.87317691511691	3.66	94.05520319468756	5.038181818181818	-53.399696879407365	4.486114410250743
0.19000000000000003	-43.868731493917565	3.7800000000000002	92.33669400205729	5.223636363636364	-52.86589913483307	4.44127000299686
0.20000000000000004	-44.83647033570083	3.9000000000000004	90.68782043704913	5.409090909090909	-52.346101309710804	4.397601730516511
0.21000000000000005	-45.776038729291066	4.0200000000000005	89.10411610070425	5.594545454545455	-51.83929977865256	4.355025278130425
0.22000000000000006	-46.687149925908834	4.140000000000001	87.58148918440925	5.780000000000001	-51.34456514100638	4.31346256678757
0.23000000000000007	-47.569583393810284	4.260000000000001	86.11618378008737	5.965454545454547	-50.8610356717412	4.272841202873276
0.24000000000000007	-48.423182831774675	4.380000000000001	84.70474592851538	6.150909090909092	-50.387911526052456	4.233093991337506
0.25000000000000006	-49.24785396848394	4.5	83.34399373656554	6.336363636363637	-49.924449594437995	4.19415850346922
0.26000000000000006	-50.04356217501132	4.62	82.03099100109743	6.521818181818182	-49.46995892135722	4.155976692017431
0.2700000000000001	-50.81032991748716	4.74	80.76302386508708	6.707272727272728	-49.023796613935176	4.118494547480978
0.2800000000000001	-51.54823407656534	4.3399999999999945	79.53758010413164	5.999999999999989	-48.58536417814839	4.039999999999999
0.2900000000000001	-52.257403159605296	3.419999999999992	78.3523307016554	4.399999999999986	-48.15410422901154	3.9199999999999986
0.3000000000000001	-52.93801443054463	2.5000000000000213	77.20511342128916	2.800000000000015	-47.729497528849095	3.800000000000001
0.3100000000000001	-53.59029098129745	4.380000000000021	76.09391812684501	4.200000000000015	-47.311060314072414	3.9200000000000013
0.3200000000000001	-54.214498767210216	6.260000000000021	75.016873635541	5.600000000000016	-46.89834187621842	4.040000000000001
0.3300000000000001	-54.810943627670845	7.18	73.9722359198244	6.400000000000002	-46.49092236752131	4.1
0.34000000000000014	-55.37996831143021	7.14	72.9583774982617	6.600000000000002	-46.08841080512795	4.1
0.35000000000000014	-55.921949524589294	7.1	71.97377787727869	6.8000000000000025	-45.69044325134557	4.1
0.36000000000000015	-56.43729501755639	7.06	71.01701492368188	7.000000000000003	-45.29668115012121	4.1
0.37000000000000016	-56.92644072561309	7.02	70.08675706338919	7.200000000000003	-44.90680980237228	4.1
0.38000000000000017	-57.3898479760699	6.159999999999972	69.18175621506904	6.39999999999997	-44.520536964878445	3.939999999999994
0.3900000000000002	-57.82800077335833	4.479999999999972	68.30084137878596	4.5999999999999694	-44.13759155925805	3.6199999999999943
0.4000000000000002	-58.241403171819634	2.8000000000000425	67.44291280956426	2.8000000000000216	-43.757722479130486	3.300000000000013
0.4100000000000002	-58.63057674442045	5.400000000000049	66.60693671425642	4.120000000000024	-43.38069748494338	4.100000000000015
0.4200000000000002	-58.99605815416732	8.000000000000055	65.79194041743567	5.440000000000028	-43.00630217714993	4.900000000000016
0.4300000000000002	-59.33839683361572	9.96000000000003	64.9970079483956	6.170000000000003	-42.63433903948196	5.189999999999995
0.4400000000000002	-59.65815277657999	11.280000000000033	64.22127600687209	6.310000000000003	-42.26462654499793	4.969999999999994
0.45000000000000023	-59.955894444955256	12.600000000000033	63.46393026992483	6.450000000000003	-41.89699831841053	4.749999999999995
0.46000000000000024	-60.23219679246363	13.920000000000035	62.72420200662779	6.590000000000003	-41.53130234892868	4.529999999999994
0.47000000000000025	-60.48763940613705	15.240000000000036	62.001364970902614	6.730000000000004	-41.16740024849826	4.309999999999994
0.48000000000000026	-60.722804765445666	13.259999999999852	61.29473254606355	5.999999999999956	-40.805166550902555	4.099999999999994
0.49000000000000027	-60.93827661817604	7.979999999999854	60.603655117481445	4.399999999999956	-40.44448804769852	3.8999999999999946
0.5000000000000002	-61.13463847145066	2.7000000000000552	59.927517652275874	2.800000000000063	-40.08526315742434	3.7000000000000073
0.5100000000000002	-61.31247219566024	5.180000000000056	59.26573746715	5.680000000000064	-39.72740132492501	4.020000000000008
0.5200000000000002	-61.472356738545336	7.660000000000055	58.61776216743198	8.560000000000064	-39.37082244801101	4.340000000000007
0.5300000000000002	-61.61486694621107	8.940000000000003	57.9830677421112	9.739999999999988	-39.015456328994624	4.510000000000001
0.5400000000000003	-61.740572487483426	9.020000000000003	57.36115680118763	9.219999999999986	-38.661242148945135	4.53
0.5500000000000003	-61.85003687770946	9.100000000000003	56.751556943010115	8.699999999999985	-38.30812796276899	4.550000000000001
0.5600000000000003	-61.943816597865386	9.180000000000003	56.153819240488176	8.179999999999986	-37.95607021345954	4.57
0.5700000000000003	-62.0224603046566	9.260000000000003	55.567516836137685	7.659999999999983	-37.6050332640743	4.590000000000001
0.5800000000000003	-62.08650812716811	8.629999999999956	54.99224363688078	6.919999999999968	-37.2549889461888	4.489999999999992
0.5900000000000003	-62.13649104554808	7.2899999999999565	54.42761310037893	5.959999999999969	-36.90591612374702	4.2699999999999925
0.6000000000000003	-62.172930347173214	5.949999999999957	53.8732571054447	4.999999999999968	-36.55780027138104	4.049999999999993
0.6100000000000003	-62.19633715575054	4.609999999999956	53.32882489976671	4.039999999999968	-36.210633066408015	3.8299999999999925
0.6200000000000003	-62.20721202884862	3.2699999999999556	52.79398211879824	3.079999999999968	-35.864411993833386	3.6099999999999928
0.6300000000000003	-62.20604461941875	3.5800000000000654	52.26840987021534	3.50000000000006	-35.519139963795176	3.4199999999999946
0.6400000000000003	-62.193313396958615	5.540000000000065	51.75180387884819	5.300000000000059	-35.17482494097817	3.259999999999995
0.6500000000000004	-62.16948542408447	7.4999999999999964	51.24387368743934	7.099999999999996	-34.831479585608186	3.1000000000000023
0.6600000000000004	-62.13501618440715	7.387999999999996	50.744341908986954	6.9759999999999955	-34.48912090570776	3.1640000000000024
0.6700000000000004	-62.09034945775128	7.275999999999996	50.25294352679755	6.851999999999995	-34.14776992035577	3.2280000000000024
0.6800000000000004	-62.0359172389115	7.163999999999996	49.76942523870273	6.727999999999995	-33.80745133374485	3.2920000000000025
0.6900000000000004	-61.97213969630225	7.051999999999996	49.29354484219391	6.603999999999996	-33.468193219874905	3.3560000000000025
0.7000000000000004	-61.89942516702579	6.939999999999996	48.82507065750019	6.479999999999995	-33.13002671775652	3.4200000000000026
0.7100000000000004	-61.818170185055045	6.827999999999996	48.36378098588003	6.3559999999999945	-32.79298573702725	3.4840000000000027
0.7200000000000004	-61.72875953940162	6.715999999999996	47.90946360062088	6.231999999999995	-32.4571066739069	3.5480000000000027
0.7300000000000004	-61.63156635931303	6.603999999999996	47.46191526844356	6.107999999999995	-32.12242813743488	3.6120000000000028
0.7400000000000004	-61.52695222371512	6.4919999999999956	47.02094129919299	5.983999999999995	-31.788990685944974	3.676000000000003
0.7500000000000004	-61.415267292286586	6.3799999999999955	46.58635512186455	5.859999999999994	-31.456836573739952	3.740000000000003
0.7600000000000005	-61.29685045571786	6.267999999999995	46.15797788516903	5.735999999999994	-31.12600950793277	3.804000000000003
0.7700000000000005	-61.17202950286929	6.155999999999995	45.735638080978504	5.611999999999995	-30.79655441542006	3.868000000000003
0.7800000000000005	-61.04112130270123	6.043999999999995	45.31917118912344	5.487999999999994	-30.46851721995092	3.932000000000003
0.7900000000000005	-60.90443199899904	5.931999999999995	44.90841934212781	5.363999999999994	-30.14194462924824	3.996000000000003
0.8000000000000005	-60.762257216062906	5.819999999999995	44.50323100857603	5.239999999999994	-29.816883932131038	4.060000000000003
0.8100000000000005	-60.614882273671675	5.707999999999995	44.103460693902996	5.115999999999994	-29.493382805576854	4.124000000000003
0.8200000000000005	-60.46258240976209	5.595999999999995	43.708968657488455	4.991999999999994	-29.17148913165104	4.188000000000003
0.8300000000000005	-60.3056230093929	5.483999999999995	43.31962064501881	4.867999999999994	-28.851250824217537	4.252000000000003
0.8400000000000005	-60.14425983868197	5.371999999999995	42.93528763515515	4.7439999999999936	-28.532715665331434	4.316000000000003
0.8500000000000005	-59.97873928251857	5.2599999999999945	42.55584559961571	4.619999999999994	-28.215931151199666	4.3800000000000034
0.8600000000000005	-59.80929858495967	5.147999999999994	42.18117527584422	4.495999999999993	-27.90094434758124	4.4440000000000035
0.8700000000000006	-59.636166091319645	5.035999999999994	41.81116195149494	4.371999999999994	-27.587801754483788	4.508000000000004
0.8800000000000006	-59.459561491056924	4.923999999999994	41.44569526001871	4.247999999999993	-27.276549179998185	4.572000000000004
0.8900000000000006	-59.27969606064929	4.811999999999994	41.08466898668426	4.1239999999999934	-26.967231623098883	4.636000000000004
0.9000000000000006	-59.09677290573178	4.700000000000035	40.727980884415004	4.000000000000025	-26.659893165223384	4.700000000000027
0.9100000000000006	-58.910987201847725	5.340000000000037	40.375532498863855	4.440000000000025	-26.354576870430904	5.180000000000028
0.9200000000000006	-58.72252643323462	5.980000000000039	40.027229002187674	4.8800000000000265	-26.05132469392769	5.660000000000029
0.9300000000000006	-58.53157062913256	6.62000000000004	39.682979035019244	5.320000000000027	-25.750177398734667	6.14000000000003
0.9400000000000006	-58.33829259716371	7.2600000000000415	39.342694556168	5.760000000000028	-25.451174480261994	6.62000000000003
0.9500000000000006	-58.1428581533882	7.899999999999998	39.00629069961167	6.199999999999995	-25.154354098545546	7.099999999999991
0.9600000000000006	-57.94542634869274	7.854285714285711	38.67368563836984	6.117142857142852	-24.859753017891254	6.9799999999999915
0.9700000000000006	-57.74614969121715	7.808571428571426	38.344800454876655	6.0342857142857085	-24.567406553665453	6.8599999999999905
0.9800000000000006	-57.54517436456645	7.76285714285714	38.01955901749481	5.951428571428566	-24.277348525963227	6.739999999999991
0.9900000000000007	-57.34264044159718	7.717142857142854	37.69788786283566	5.868571428571423	-23.989611219880587	6.61999999999999
1.0000000000000007	-57.13868209360254	7.671428571428569	37.37971608357145	5.78571428571428	-23.704225352112655	6.499999999999991
1.0100000000000007	-56.93342779475417	7.625714285714283	37.06497522144553	5.7028571428571375	-23.421220043596207	6.379999999999991
1.0200000000000007	-56.72700052168912	7.579999999999997	36.753599165204385	5.619999999999994	-23.140622797913412	6.259999999999991
1.0300000000000007	-56.51951794815717	7.534285714285711	36.44552405319265	5.537142857142851	-22.86245948517196	6.139999999999991
1.0400000000000007	-56.31109263466893	7.488571428571426	36.140688180368095	5.454285714285708	-22.586754331077277	6.019999999999991
1.0500000000000007	-56.101832213107144	7.4428571428571395	35.83903190950795	5.371428571428566	-22.31352991091316	5.899999999999991
1.0600000000000007	-55.89183956628382	7.397142857142854	35.540497586392	5.288571428571423	-22.042807148149347	5.7799999999999905
1.0700000000000007	-55.68121300244324	7.351428571428569	35.245029458760726	5.205714285714279	-21.77460531739708	5.65999999999999
1.0800000000000007	-55.47004642472759	7.3057142857142825	34.95257359885822	5.122857142857137	-21.50894205143769	5.53999999999999
1.0900000000000007	-55.258429495635205	7.259999999999997	34.66307782938141	5.039999999999994	-21.24583335205337	5.41999999999999
1.1000000000000008	-55.0464477965149	7.214285714285711	34.37649165266685	4.957142857142851	-20.98529360439461	5.29999999999999
1.1100000000000008	-54.8341829821498	7.1685714285714255	34.09276618295654	4.874285714285708	-20.72733559462441	5.179999999999991
1.1200000000000008	-54.62171293049488	7.122857142857139	33.81185408159292	4.791428571428565	-20.47197053058592	5.05999999999999
1.1300000000000008	-54.40911188763955	7.077142857142854	33.53370949500203	4.708571428571422	-20.21920806524679	4.939999999999991
1.1400000000000008	-54.196450608074805	7.031428571428568	33.258287995331315	4.625714285714279	-19.969056322681126	4.81999999999999
1.1500000000000008	-53.98379649035004	6.985714285714282	32.985546523616385	4.5428571428571365	-19.72152192635741	4.69999999999999
1.1600000000000008	-53.77121370820987	6.939999999999996	32.7154433353577	4.459999999999994	-19.476610029509022	4.57999999999999
1.1700000000000008	-53.558763337305855	6.894285714285711	32.447937948394774	4.37714285714285	-19.234324347372155	4.45999999999999
1.1800000000000008	-53.346503477581194	6.848571428571425	32.18299109297147	4.294285714285707	-18.99466719108467	4.33999999999999
1.1900000000000008	-53.13448937142938	6.802857142857139	31.920564663891927	4.211428571428565	-18.757639503047997	4.21999999999999
1.2000000000000008	-52.922773517730114	6.757142857142854	31.660621674671702	4.128571428571422	-18.52324089356311	4.09999999999999
1.2100000000000009	-52.71140578186707	6.711428571428567	31.40312621359383	4.045714285714279	-18.29146967856055	3.9799999999999898
1.2200000000000009	-52.50043350183328	6.665714285714282	31.148043401584417	3.962857142857136	-18.06232291825336	3.8599999999999897
1.2300000000000009	-52.28990159053064	6.619999999999996	30.895339351826664	3.879999999999993	-17.835796456550813	3.7399999999999896
1.2400000000000009	-52.0798526343697	6.57428571428571	30.644981131036168	3.79714285714285	-17.611884961079447	3.6199999999999894
1.2500000000000009	-51.870326988276496	6.528571428571425	30.39693672232481	3.7142857142857073	-17.390581963667245	3.4999999999999893
1.260000000000001	-51.661362867211814	6.482857142857139	30.151174989583648	3.631428571428564	-17.1718799011547	3.3799999999999892
1.270000000000001	-51.45299643430813	6.437142857142853	29.907665643319028	3.5485714285714214	-16.955770156405844	3.2599999999999896
1.280000000000001	-51.24526188572774	6.391428571428567	29.66637920787944	3.465714285714278	-16.74224309940001	3.1399999999999895
1.290000000000001	-51.03819153234521	6.345714285714282	29.42728699001341	3.3828571428571355	-16.531288128293713	3.0199999999999894
1.300000000000001	-50.831815878354654	6.299999999999995	29.190361048701895	3.3000000000000007	-16.32289371034963	2.9
1.310000000000001	-50.62616369690195	6.249999999999996	28.95557416621134	3.3119047619047626	-16.117047422637736	2.9023809523809527
1.320000000000001	-50.42126210283883	6.199999999999996	28.72289982031599	3.323809523809525	-15.913735992420719	2.904761904761905
1.330000000000001	-50.217136622695485	6.149999999999995	28.49231215764071	3.3357142857142867	-15.712945337143346	2.9071428571428575
1.340000000000001	-50.013811261964634	6.099999999999995	28.263785968077542	3.3476190476190486	-15.514660603952178	2.90952380952381
1.350000000000001	-49.81130856978943	6.049999999999995	28.03729666023179	3.3595238095238105	-15.318866208678777	2.911904761904762
1.360000000000001	-49.60964970114432	5.999999999999995	27.81282023785516	3.3714285714285723	-15.125545874225963	2.9142857142857146
1.370000000000001	-49.408854476596545	5.949999999999995	27.5903332772256	3.383333333333334	-14.934682668302646	2.916666666666667
1.380000000000001	-49.20894143973313	5.899999999999995	27.36981290543515	3.395238095238096	-14.746259040458783	2.9190476190476193
1.390000000000001	-49.009927912336614	5.849999999999995	27.151236779549144	3.4071428571428584	-14.560256858377283	2.9214285714285717
1.400000000000001	-48.81183004738982	5.799999999999995	26.93458306660131	3.4190476190476202	-14.3766574433852	2.923809523809524
1.410000000000001	-48.61466287998818	5.749999999999995	26.719830424391404	3.430952380952382	-14.195441605151213	2.9261904761904765
1.420000000000001	-48.418440376235885	5.699999999999995	26.506957983052985	3.442857142857144	-14.01658967554137	2.928571428571429
1.430000000000001	-48.22317548019932	5.649999999999995	26.29594532736067	3.454761904761906	-13.840081541609278	2.930952380952381
1.440000000000001	-48.028880158989786	5.599999999999994	26.086772479747406	3.4666666666666677	-13.665896677701133	2.9333333333333336
1.450000000000001	-47.8355654460447	5.5499999999999945	25.879419884003617	3.4785714285714295	-13.494014176659807	2.935714285714286
1.460000000000001	-47.64324148267443	5.499999999999995	25.67386838963119	3.4904761904761914	-13.324412780115964	2.9380952380952383
1.470000000000001	-47.451917557940234	5.449999999999995	25.47009923682649	3.5023809523809533	-13.157070907857383	2.9404761904761907
1.480000000000001	-47.26160214692558	5.399999999999995	25.26809404206765	3.5142857142857156	-12.991966686270846	2.942857142857143
1.490000000000001	-47.07230294746234	5.349999999999994	25.067834784282393	3.5261904761904774	-12.829077975853997	2.9452380952380954
1.500000000000001	-46.884026915370356	5.2999999999999945	24.869303791573646	3.5380952380952393	-12.668382397796961	2.947619047619048
1.5100000000000011	-46.69678029826737	5.249999999999995	24.67248372848113	3.550000000000001	-12.50985735963635	2.95
1.5200000000000011	-46.51056866800389	5.199999999999994	24.477357583757932	3.561904761904763	-12.353480079986118	2.9523809523809526
1.5300000000000011	-46.325396951776554	5.149999999999994	24.283908658642122	3.573809523809525	-12.19922761235221	2.954761904761905
1.5400000000000011	-46.14126946197045	5.099999999999994	24.092120555603955	3.5857142857142867	-12.047076868039513	2.9571428571428573
1.5500000000000012	-45.95818992478024	5.0499999999999945	23.901977167550267	3.5976190476190486	-11.897004638161484	2.9595238095238097
1.5600000000000012	-45.776161507657235	4.999999999999995	23.71346266746829	3.609523809523811	-11.748987614764259	2.961904761904762
1.5700000000000012	-45.595186845628675	4.949999999999994	23.526561498491724	3.6214285714285728	-11.603002411078577	2.9642857142857144
1.5800000000000012	-45.41526806653298	4.899999999999994	23.341258364372752	3.6333333333333346	-11.459025580913833	2.966666666666667
1.5900000000000012	-45.236406815213805	4.849999999999994	23.15753822034423	3.6452380952380965	-11.31703363720989	2.969047619047619
1.6000000000000012	-45.058604276713794	4.799999999999994	22.975386264356764	3.6571428571428584	-11.177003069763103	2.9714285714285715
1.6100000000000012	-44.88186119850759	4.749999999999994	22.794787928676328	3.6690476190476202	-11.03891036214379	2.973809523809524
1.6200000000000012	-44.70617791181197	4.699999999999994	22.61572887182822	3.680952380952382	-10.902732007823307	2.9761904761904763
1.6300000000000012	-44.53155435200982	4.649999999999994	22.438194970873987	3.692857142857144	-10.768444525529103	2.9785714285714286
1.6400000000000012	-44.35799007822317	4.599999999999994	22.262172314008325	3.7047619047619063	-10.636024473847069	2.980952380952381
1.6500000000000012	-44.185484292068956	4.549999999999994	22.08764719346348	3.716666666666668	-10.505448465090499	2.983333333333334
1.6600000000000013	-44.01403585563042	4.499999999999994	21.914606098709182	3.72857142857143	-10.376693178455557	2.985714285714286
1.6700000000000013	-43.84364330867523	4.449999999999994	21.743035709936546	3.740476190476192	-10.249735372483263	2.9880952380952386
1.6800000000000013	-43.674304885150526	4.399999999999993	21.572922891814827	3.7523809523809537	-10.124551896848127	2.990476190476191
1.6900000000000013	-43.50601852898393	4.349999999999993	21.404254687510324	3.7642857142857156	-10.001119703493822	2.9928571428571433
1.7000000000000013	-43.33878190921836	4.299999999999994	21.237018312957186	3.7761904761904774	-9.87941585713599	2.9952380952380957
1.7100000000000013	-43.17259243450741	4.249999999999994	21.071201151370133	3.7880952380952393	-9.759417545152676	2.997619047619048
1.7200000000000013	-43.007447266996955	4.199999999999997	20.906790747989618	3.799999999999997	-9.641102086882363	3.0000000000000004
1.7300000000000013	-42.84334333561798	4.172727272727269	20.743774805050155	3.781818181818179	-9.524446942349725	3.0030303030303034
1.7400000000000013	-42.68027734881397	4.145454545454542	20.58214117696312	3.763636363636361	-9.409429720438977	3.0060606060606063
1.7500000000000013	-42.51824580672626	4.118181818181815	20.421877865705255	3.745454545454543	-9.296028186534366	3.0090909090909097
1.7600000000000013	-42.357245012858705	4.090909090909087	20.2629730164049	3.727272727272725	-9.184220269647291	3.0121212121212126
1.7700000000000014	-42.19727108524306	4.06363636363636	20.105414913117947	3.7090909090909063	-9.073984069049102	3.0151515151515156
1.7800000000000014	-42.03831996712543	4.036363636363633	19.94919197478587	3.6909090909090883	-8.965297860428349	3.0181818181818185
1.7900000000000014	-41.88038743719292	4.009090909090905	19.79429275136854	3.67272727272727	-8.858140101590992	3.0212121212121215
1.8000000000000014	-41.72346911935928	3.981818181818178	19.6407059201448	3.6545454545454517	-8.752489437721637	3.024242424242425
1.8100000000000014	-41.56756049212759	3.9545454545454506	19.488420282173877	3.6363636363636336	-8.64832470622353	3.027272727272728
1.8200000000000014	-41.41265689754699	3.9272727272727233	19.33742475891121	3.6181818181818155	-8.545624941154687	3.0303030303030307
1.8300000000000014	-41.25875354978023	3.899999999999996	19.1877083889723	3.5999999999999974	-8.444369377277026	3.0333333333333337
1.8400000000000014	-41.10584554329769	3.8727272727272686	19.03926032503852	3.581818181818179	-8.344537453735128	3.036363636363637
1.8500000000000014	-40.953927860713186	3.8454545454545412	18.892069830899008	3.563636363636361	-8.246108817380652	3.03939393939394
1.8600000000000014	-40.80299538027621	3.818181818181814	18.746126278623112	3.5454545454545427	-8.14906332575812	3.042424242424243
1.8700000000000014	-40.6530428830347	3.7909090909090866	18.60141914585777	3.5272727272727247	-8.053381049767355	3.045454545454546
1.8800000000000014	-40.504065059681615	3.7636363636363592	18.457938013244767	3.509090909090906	-7.959042276017317	3.048484848484849
1.8900000000000015	-40.356056517098516	3.736363636363632	18.315672561952766	3.490909090909088	-7.866027508885813	3.051515151515152
1.9000000000000015	-40.20901178460833	3.7090909090909046	18.174612571319205	3.47272727272727	-7.77431747229895	3.054545454545455
1.9100000000000015	-40.06292531994943	3.6818181818181777	18.03474791659755	3.4545454545454515	-7.683893111243906	3.057575757575758
1.9200000000000015	-39.91779151498224	3.6545454545454503	17.896068566805205	3.4363636363636334	-7.594735593028055	3.060606060606061
1.9300000000000015	-39.77360470113957	3.627272727272723	17.758564582667947	3.4181818181818153	-7.506826308297133	3.0636363636363644
1.9400000000000015	-39.63035915463105	3.5999999999999956	17.622226114656595	3.3999999999999972	-7.420146871824688	3.0666666666666673
1.9500000000000015	-39.4880491014119	3.5727272727272683	17.487043401111965	3.3818181818181787	-7.334679123084585	3.0696969696969703
1.9600000000000015	-39.346668721925546	3.545454545454541	17.353006766454246	3.3636363636363606	-7.250405126617993	3.072727272727273
1.9700000000000015	-39.20621215562966	3.5181818181818136	17.220106619473054	3.3454545454545426	-7.167307172205856	3.075757575757576
1.9800000000000015	-39.06667350531433	3.4909090909090863	17.08833345169467	3.3272727272727245	-7.085367774857418	3.0787878787878795
1.9900000000000015	-38.92804684122109	3.463636363636359	16.957677835822956	3.309090909090906	-7.004569674625027	3.0818181818181825
2.0000000000000013	-38.79032620497085	3.436363636363632	16.828130424250666	3.2909090909090883	-6.9248958362550015	3.0848484848484854
2.010000000000001	-38.653505613308894	3.4090909090909056	16.699681947638048	3.2727272727272707	-6.846329448684042	3.0878787878787883
2.020000000000001	-38.51757906167426	3.3818181818181787	16.57232321355554	3.2545454545454526	-6.768853924390209	3.0909090909090913
2.0300000000000007	-38.38254052760089	3.354545454545452	16.446045105187817	3.236363636363635	-6.692452898607258	3.093939393939394
2.0400000000000005	-38.24838397395751	3.3272727272727254	16.32083858009617	3.2181818181818174	-6.617110228410576	3.096969696969697
2.0500000000000003	-38.11510335203302	3.2999999999999994	16.196694669036663	3.1999999999999997	-6.542809991682864	3.0999999999999996
2.06	-37.98269260447357	3.2871794871794866	16.073604474831438	3.1923076923076925	-6.469536485967164	3.087179487179487
2.07	-37.8511456680778	3.2743589743589743	15.951559171290532	3.184615384615385	-6.397274227214665	3.0743589743589745
2.0799999999999996	-37.72045647645586	3.2615384615384615	15.83055000218203	3.176923076923077	-6.326007948434256	3.0615384615384618
2.0899999999999994	-37.590618962558125	3.248717948717949	15.710568280248053	3.1692307692307695	-6.255722598250664	3.0487179487179494
2.099999999999999	-37.46162706107886	3.2358974358974364	15.591605386264499	3.1615384615384623	-6.186403339377574	3.0358974358974367
2.109999999999999	-37.33347471074017	3.223076923076924	15.473652768142326	3.1538461538461546	-6.1180355470119085	3.0230769230769243
2.1199999999999988	-37.20615585646127	3.2102564102564113	15.35670194006837	3.146153846153847	-6.050604807155155	3.0102564102564116
2.1299999999999986	-37.07966445141768	3.197435897435899	15.240744481683825	3.1384615384615397	-5.984096914867372	2.997435897435899
2.1399999999999983	-36.95399445899521	3.1846153846153866	15.125772037298304	3.130769230769232	-5.918497872459226	2.9846153846153864
2.149999999999998	-36.82913985464308	3.171794871794874	15.011776315137956	3.1230769230769244	-5.853793887627186	2.971794871794874
2.159999999999998	-36.70509462763018	3.158974358974361	14.898749086625662	3.115384615384617	-5.789971371536691	2.958974358974362
2.1699999999999977	-36.58185278270911	3.1461538461538487	14.786682185691859	3.1076923076923095	-5.727016936858046	2.946153846153849
2.1799999999999975	-36.45940834169116	3.1333333333333364	14.67556750811425	3.100000000000002	-5.664917395759305	2.9333333333333362
2.1899999999999973	-36.337755344936625	3.1205128205128236	14.565397010885032	3.092307692307694	-5.603659757860478	2.920512820512824
2.199999999999997	-36.21688785276374	3.1076923076923113	14.456162711604065	3.084615384615387	-5.543231228152955	2.9076923076923116
2.209999999999997	-36.09679994677968	3.0948717948717985	14.347856687896686	3.0769230769230793	-5.483619204887973	2.894871794871799
2.2199999999999966	-35.97748573113711	3.082051282051286	14.2404710768548	3.0692307692307716	-5.42481127743773	2.8820512820512865
2.2299999999999964	-35.858939333719185	3.0692307692307734	14.133998074499951	3.0615384615384644	-5.366795224132517	2.8692307692307737
2.239999999999996	-35.74115490725643	3.056410256410261	14.028429935267255	3.0538461538461568	-5.30955901007714	2.8564102564102614
2.249999999999996	-35.624126630378015	3.0435897435897483	13.923758971508882	3.046153846153849	-5.253090784949666	2.8435897435897486
2.259999999999996	-35.507848708600584	3.030769230769236	13.81997755301617	3.038461538461542	-5.197378880785383	2.8307692307692363
2.2699999999999956	-35.392315375257006	3.017948717948723	13.71707810655912	3.030769230769234	-5.142411809748742	2.8179487179487235
2.2799999999999954	-35.27752089236793	3.005128205128211	13.615053115442395	3.0230769230769265	-5.088178261895834	2.805128205128211
2.289999999999995	-35.16345955145844	2.992307692307698	13.513895119076823	3.015384615384619	-5.034667102929864	2.7923076923076984
2.299999999999995	-35.0501256743222	2.9794871794871858	13.413596712565402	3.0076923076923117	-4.981867371951915	2.779487179487186
2.3099999999999947	-34.93751361373552	2.966666666666673	13.314150546303097	3.000000000000004	-4.929768279209167	2.7666666666666733
2.3199999999999945	-34.82561775412318	2.9538461538461607	13.21554932558943	2.9923076923076963	-4.878359203842634	2.753846153846161
2.3299999999999943	-34.71443251217863	2.941025641025648	13.117785810253126	2.984615384615389	-4.827629691636332	2.741025641025648
2.339999999999994	-34.60395233744012	2.9282051282051356	13.020852814288117	2.9769230769230814	-4.77756945276965	2.728205128205136
2.349999999999994	-34.494171712824816	2.915384615384623	12.924743205500063	2.969230769230774	-4.728168359574671	2.715384615384623
2.3599999999999937	-34.38508515512304	2.9025641025641105	12.829449905162788	2.961538461538466	-4.679416444300001	2.7025641025641107
2.3699999999999934	-34.2766872154539	2.8897435897435977	12.73496588768396	2.953846153846159	-4.6313038968825895	2.689743589743598
2.3799999999999932	-34.16897247968446	2.8769230769230854	12.641284180279385	2.9461538461538512	-4.583821062728944	2.6769230769230856
2.389999999999993	-34.0619355688139	2.8641025641025726	12.548397862655296	2.9384615384615436	-4.536958440507025	2.664102564102573
2.399999999999993	-33.95557113932415	2.8512820512820602	12.456300066698164	2.9307692307692363	-4.4907066799500415	2.6512820512820605
2.4099999999999926	-33.84987388349879	2.838461538461548	12.364983976171386	2.9230769230769287	-4.445056579673251	2.638461538461548
2.4199999999999924	-33.74483852971127	2.825641025641035	12.274442826418426	2.915384615384621	-4.399999085004859	2.6256410256410354
2.429999999999992	-33.640459842684166	2.812820512820523	12.184669904071944	2.907692307692314	-4.355525285831915	2.612820512820523
2.439999999999992	-33.536732623720646	2.799999999999993	12.095658546768334	2.8999999999999826	-4.311626414462158	2.6
2.4499999999999917	-33.433651710909444	2.8085106382978653	12.007402142867457	2.921276595744663	-4.268293843502633	2.6
2.4599999999999915	-33.33121197930458	2.8170212765957374	11.91989413117692	2.9425531914893437	-4.225519083755815	2.6
2.4699999999999913	-33.22940834108092	2.8255319148936096	11.83312800068074	2.9638297872340242	-4.183293782133969	2.6
2.479999999999991	-33.128235745666885	2.8340425531914817	11.747097290271885	2.9851063829787043	-4.141609719592365	2.6
2.489999999999991	-33.02768917985518	2.842553191489354	11.661795588488395	3.006382978723385	-4.10045880908196	2.6
2.4999999999999907	-32.92776366789265	2.851063829787226	11.577216533252823	3.027659574468065	-4.059833093522061	2.6
2.5099999999999905	-32.82845427155037	2.859574468085098	11.49335381161456	3.0489361702127455	-4.019724743793445	2.6
2.5199999999999902	-32.729756090174696	2.86808510638297	11.410201159494937	3.070212765957426	-3.9801260567523995	2.6
2.52999999999999	-32.63166426072039	2.8765957446808423	11.327752361434655	3.0914893617021066	-3.9410294532660335	2.6
2.53999999999999	-32.53417395776657	2.885106382978715	11.246001250343431	3.1127659574467867	-3.902427476269241	2.6
2.5499999999999896	-32.437280393516424	2.8936170212765866	11.164941707251579	3.1340425531914673	-3.8643127888436095	2.6
2.5599999999999894	-32.340978817781405	2.902127659574459	11.084567661063282	3.1553191489361474	-3.826678172318517	2.6
2.569999999999989	-32.24526451795063	2.9106382978723313	11.004873088311374	3.176595744680828	-3.7895165243947035	2.6
2.579999999999989	-32.15013281894645	2.9191489361702034	10.92585201291347	3.1978723404255085	-3.7528208572904513	2.6
2.5899999999999888	-32.055579083166585	2.9276595744680756	10.847498505929199	3.2191489361701886	-3.7165842959105904	2.6
2.5999999999999885	-31.961598710413764	2.9361702127659477	10.76980668531843	3.240425531914869	-3.68080007603843	2.6
2.6099999999999883	-31.868187137813464	2.94468085106382	10.692770715700341	3.2617021276595493	-3.645461542550739	2.6
2.619999999999988	-31.775339839720168	2.953191489361692	10.616384808113121	3.28297872340423	-3.610562147655842	2.6
2.629999999999988	-31.683052327613026	2.961702127659564	10.540643219774264	3.3042553191489104	-3.576095449154911	2.6
2.6399999999999877	-31.591320149981346	2.970212765957436	10.465540253841267	3.325531914893591	-3.5420551087264287	2.6
2.6499999999999875	-31.500138892200397	2.9787234042553083	10.391070259172666	3.346808510638271	-3.508434890233895	2.6
2.6599999999999873	-31.409504176398304	2.9872340425531805	10.317227630089247	3.3680851063829516	-3.4752286580567198	2.6
2.669999999999987	-31.319411661314152	2.9957446808510526	10.244006806135435	3.3893617021276317	-3.4424303754442858	2.6
2.679999999999987	-31.229857042148154	3.0042553191489247	10.171402271840662	3.410638297872312	-3.4100341028931047	2.6
2.6899999999999866	-31.14083605040417	3.0127659574467973	10.099408556480759	3.4319148936169928	-3.378033996547053	2.6
2.6999999999999864	-31.05234445372493	3.0212765957446694	10.028020233839166	3.453191489361673	-3.3464243066205355	2.6
2.709999999999986	-30.964378055720648	3.0297872340425416	9.957231921968033	3.4744680851063534	-3.315199375844514	2.6
2.719999999999986	-30.876932695791123	3.0382978723404137	9.887038282949073	3.495744680851034	-3.284353637935298	2.6
2.7299999999999858	-30.79000424894199	3.046808510638286	9.817434022654112	3.517021276595714	-3.2538816160859265	2.6
2.7399999999999856	-30.703588625595295	3.055319148936158	9.748413890505375	3.5382978723403946	-3.2237779214800426	2.6
2.7499999999999853	-30.617681771394846	3.06382978723403	9.679972679235375	3.559574468085075	-3.1940372518280973	2.6
2.759999999999985	-30.532279667006716	3.0723404255319022	9.612105224646427	3.5808510638297553	-3.1646543899257087	2.6
2.769999999999985	-30.447378327915025	3.0808510638297744	9.544806405369759	3.602127659574436	-3.135624202234031	2.6
2.7799999999999847	-30.362973804213635	3.0893617021276465	9.478071142624161	3.623404255319116	-3.1069416374819245	2.6
2.7899999999999845	-30.279062180393762	3.0978723404255186	9.411894399974218	3.6446808510637965	-3.0786017252897766	2.6
2.7999999999999843	-30.195639575127895	3.1063829787233908	9.346271183088033	3.665957446808477	-3.050599574814742	2.6
2.809999999999984	-30.112702141050434	3.114893617021263	9.281196539494529	3.687234042553157	-3.022930373417221	2.6
2.819999999999984	-30.03024606453497	3.123404255319135	9.216665558340214	3.7085106382978377	-2.995589385348373	2.6
2.8299999999999836	-29.94826756546891	3.1319148936170076	9.152673370145504	3.729787234042518	-2.968571950458435	2.6
2.8399999999999834	-29.866762897025232	3.1404255319148797	9.089215146560537	3.7510638297871983	-2.9418734829256503	2.6
2.849999999999983	-29.78572834543192	3.148936170212752	9.02628610012054	3.772340425531879	-2.915489470005552	2.6
2.859999999999983	-29.705160229739178	3.157446808510624	8.963881484000702	3.7936170212765594	-2.8894154708004147	2.6
2.869999999999983	-29.62505490158457	3.165957446808496	8.901996591770594	3.8148936170212395	-2.863647115048621	2.6
2.8799999999999826	-29.545408744956447	3.1744680851063682	8.840626757148144	3.83617021276592	-2.838180101933699	2.6
2.8899999999999824	-29.466218175955685	3.1829787234042404	8.77976735375319	3.8574468085106	-2.813010198912833	2.6
2.899999999999982	-29.387479642555995	3.1914893617021125	8.719413794860587	3.8787234042552807	-2.7881332405645707	2.6
2.909999999999982	-29.30918962436302	3.199999999999981	8.65956153315296	3.899999999999936	-2.7635451274555076	2.599999999999968
2.9199999999999817	-29.231344632372203	3.2105263157894544	8.600206060473033	3.935087719298181	-2.739241825025714	2.6175438596490905
2.9299999999999815	-29.153941208725936	3.221052631578928	8.541342907575654	3.9701754385964256	-2.715219362492629	2.635087719298213
2.9399999999999813	-29.07697592646968	3.2315789473684013	8.482967643879434	4.005263157894671	-2.691473831773223	2.6526315789473354
2.949999999999981	-29.00044538930753	3.2421052631578746	8.425075877218156	4.040350877192916	-2.6680013864241534	2.670175438596458
2.959999999999981	-28.92434623135739	3.2526315789473483	8.367663253591797	4.075438596491161	-2.644798240599666	2.68771929824558
2.9699999999999807	-28.848675116905525	3.2631578947368216	8.31072545691742	4.110526315789405	-2.621860668027031	2.7052631578947026
2.9799999999999804	-28.773428740161	3.2736842105262953	8.254258208779758	4.14561403508765	-2.5991850009992263	2.722807017543825
2.9899999999999802	-28.698603825010007	3.2842105263157686	8.198257268181619	4.180701754385895	-2.576767629384661	2.7403508771929475
2.99999999999998	-28.624197124770077	3.294736842105242	8.142718431294162	4.21578947368414	-2.5546049996536615	2.7578947368420703
3.00999999999998	-28.550205421944398	3.3052631578947156	8.087637531207003	4.250877192982385	-2.5326936139215115	2.7754385964911927
3.0199999999999796	-28.47662552797627	3.315789473684189	8.033010437678232	4.28596491228063	-2.5110300290077676	2.792982456140315
3.0299999999999794	-28.40345428300396	3.3263157894736626	7.978833056884368	4.321052631578874	-2.4896108555116467	2.8105263157894376
3.039999999999979	-28.330688555615755	3.336842105263136	7.9251013311702705	4.356140350877119	-2.468432756903217	2.82807017543856
3.049999999999979	-28.258325242605572	3.3473684210526096	7.871811238799045	4.391228070175364	-2.4474924486301557	2.8456140350876824
3.0599999999999787	-28.186361268729122	3.357894736842083	7.818958793701967	4.426315789473609	-2.4267866972398577	2.863157894736805
3.0699999999999785	-28.114793586460554	3.368421052631556	7.766540045228499	4.461403508771854	-2.4063123195166387	2.8807017543859272
3.0799999999999783	-28.04361917574995	3.37894736842103	7.71455107789637	4.496491228070099	-2.3860661816338067	2.8982456140350497
3.089999999999978	-27.972835043781426	3.389473684210503	7.662988011141813	4.531578947368343	-2.366045198320367	2.915789473684172
3.099999999999978	-27.902438224732194	3.399999999999977	7.6118469990699165	4.566666666666588	-2.346246332042136	2.9333333333332945
3.1099999999999777	-27.832425779532397	3.41052631578945	7.561124230205242	4.601754385964833	-2.3266665921970313	2.950877192982417
3.1199999999999775	-27.762794795625922	3.421052631578924	7.510815927242606	4.636842105263078	-2.30730303432431	2.9684210526315393
3.1299999999999772	-27.693542386732236	3.431578947368397	7.460918346798158	4.671929824561324	-2.2881527593275366	2.9859649122806617
3.139999999999977	-27.624665692609295	3.4421052631578704	7.411427779160748	4.7070175438595685	-2.2692129127110547	3.003508771929784
3.149999999999977	-27.556161878817424	3.452631578947344	7.362340548043617	4.742105263157813	-2.250480683829749	3.0210526315789066
3.1599999999999766	-27.48802813648457	3.4631578947368173	7.313653010336451	4.777192982456058	-2.2319533051518676	3.038596491228029
3.1699999999999764	-27.42026168207249	3.473684210526291	7.265361555857827	4.812280701754303	-2.213628051534708	3.0561403508771514
3.179999999999976	-27.352859757144397	3.4842105263157643	7.2174626071080805	4.847368421052548	-2.195502239512938	3.073684210526274
3.189999999999976	-27.285819628133734	3.4947368421052376	7.169952619022648	4.882456140350793	-2.1775732265993524	3.0912280701753962
3.1999999999999758	-27.219138586114312	3.5052631578947113	7.122828078725864	4.9175438596490375	-2.159838410597852	3.1087719298245187
3.2099999999999755	-27.15281394657183	3.5157894736841846	7.076085505285304	4.952631578947282	-2.142295228928447	3.126315789473641
3.2199999999999753	-27.08684304917667	3.5263157894736583	7.0297214494666616	4.987719298245527	-2.1249411579640705	3.1438596491227635
3.229999999999975	-27.021223257558187	3.5368421052631316	6.983732493489212	5.022807017543772	-2.1077737123790166	3.161403508771886
3.239999999999975	-26.955951959080384	3.547368421052605	6.938115250781884	5.057894736842017	-2.0907904445087993	3.1789473684210083
3.2499999999999747	-26.891026564619057	3.5578947368420786	6.892866365739958	5.092982456140262	-2.073988943721233	3.196491228070131
3.2599999999999745	-26.826444508340472	3.568421052631552	6.847982513482442	5.1280701754385065	-2.057366835798559	3.2140350877192536
3.2699999999999743	-26.762203247481402	3.5789473684210256	6.803460399610125	5.163157894736752	-2.0409217823303956	3.231578947368376
3.279999999999974	-26.69830026213088	3.589473684210499	6.759296759964375	5.198245614034997	-2.0246514801173747	3.2491228070174984
3.289999999999974	-26.634733055013314	3.5999999999999726	6.71548836038666	5.233333333333242	-2.0085536605852328	3.266666666666621
3.2999999999999736	-26.571499151273308	3.610526315789446	6.672031996478844	5.268421052631487	-1.992626089209206	3.2842105263157433
3.3099999999999734	-26.508596098261968	3.621052631578919	6.628924493364316	5.303508771929732	-1.976866564948537	3.3017543859648657
3.319999999999973	-26.446021465324808	3.631578947368393	6.586162705449882	5.338596491227976	-1.9612729196909164	3.319298245613988
3.329999999999973	-26.383772843591288	3.642105263157866	6.543743516188566	5.373684210526221	-1.9458430177066983	3.3368421052631105
3.3399999999999728	-26.321847845765927	3.65263157894734	6.501663837843237	5.408771929824466	-1.9305747551127062	3.354385964912233
3.3499999999999726	-26.260244105921096	3.663157894736813	6.459920611251169	5.443859649122711	-1.9154660593454609	3.3719298245613554
3.3599999999999723	-26.198959279291348	3.6736842105262864	6.418510805589471	5.478947368420956	-1.9005148886436765	3.389473684210478
3.369999999999972	-26.137991042069498	3.68421052631576	6.377431418141522	5.514035087719201	-1.8857192315398472	3.4070175438596
3.379999999999972	-26.07733709120425	3.6947368421052333	6.336679474064295	5.549122807017445	-1.8710771063607745	3.4245614035087226
3.3899999999999717	-26.016995144199527	3.705263157894707	6.29625202615672	5.58421052631569	-1.8565865607368721	3.442105263157845
3.3999999999999715	-25.956962938915478	3.7157894736841803	6.256146154629017	5.619298245613935	-1.8422456711200923	3.4596491228069675
3.4099999999999713	-25.89723823337109	3.726315789473654	6.216358966873064	5.65438596491218	-1.8280525423103227	3.47719298245609
3.419999999999971	-25.837818805548444	3.7368421052631273	6.176887597233793	5.689473684210425	-1.8140053069901048	3.4947368421052123
3.429999999999971	-25.778702453198754	3.7473684210526006	6.137729206781661	5.72456140350867	-1.8001021252675178	3.5122807017543347
3.4399999999999706	-25.719886993649933	3.7578947368420743	6.098880983086182	5.759649122806914	-1.7863411842270938	3.5298245614034576
3.4499999999999704	-25.661370263615932	3.7684210526315476	6.060340139990563	5.79473684210516	-1.7727206974886074	3.54736842105258
3.45999999999997	-25.60315011900763	3.7789473684210213	6.022103917387433	5.829824561403405	-1.7592389047736139	3.5649122807017024
3.46999999999997	-25.545224434745514	3.7894736842104946	5.984169580995732	5.86491228070165	-1.7458940714795832	3.582456140350825
3.47999999999997	-25.487591104573916	3.7999999999999376	5.946534422138686	5.8999999999999115	-1.7326844882615018	3.599999999999907
3.4899999999999696	-25.43024804087698	3.820588235294055	5.909195757523003	5.929411764705794	-1.7196084706208057	3.6308823529410827
3.4999999999999694	-25.373193174496247	3.841176470588172	5.872150929019176	5.958823529411675	-1.7066643585015107	3.6617647058822587
3.509999999999969	-25.31642445454988	3.861764705882289	5.835397303443014	5.9882352941175565	-1.6938505158934194	3.692647058823434
3.519999999999969	-25.259939848253584	3.882352941176406	5.798932272338346	6.017647058823439	-1.681165330442262	3.72352941176461
3.5299999999999687	-25.203737340743142	3.9029411764705237	5.762753251760943	6.04705882352932	-1.6686072130666574	3.754411764705786
3.5399999999999685	-25.147814934898555	3.923529411764641	5.726857682063653	6.0764705882352015	-1.656174597581773	3.785294117646962
3.5499999999999683	-25.09217065116992	3.944117647058758	5.6912430276827735	6.105882352941084	-1.643865940329556	3.816176470588138
3.559999999999968	-25.036802527404767	3.964705882352875	5.655906776925663	6.135294117646965	-1.6316797198154107	3.8470588235293133
3.569999999999968	-24.981708618677214	3.9852941176469923	5.620846441759609	6.164705882352847	-1.6196144363512268	3.877941176470489
3.5799999999999677	-24.92688699711853	4.00588235294111	5.586059557601944	6.194117647058729	-1.6076686117046235	3.9088235294116647
3.5899999999999674	-24.872335751749485	4.0264705882352265	5.551543683111454	6.223529411764611	-1.5958407887543034	3.9397058823528406
3.5999999999999672	-24.818052988314196	4.047058823529344	5.517296399981058	6.252941176470492	-1.5841295311514112	3.9705882352940165
3.609999999999967	-24.764036829115565	4.067647058823461	5.483315312731756	6.282352941176374	-1.572533422986775	4.001470588235192
3.619999999999967	-24.71028541285233	4.088235294117578	5.449598048507918	6.311764705882256	-1.5610510684639423	4.032352941176368
3.6299999999999666	-24.656796894457667	4.108823529411696	5.416142256873818	6.341176470588137	-1.5496810915778854	4.063235294117544
3.6399999999999664	-24.603569444939385	4.129411764705813	5.38294560961153	6.370588235294019	-1.5384221357992898	4.09411764705872
3.649999999999966	-24.550601251221657	4.14999999999993	5.350005800520109	6.399999999999901	-1.527272863764315	4.124999999999895
3.659999999999966	-24.497890515988274	4.170588235294048	5.3173205452160985	6.429411764705782	-1.5162319569697287	4.155882352941071
3.6699999999999657	-24.44543545752745	4.1911764705881644	5.2848875809353775	6.4588235294116645	-1.5052981154733227	4.186764705882247
3.6799999999999655	-24.393234309578215	4.211764705882282	5.252704666336319	6.488235294117546	-1.494470057599508	4.217647058823423
3.6899999999999653	-24.341285321178198	4.232352941176399	5.220769581304305	6.517647058823428	-1.4837465196500017	4.248529411764599
3.699999999999965	-24.289586756513028	4.252941176470516	5.189080126757569	6.5470588235293095	-1.4731262556195028	4.279411764705775
3.709999999999965	-24.23813689476719	4.273529411764633	5.157634124454384	6.576470588235191	-1.4626080369162804	4.310294117646951
3.7199999999999647	-24.186934029976346	4.2941176470587505	5.126429416801602	6.605882352941073	-1.4521906520875711	4.341176470588126
3.7299999999999645	-24.135976470881168	4.314705882352868	5.095463866664538	6.635294117646954	-1.441872906549709	4.3720588235293025
3.7399999999999642	-24.085262540782594	4.335294117646985	5.06473535717822	6.664705882352836	-1.4316536223228953	4.402941176470478
3.749999999999964	-24.0347905773986	4.355882352941102	5.03424179155996	6.694117647058718	-1.4215316377705292	4.4338235294116535
3.759999999999964	-23.984558932722333	4.376470588235219	5.003981092923338	6.723529411764599	-1.4115058073430102	4.464705882352829
3.7699999999999636	-23.934565972881728	4.397058823529337	4.973951204093473	6.752941176470482	-1.401575001325934	4.495588235294005
3.7799999999999634	-23.88481007800056	4.417647058823454	4.944150087423716	6.782352941176363	-1.3917381055926092	4.526470588235181
3.789999999999963	-23.835289642060836	4.438235294117571	4.91457572461366	6.811764705882245	-1.3819940213608035	4.557352941176357
3.799999999999963	-23.78600307276666	4.4588235294116885	4.8852261165285364	6.841176470588127	-1.3723416649536493	4.588235294117533
3.8099999999999627	-23.73694879140943	4.479411764705805	4.8560992830199465	6.870588235294008	-1.3627799675646357	4.619117647058708
3.8199999999999625	-23.688125232734425	4.499999999999923	4.827193262747974	6.89999999999989	-1.353307875026609	4.649999999999884
3.8299999999999623	-23.63953084480878	4.52058823529404	4.798506113004641	6.929411764705772	-1.3439243475847127	4.68088235294106
3.839999999999962	-23.5911640888908	4.541176470588157	4.770035909538734	6.958823529411653	-1.3346283596731843	4.711764705882236
3.849999999999962	-23.54302343930056	4.561764705882275	4.741780746381975	6.988235294117535	-1.3254188996959588	4.742647058823412
3.8599999999999617	-23.49510738329192	4.582352941176391	4.71373873567655	7.0176470588234166	-1.3162949698109931	4.773529411764588
3.8699999999999615	-23.447414420925814	4.602941176470509	4.6859080075039925	7.047058823529299	-1.3072555857182482	4.804411764705764
3.8799999999999613	-23.399943064944836	4.6235294117646255	4.658286709715426	7.07647058823518	-1.2982997764512705	4.8352941176469395
3.889999999999961	-23.35269184064912	4.644117647058743	4.6308730077631415	7.105882352941062	-1.289426584172296	4.866176470588115
3.899999999999961	-23.30565928577355	4.664705882352861	4.603665084533521	7.135294117646944	-1.2806350639708215	4.8970588235292904
3.9099999999999606	-23.25884395036617	4.685294117646977	4.576661140181325	7.164705882352825	-1.2719242836655762	4.927941176470466
3.9199999999999604	-23.21224439666791	4.705882352941095	4.549859391965287	7.194117647058707	-1.2632933236098354	4.958823529411642
3.92999999999996	-23.16585919899349	4.726470588235212	4.523258074085082	7.223529411764589	-1.254741276500014	4.989705882352818
3.93999999999996	-23.119686943613704	4.747058823529329	4.496855437519594	7.252941176470471	-1.2462672471874803	5.020588235293994
3.9499999999999598	-23.073726228638712	4.767647058823447	4.470649749866541	7.282352941176352	-1.2378703524935335	5.05147058823517
3.9599999999999596	-23.027975663902744	4.788235294117563	4.444639295183413	7.311764705882234	-1.2295497210274866	5.082352941176346
3.9699999999999593	-22.982433870849917	4.808823529411681	4.418822373829721	7.341176470588116	-1.2213044930078008	5.113235294117521
3.979999999999959	-22.937099482421193	4.829411764705798	4.393197302310596	7.370588235293997	-1.213133820086216	5.144117647058697
3.989999999999959	-22.891971142942673	4.849999999999915	4.367762413121661	7.39999999999988	-1.2050368651748153	5.174999999999873
3.9999999999999587	-22.847047508014857	4.870588235294033	4.342516054595242	7.429411764705761	-1.197012802275993	5.205882352941049
4.009999999999959	-22.80232724440321	4.89117647058815	4.317456590747872	7.458823529411644	-1.189060816315242	5.236764705882226
4.019999999999959	-22.757809029929838	4.911764705882268	4.292582401129088	7.488235294117525	-1.1811801029767428	5.2676470588234015
4.0299999999999585	-22.713491553366257	4.932352941176385	4.267891880671528	7.517647058823408	-1.1733698685416765	5.298529411764577
4.039999999999958	-22.66937351432731	4.952941176470502	4.243383439542314	7.547058823529289	-1.1656293297292324	5.329411764705753
4.049999999999958	-22.625453623166223	4.97352941176462	4.219055502995717	7.576470588235171	-1.157957713540251	5.360294117646929
4.059999999999958	-22.581730600870667	4.9941176470587365	4.194906511227104	7.605882352941053	-1.1503542571034615	5.391176470588105
4.069999999999958	-22.5382031789601	5.014705882352854	4.170934919228141	7.635294117646934	-1.1428182075242612	5.422058823529281
4.079999999999957	-22.494870099383938	5.035294117646971	4.147139196643288	7.664705882352816	-1.1353488217359986	5.452941176470457
4.089999999999957	-22.451730114420986	5.055882352941088	4.123517827627518	7.694117647058698	-1.1279453663537091	5.483823529411632
4.099999999999957	-22.408781986579818	5.076470588235206	4.1000693107053205	7.72352941176458	-1.1206071175302657	5.514705882352808
4.109999999999957	-22.366024488500308	5.097058823529323	4.076792158630937	7.752941176470461	-1.1133333608148945	5.545588235293984
4.119999999999957	-22.323456402856053	5.11764705882344	4.053684898249834	7.782352941176343	-1.106123391014022	5.57647058823516
4.129999999999956	-22.281076522257997	5.138235294117557	4.030746070361417	7.811764705882225	-1.0989765120544013	5.607352941176336
4.139999999999956	-22.238883649158836	5.158823529411674	4.00797422958297	7.841176470588106	-1.0918920368484897	5.638235294117512
4.149999999999956	-22.196876595758706	5.179411764705791	3.985367944214815	7.870588235293988	-1.084869287162026	5.6691176470586875
4.159999999999956	-22.15505418391159	5.200000000000043	3.962925796106682	7.900000000000198	-1.0779075934837787	5.700000000000164
4.1699999999999555	-22.11341524503298	5.190226948651515	3.9406463805252905	7.85558650548917	-1.0710062948974168	5.663505775281766
4.179999999999955	-22.071958620008214	5.18049668808256	3.9185283060231337	7.811494640650644	-1.0641647389554738	5.627327471033032
4.189999999999955	-22.030683159102075	5.170808948439485	3.896570194308442	7.767721657892175	-1.0573822815553637	5.591461681224762
4.199999999999955	-21.989587721869093	5.161163462048995	3.8747706801163466	7.724264835590141	-1.0506582868174135	5.555905043310703
4.209999999999955	-21.948671177064938	5.151559963397382	3.853128411081223	7.681121477835259	-1.043992126964879	5.52065423759308
4.2199999999999545	-21.907932402558735	5.141998189109955	3.831642047610186	7.638288914180406	-1.0373831822059036	5.485705986598383
4.229999999999954	-21.867370285246203	5.132477877930652	3.8103102627577705	7.595764499390795	-1.0308308406173914	5.4510570544632895
4.239999999999954	-21.82698372096382	5.122998770701887	3.7891317421017607	7.553545613196446	-1.024334498030758	5.416704246330513
4.249999999999954	-21.786771614403843	5.113560610344612	3.768105183620169	7.51162966004694	-1.0178935579195285	5.382644407754413
4.259999999999954	-21.7467328790302	5.104163141838571	3.7472292975693526	7.470014068868453	-1.0115074312887458	5.3488744241161905
4.269999999999953	-21.706866436995323	5.094806112202782	3.726502806363269	7.428696292823055	-1.0051755365661632	5.315391220048509
4.279999999999953	-21.66717121905778	5.085489270476207	3.7059244444538586	7.387673809070254	-0.9988972994951821	5.282191758869343
4.289999999999953	-21.627646164500863	5.076212367698634	3.6854929582125497	7.346944118530774	-0.9926721530295188	5.24927304202498
4.299999999999953	-21.588290221051952	5.066975156891768	3.6652071058128617	7.306504745652538	-0.9864995372295492	5.216632108541884
4.3099999999999525	-21.549102344802755	5.057777393040493	3.6450656571141256	7.266353238178857	-0.980378899160323	5.184266034487395
4.319999999999952	-21.510081500130454	5.048618833074374	3.6250673935462974	7.226487166918816	-0.9743096927912036	5.152171932439026
4.329999999999952	-21.4712266596195	5.0394992358493	3.6052111079958564	7.186904125519807	-0.9682913788971127	5.1203469509622295
4.339999999999952	-21.432536803984444	5.030418362129371	3.585495604692784	7.1476017302422346	-0.9623234249613504	5.0887882740965225
4.349999999999952	-21.394010921993434	5.021375974568941	3.5659196990986226	7.108577619736352	-0.9564053050799605	5.057493120849761
4.3599999999999515	-21.355648010392567	5.0123718376948645	3.5464822177955884	7.069829454821219	-0.9505364998676187	5.026458744700473
4.369999999999951	-21.31744707383102	5.003405717888924	3.5271819983767547	7.031354918265783	-0.9447164963650152	4.995682433108101
4.379999999999951	-21.279407124786985	4.994477383370446	3.5080178893372707	6.993151714572021	-0.9389447879477032	4.965161507030985
4.389999999999951	-21.24152718349435	4.9855866041790895	3.4889887499666297	6.955217569760186	-0.9332208742363931	4.934893320452003
4.399999999999951	-21.20380627787018	4.976733152157829	3.4700934502419742	6.917550231156109	-0.9275442610086642	4.904875259911694
4.40999999999995	-21.166243443442927	4.967916800936104	3.4513308707224164	6.880147467180531	-0.9219144601120681	4.875104744048748
4.41999999999995	-21.128837723281443	4.959137325913155	3.4326999024443836	6.843007067140474	-0.9163309893786059	4.845579223147763
4.42999999999995	-21.091588167924634	4.950394504241518	3.414199446817978	6.806126841022641	-0.9107933725405475	4.816296178694094
4.43999999999995	-21.05449383531199	4.941688114810712	3.395828415524329	6.769504619288786	-0.9053011391475753	4.787253122935702
4.4499999999999496	-21.017553790714725	4.933017938231082	3.3775857304139403	6.733138252673074	-0.8998538244852284	4.758447598451896
4.459999999999949	-20.980767106667646	4.924383756817808	3.359470323406034	6.697025611981426	-0.8944509694946247	4.729877177728809
4.469999999999949	-20.94413286290188	4.915785354575112	3.3414811363888637	6.661164587892793	-0.8890921206934401	4.701539462741542
4.479999999999949	-20.907650146278044	4.907222517180577	3.3236171211210075	6.625553090762386	-0.8837768300981188	4.673432084542812
4.489999999999949	-20.87131805072037	4.89869503196968	3.3058772391336024	6.590189050426787	-0.8785046551473012	4.645552702858028
4.4999999999999485	-20.83513567715131	4.890202687920451	3.288260461633564	6.555070416011014	-0.8732751586264421	4.617899005686679
4.509999999999948	-20.799102133427038	4.881745275638323	3.270765769407734	6.520195155737445	-0.868087908593603	4.590468708909919
4.519999999999948	-20.76321653427337	4.873322587341105	3.253392152727967	6.48556125673661	-0.8629424783063937	4.563259555904231
4.529999999999948	-20.727478001222558	4.864934416844137	3.236138611257163	6.451166724859869	-0.8578384461500523	4.536269317161112
4.539999999999948	-20.691885662550654	4.856580559545592	3.219004153956207	6.4170095844938935	-0.8527753955666332	4.5094957899126245
4.549999999999947	-20.656438653215517	4.84826081241193	3.201987798991834	6.38308787837701	-0.8477529149852921	4.482936797762732
4.559999999999947	-20.621136114795505	4.839974973963503	3.1850885736454004	6.349399667417323	-0.8427705977536513	4.456590190324364
4.569999999999947	-20.58597719542879	4.83172284426031	3.168305514222562	6.315943030512669	-0.8378280420702128	4.430453842862011
4.579999999999947	-20.55096104975324	4.823504224887892	3.1516376659638317	6.282716064372314	-0.8329248509178244	4.404525655939897
4.589999999999947	-20.51608683884705	4.815318918943396	3.1350840829560336	6.24971688334044	-0.8280606319981582	4.37880355507549
4.599999999999946	-20.481353730169864	4.807166731021756	3.118643828044636	6.21694361922138	-0.823234997667199	4.35328549039838
4.609999999999946	-20.44676089750458	4.799047467202031	3.102315972746941	6.184394421106563	-0.8184475648717213	4.327969436314349
4.619999999999946	-20.412307520899734	4.790960935033886	3.0860995971661556	6.152067455203222	-0.8136979550867368	4.302853391174603
4.629999999999946	-20.377992786612477	4.782906943524205	3.0699937899063023	6.119960904664769	-0.8089857942538983	4.277935376950053
4.6399999999999455	-20.343815887052155	4.7748853031238525	3.053997647987986	6.088072969422869	-0.804310712720841	4.253213438910538
4.649999999999945	-20.30977602072443	4.766895825714553	3.038110276764995	6.056401866021201	-0.799672345181453	4.22868564530899
4.659999999999945	-20.275872392176062	4.758938324595935	3.0223307898417415	6.024945827450867	-0.7950703306170467	4.204350087070331
4.669999999999945	-20.242104211940156	4.751012614472678	3.00665830899152	5.993703102987444	-0.7905043122384293	4.180204877485155
4.679999999999945	-20.20847069648205	4.743118511441815	2.9910919640755935	5.962671958029686	-0.7859739374288501	4.156248151908017
4.689999999999944	-20.174971068145716	4.7352558329801475	2.9756308929630713	5.931850673939803	-0.7814788576878082	4.132478067460306
4.699999999999944	-20.14160455510077	4.7274243979318085	2.9602742414516143	5.901237547885387	-0.7770187285757153	4.108892802737599
4.709999999999944	-20.108370391289906	4.719624026495931	2.945021163188918	5.870830892682888	-0.7725932096593877	4.08549055752144
4.719999999999944	-20.075267816377046	4.711854540214473	2.9298708195949947	5.840629036642691	-0.7682019644583651	4.062269552495459
4.729999999999944	-20.042296075695834	4.704115761960128	2.9148223797852246	5.810630323415716	-0.7638446603920314	4.039228028965755
4.739999999999943	-20.009454420198825	4.696407515924401	2.8998750204941968	5.780833111841598	-0.7595209687275366	4.016364248585501
4.749999999999943	-19.976742106407062	4.688729627605775	2.8850279260003093	5.751235775798378	-0.7552305645284939	3.9936764930836546
4.759999999999943	-19.944158396360244	4.681081923798014	2.870280288051126	5.721836704053705	-0.7509731266044473	3.971163063997739
4.769999999999943	-19.911702557567384	4.6734642325785805	2.855631305789487	5.6926343001175415	-0.7467483374610957	3.9488222824106325
4.7799999999999425	-19.879373862957987	4.665876383297176	2.84108018568038	5.663626982096376	-0.7425558832512605	3.9266524886912784
4.789999999999942	-19.84717159083366	4.658318206564387	2.8266261414385316	5.634813182548884	-0.7383954537265836	3.904652042239264
4.799999999999942	-19.815095024820337	4.650789534240471	2.8122683939567317	5.6061913483430414	-0.7342667421899404	3.8828193212331836
4.809999999999942	-19.783143453820845	4.643290199424219	2.798006171234905	5.577759940514732	-0.7301694454485692	3.861152722382781
4.819999999999942	-19.751316171968064	4.635820036441966	2.783838708309872	5.549517434127728	-0.7261032637678877	3.8396506606847303
4.8299999999999415	-19.719612478578536	4.628378880836702	2.7697652471858425	5.52146231813513	-0.7220679008259974	3.8183115691820584
4.839999999999941	-19.688031678106498	4.620966569357281	2.7557850367656007	5.493593095242182	-0.7180630636688619	3.7971338987271213
4.849999999999941	-19.656573080098447	4.61358293994776	2.741897332782404	5.465908281770518	-0.7140884626661448	3.77611611774808
4.859999999999941	-19.625235999148114	4.6062278317368275	2.7281013977325546	5.438406407523746	-0.7101438114677018	3.7552567120188223
4.869999999999941	-19.594019754851953	4.598901085027361	2.714396500808668	5.411086015654417	-0.7062288269607112	3.734554184432275
4.87999999999994	-19.56292367176499	4.591602541286059	2.7007819178336216	5.383945662532354	-0.7023432292274356	3.714007054777042
4.88999999999994	-19.531947079357217	4.584332043133208	2.6872569311951673	5.356983917614303	-0.6984867415036049	3.693613859517335
4.89999999999994	-19.501089311970365	4.577089434332542	2.673820829781211	5.330199363314917	-0.6946590901374082	3.673373151576121
4.90999999999994	-19.4703497087751	4.569874559781188	2.660472908915756	5.303590594879058	-0.6908600045490852	3.653283500121441
4.9199999999999395	-19.439727613728753	4.562687265499748	2.6472124702954978	5.277156220255399	-0.6870892171911109	3.633343490355866
4.929999999999939	-19.409222375533318	4.555527398622445	2.634038821927062	5.250894859971316	-0.6833464635089577	3.6135517233090044
4.939999999999939	-19.378833347594018	4.548394807387388	2.62095127806488	5.224805147009035	-0.6796314819024333	3.593906815633059
4.949999999999939	-19.348559887978197	4.541289341126936	2.607949159149707	5.198885726683078	-0.675944013687577	3.5744073994013297
4.959999999999939	-19.318401359374654	4.534210850258144	2.5950317917477626	5.1731352565189335	-0.672283803059112	3.555052121909665
4.9699999999999385	-19.288357129053406	4.5271591862733205	2.582198508490488	5.14755240613297	-0.6686505970534421	3.535839645480784
4.979999999999938	-19.258426568825815	4.5201342017306745	2.5694486480149323	5.122135857113594	-0.6650441455121838	3.5167686472714355
4.989999999999938	-19.228609055005126	4.513135750245046	2.5567815549047292	5.096884302903592	-0.6614642010462248	3.497837819082336
4.999999999999938	-19.19890396836743	4.506163686478747	2.5441965796316945	5.071796448683699	-0.6579105190003038	3.4790458671708713
5.009999999999938	-19.16931069411296	4.49921786613248	2.531693078498009	5.046871011257352	-0.6543828574180977	3.4603915120664706
5.019999999999937	-19.13982862182785	4.49229814593636	2.519270413578999	5.022106718936613	-0.6508809770078146	3.4418734883886697
5.029999999999937	-19.110457145446183	4.485404383641002	2.5069279526665027	4.997502311429281	-0.6474046411082788	3.4234905446677586
5.039999999999937	-19.081195663212505	4.47853643800873	2.4946650692128074	4.9730565397271285	-0.6439536156555028	3.405241443168021
5.049999999999937	-19.05204357764464	4.471694168804849	2.4824811422751734	4.948768165995308	-0.6405276691497406	3.387124959713506
5.0599999999999365	-19.023000295496928	4.464877436789011	2.4703755564609184	4.924635963462884	-0.6371265726230078	3.3691398835162767
5.069999999999936	-18.9940652277238	4.45808610370667	2.4583477018730653	4.900658716314478	-0.6337500996070705	3.351285017007135
5.079999999999936	-18.96523778944372	4.451320032280616	2.4463969740565483	4.876835219583039	-0.6303980261018878	3.3335591756687424
5.089999999999936	-18.936517399903497	4.444579086202605	2.434522773944966	4.853164279043687	-0.6270701305445034	3.3159611878711206
5.099999999999936	-18.907903482442908	4.437863130125048	2.4227245078078927	4.82964471110869	-0.6237661937783812	3.2984898947094954
5.1099999999999355	-18.879395464459733	4.431172029652806	2.4110015871987107	4.806275342723462	-0.6204859990231758	3.281144149844444
5.119999999999935	-18.850992777375083	4.424505651335057	2.399353428902993	4.783055011263667	-0.6172293318449297	3.263922819344296
5.129999999999935	-18.82269485659911	4.417863862657242	2.3877794548874154	4.759982564433375	-0.6139959801266958	3.246824781529785
5.139999999999935	-18.794501141497012	4.4112465320330925	2.3762790922491743	4.7370568601642296	-0.6107857340395701	3.2298489268208703
5.149999999999935	-18.766411075355407	4.404653528796728	2.364851773165952	4.714276766515707	-0.6075983860141388	3.2129941575857446
5.159999999999934	-18.73842410534903	4.398084723194851	2.3534969348463664	4.691641161576331	-0.6044337307123223	3.1962593879919483
5.169999999999934	-18.710539682507758	4.391539986379001	2.342214019480954	4.669148933365969	-0.6012915649996194	3.1796435438595942
5.179999999999934	-18.682757261683925	4.385019190397881	2.3310024741936375	4.646798979739077	-0.5981716879177386	3.1631455625166427
5.189999999999934	-18.655076301520026	4.378522208189786	2.319861750993702	4.624590208288963	-0.595073900657614	3.146764392656207
5.199999999999934	-18.627496264416678	4.372048913575071	2.308791306728261	4.602521536253038	-0.5919980065328011	3.130498994195873
5.209999999999933	-18.600016616500902	4.3655991812487205	2.297790603035209	4.5805918904190195	-0.5889438109532404	3.114348338138955
5.219999999999933	-18.572636827594756	4.359172886772973	2.2868591062966566	4.558800207032112	-0.5859111213993904	3.0983114064377166
5.229999999999933	-18.545356371184223	4.3527699065700265	2.275996287592849	4.53714543170314	-0.5828997473967201	3.0823871918584835
5.239999999999933	-18.518174724388423	4.3463901179148134	2.265201622656556	4.515626519317624	-0.5799095004905576	3.06657469784864
5.2499999999999325	-18.49109136792914	4.340033398927841	2.2544745918279183	4.494242433945777	-0.576940194221285	3.0508729384054645
5.259999999999932	-18.464105786100617	4.333699628568109	2.2438146800097774	4.472992148753446	-0.5739916440998823	3.0352809379468013
5.269999999999932	-18.437217466739693	4.327388686626096	2.2332213766234457	4.451874645913943	-0.5710636675838051	3.019797731183501
5.279999999999932	-18.410425901196128	4.321100453716799	2.2226941755649468	4.430888916520814	-0.5681560840531998	3.004422362993649
5.289999999999932	-18.38373058430336	4.314834811272864	2.2122325751616927	4.410033960501475	-0.5652687147874449	2.9891538882985116
5.299999999999931	-18.357131014349402	4.3085916415377605	2.2018360781296074	4.389308786531736	-0.5624013829420172	2.9739913719402074
5.309999999999931	-18.330626693048146	4.302370827559042	2.1915041915306985	4.3687124119512255	-0.5595539135256763	2.958933888561055
5.319999999999931	-18.304217125510828	4.296172253181654	2.181236426731055	4.348243862679656	-0.556726133377961	2.943980522484577
5.329999999999931	-18.277901820217878	4.289995803041319	2.1710322993592825	4.327902173133967	-0.5539178711469978	2.92913036759815
5.339999999999931	-18.251680288990947	4.283841362557979	2.160891329265362	4.307686386146312	-0.5511289572676108	2.914382527237245
5.34999999999993	-18.225552046965266	4.277708817929305	2.1508130404799277	4.28759555288288	-0.5483592239397331	2.899736114071272
5.35999999999993	-18.199516612562242	4.271598056124261	2.140796961173974	4.26762873276357	-0.5456085051071109	2.8851902499909636
5.36999999999993	-18.173573507462343	4.265508964876746	2.1308426236189613	4.247784993382464	-0.5428766364363014	2.8707440659973176
5.37999999999993	-18.14772225657819	4.259441432679275	2.1209495641473386	4.22806341042913	-0.5401634552959531	2.8563967020920296
5.3899999999999295	-18.121962388027985	4.253395348776743	2.111117323113476	4.208463067610745	-0.5374688007363713	2.842147307169432
5.399999999999929	-18.09629343310909	4.247370603160225	2.1013454448549838	4.188983056574976	-0.5347925134693593	2.8279950389099002
5.409999999999929	-18.070714926272007	4.241367086560865	2.0916334776544416	4.169622476833699	-0.5321344358483332	2.8139390636746935
5.419999999999929	-18.04522640509443	4.23538469044379	2.0819809737015147	4.150380435687474	-0.5294944118487062	2.7999785564022295
5.429999999999929	-18.019827410255694	4.229423307002113	2.072387489055453	4.131256048150783	-0.5268722870485381	2.7861127005057575
5.4399999999999284	-17.99451748551136	4.223482829150964	2.0628525836079894	4.1122484368780805	-0.5242679086094458	2.7723406877724144
5.449999999999928	-17.969296177668127	4.217563150521604	2.053375821046598	4.093356732090536	-0.5216811252577718	2.7586617182636384
5.459999999999928	-17.944163036558937	4.211664165455582	2.0439567688181457	4.074580071503583	-0.5191117872660054	2.7450750002169313
5.469999999999928	-17.91911761501829	4.205785768998943	2.03459499809291	4.055917600255188	-0.5165597464344535	2.7315797499489265
5.479999999999928	-17.894159468857882	4.199927856896505	2.025290083728963	4.037368470834848	-0.514024856073159	2.718175191759777
5.489999999999927	-17.869288156842355	4.19409032558617	2.0160416042369187	4.018931843013321	-0.5115069709840583	2.7048605578388036
5.499999999999927	-17.844503240665397	4.188273072193318	2.006849141745051	4.000606883773079	-0.5090059474433809	2.6916350881714206
5.509999999999927	-17.81980428492597	4.1824759945252215	1.997712281964758	3.9823927672394737	-0.5065216431842826	2.678498030447303
5.519999999999927	-17.795190857104828	4.176698991065537	1.9886306141563814	3.9642886746125914	-0.5040539173797087	2.665448639969767
5.5299999999999265	-17.770662527541216	4.170941960968838	1.9796037310953813	3.9462937940998244	-0.5016026306254898	2.6524861795663757
5.539999999999926	-17.7462188694098	4.165204804055196	1.9706312290388504	3.928407320849118	-0.49916764492365734	2.639609919500717
5.549999999999926	-17.721859458697857	4.159487420804827	1.9617127076923742	3.9106284568829084	-0.4967488236659838	2.6268191373853598
5.559999999999926	-17.697583874182566	4.153789712352767	1.9528477701772289	3.892956411032731	-0.49434603161774116	2.6141131180959714
5.569999999999926	-17.673391697408665	4.148111580483623	1.944036022997912	3.8753903988744924	-0.4919591349016725	2.601491153686555
5.5799999999999255	-17.64928251266619	4.142452927626348	1.9352770760100078	3.857929642664415	-0.48958800098217736	2.5889525433058256
5.589999999999925	-17.625255906968484	4.136813656849082	1.9265705423883805	3.840573371275627	-0.4872324986497044	2.5764965931146757
5.599999999999925	-17.601311470030403	4.131193671854036	1.9179160385956877	3.8233208201353954	-0.48489249800535084	2.5641226162047372
5.609999999999925	-17.57744879424671	4.125592876972418	1.9093131843512225	3.8061712311630136	-0.48256787044566374	2.5518299325180105
5.619999999999925	-17.553667474670696	4.120011177159421	1.9007616026000678	3.7891238527083138	-0.4802584886476425	2.5396178687675572
5.629999999999924	-17.529967108992974	4.1144484779892405	1.892260919482565	3.7721779394907995	-0.47796422655393495	2.527485758359217
5.639999999999924	-17.5063472975205	4.108904685650152	1.8838107643040964	3.7553327525394096	-0.47568495935823174	2.515432941314373
5.649999999999924	-17.48280764315573	4.10337970693962	1.8754107695051752	3.7385875591328928	-0.4734205634908472	2.503458764193701
5.659999999999924	-17.45934775137607	4.097873449259473	1.8670605706318384	3.721941632740789	-0.4711709166044938	2.491562580021947
5.6699999999999235	-17.43596723021343	4.092385820611106	1.8587598063063426	3.7053942529650072	-0.46893589756023546	2.479743748213648
5.679999999999923	-17.41266569023395	4.086916729590725	1.8505081181981573	3.6889447054820064	-0.46671538641363103	2.4680016344998568
5.689999999999923	-17.38944274451807	4.081466085384661	1.8423051509952517	3.6725922819855534	-0.46450926440105145	2.456335610855787
5.699999999999923	-17.366298008640552	4.076033797764688	1.8341505523756796	3.656336280130078	-0.4623174139261801	2.4447450554294283
5.709999999999923	-17.343231100650904	4.070619777083427	1.826043972979445	3.64017600347459	-0.4601397185466843	2.433229352471062
5.7199999999999225	-17.320241641053823	4.065223934269753	1.8179850663806565	3.624110761427166	-0.4579760629610603	2.421787892263701
5.729999999999922	-17.297329252789915	4.059846180824272	1.8099734890599692	3.608139869190019	-0.4558263329956497	2.4104200710544283
5.739999999999922	-17.274493561216566	4.054486428814835	1.8020089003773012	3.5922626477051014	-0.4536904155918221	2.399125290986622
5.749999999999922	-17.251734194088964	4.049144590872075	1.794090962544825	3.5764784236002707	-0.4515681987933229	2.3879029600330477
5.759999999999922	-17.229050781541318	4.043820580185004	1.786219340600241	3.560786529136007	-0.44945957173378553	2.376752491929824
5.769999999999921	-17.20644295606826	4.038514310496652	1.7783937023803125	3.545186302152657	-0.4473644246244005	2.3656733061112165
5.779999999999921	-17.1839103525064	4.033225696099727	1.7706137184946784	3.5296770860182307	-0.44528264874174833	2.354664827645297
5.789999999999921	-17.161452608016017	4.02795465183233	1.762879062299924	3.5142582295767117	-0.44321413641578283	2.3437264871703984
5.799999999999921	-17.139069362063026	4.022701093073711	1.7551894098739138	3.4989290870968897	-0.441158781017971	2.3328577208324015
5.809999999999921	-17.116760256400962	4.017464935740051	1.7475444399903928	3.483689018221729	-0.4391164769495847	2.3220579702228172
5.81999999999992	-17.09452493505324	4.01224609628029	1.7399438340938342	3.468537387918228	-0.43708711963013946	2.311326682317652
5.82999999999992	-17.072363044295543	4.007044491671996	1.7323872762745496	3.4534735664278036	-0.43507060548598336	2.3006633094170663
5.83999999999992	-17.050274232638348	4.0018600394172665	1.724874453244044	3.438496929217159	-0.4330668319390289	2.290067309085789
5.84999999999992	-17.028258150809627	3.9966926575386674	1.717405054310627	3.4236068569296663	-0.43107569739562823	2.2795381440942863
5.8599999999999195	-17.00631445173773	3.9915422645752083	1.709978771355263	3.4088027353372277	-0.4290971012355912	2.269075282360693
5.869999999999919	-16.984442790534377	3.9864087795783614	1.70259529880767	3.394083955292622	-0.42713094380134004	2.258678196893458
5.879999999999919	-16.96264282447784	3.9812921221081075	1.6952543336226593	3.3794499126823467	-0.4251771263872031	2.2483463657347342
5.889999999999919	-16.940914212996248	3.976192212229019	1.6879555752567095	3.364900008379911	-0.4232355512288423	2.2380792719044655
5.899999999999919	-16.91925661765106	3.9711089705063807	1.680698725644783	3.350433648199626	-0.42130612149281543	2.2278764033451965
5.909999999999918	-16.897669702120712	3.966042318002351	1.6734834891773704	3.336050242850841	-0.4193887412662681	2.2177372528675585
5.919999999999918	-16.87615313218435	3.960992176272148	1.6663095726777677	3.3217492078926436	-0.4174833155467563	2.207661318096457
5.929999999999918	-16.854706575705748	3.955958467360269	1.6591766853795868	3.3075299636890327	-0.41558975023219735	2.197648101417927
5.939999999999918	-16.833329702617387	3.9509411137967554	1.652084538904482	3.2933919353645122	-0.41370795211094513	2.187697109926652
5.949999999999918	-16.812022184904635	3.945940038593483	1.6450328472401112	3.27933455276016	-0.4118378288519907	2.1778078553741453
5.959999999999917	-16.790783696590093	3.940955165240485	1.6380213267183115	3.2653572503901183	-0.40997928899528496	2.167979854117577
5.969999999999917	-16.769613913718075	3.935986417702307	1.6310496959934975	3.2514594673985364	-0.40813224194218234	2.1582126270692377
5.979999999999917	-16.748512514339236	3.9310337204144057	1.624117676021273	3.237640647516929	-0.4062965979460035	2.1485056996466345
5.989999999999917	-16.72747917849534	3.926096998279568	1.617224990037263	3.223900239021979	-0.40447226810271514	2.138858601723207
5.9999999999999165	-16.70651358820411	3.9211761766643556	1.6103713635361496	3.210237694693748	-0.4026591643417259	2.129270867579655
6.009999999999916	-16.685615427444304	3.9162711813956053	1.603556524250926	3.196652471774318	-0.4008571994167968	2.1197420358558707
6.019999999999916	-16.664784382140855	3.9113819387569393	1.5967802021323518	3.1831440319268376	-0.3990662868970631	2.1102716495034657
6.029999999999916	-16.644020140150168	3.906508375485314	1.590042129328622	3.169711841194989	-0.397286341158169	2.100859255738889
6.039999999999916	-16.623322391245537	3.901650418767599	1.583342040165228	3.156355369962847	-0.39551727737350995	2.091504405997116
6.0499999999999154	-16.6026908271027	3.8968079962371824	1.5766796711250308	3.1430740929151497	-0.3937590115055845	2.082206655885918
6.059999999999915	-16.582125141285534	3.891981035970621	1.5700547608285254	3.12986748899796	-0.3920114602974521	2.072965565140689
6.069999999999915	-16.56162502923184	3.8871694664842953	1.5634670500143084	3.116735041379727	-0.3902745412642957	2.0637806975798307
6.079999999999915	-16.541190188239288	3.882373216731115	1.5569162815197355	3.103676237412726	-0.38854817268508846	2.054651621060685
6.089999999999915	-16.52082031745147	3.8775922160972476	1.5504022002617748	3.0906905685948924	-0.38683227359436173	2.045577907436002
6.099999999999914	-16.50051511784407	3.8728263943988672	1.5439245532180508	3.0777775305320314	-0.38512676377407595	2.0365591325109555
6.109999999999914	-16.480274292211195	3.8680756818789503	1.5374830894080735	3.0649366229003983	-0.3834315637455882	2.027594876000663
6.119999999999914	-16.460097545151758	3.863340009204077	1.531077559874664	3.052167349409673	-0.3817465947617202	2.018684721488246
6.129999999999914	-16.439984583056045	3.8586193074612822	1.5247077176655486	3.0394692177662668	-0.38007177879892146	2.009828256383386
6.1399999999999135	-16.419935114092358	3.853913508154915	1.518373317815157	3.0268417396370375	-0.3784070385495283	2.0010250718813887
6.149999999999913	-16.39994884819379	3.84922254320354	1.5120741173265806	3.0142844306133245	-0.376752297414118	1.9922747629227566
6.159999999999913	-16.380025497045132	3.844546344936859	1.5058098751537239	3.001796810175368	-0.3751074794939538	1.9835769281532334
6.169999999999913	-16.360164774069858	3.8398848460926627	1.4995803521836284	2.9893784016570693	-0.37347250958352357	1.974931169884352
6.179999999999913	-16.340366394417263	3.835237979813804	1.493385311218971	2.977028732211107	-0.3718473131631674	1.9663370940544465
6.1899999999999125	-16.32063007494967	3.8306056796452035	1.4872245169607372	2.9647473327743916	-0.3702318163917948	1.9577943101901423
6.199999999999912	-16.300955534229782	3.8259878795308753	1.481097735991065	2.952533738033869	-0.36862594609968985	1.949302431368309
6.209999999999912	-16.281342492508145	3.8213845138109854	1.4750047367562622	2.9403874863926616	-0.3670296297814033	1.9408610741784722
6.219999999999912	-16.261790671710706	3.8167955172189343	1.4689452895499842	2.928308119936538	-0.36544279558872966	1.9324698586856799
6.229999999999912	-16.24229979542646	3.812220824878454	1.4629191664965846	2.9162951844007208	-0.3638653723237688	1.924128408393807
6.239999999999911	-16.22286958889524	3.807660372300742	1.456926141534632	2.9043482291370264	-0.36229728943207223	1.9158363502093172
6.249999999999911	-16.2034997789956	3.8031140953816247	1.4509659904005803	2.892466807081315	-0.36073847699586914	1.90759331440544
6.259999999999911	-16.18419009423281	3.798581930398728	1.4450384906126092	2.880650474721275	-0.35918886572737535	1.8993989345867885
6.269999999999911	-16.164940264726912	3.794063814008682	1.4391434214546202	2.8688987920645195	-0.3576483869621816	1.8912528476543962
6.2799999999999105	-16.145750022200946	3.789559683244358	1.433280563960391	2.857211322607	-0.35611697265272085	1.883154693771173
6.28999999999991	-16.126619099969233	3.785069475512113	1.4274497008978837	2.845587633301724	-0.35459455536181334	1.8751041163277702
6.29999999999991	-16.107547232925743	3.780593128589064	1.4216506167537128	2.8340272945277913	-0.3530810682562888	1.8671007619088553
6.30999999999991	-16.08853415753265	3.776130580620398	1.4158830977177628	2.822529880059731	-0.3515764451006843	1.8591442802597864
6.31999999999991	-16.069579611808848	3.771681770116683	1.4101469316679518	2.8110949670371284	-0.350080620251016	1.8512343242536753
6.3299999999999095	-16.0506833353187	3.7672466359512184	1.4044419081551542	2.7997221359345676	-0.3485935286486269	1.843370549858857
6.339999999999909	-16.031845069160802	3.762825117357407	1.3987678183882695	2.788410970531867	-0.34711510581410504	1.835552616106726
6.349999999999909	-16.01306455595686	3.758417153926137	1.3931244552194277	2.777161057884588	-0.3456452878412751	1.8277801850599669
6.359999999999909	-15.994341539840677	3.7540226856032	1.3875116131293552	2.765971988294858	-0.34418401139126026	1.82005292178115
6.369999999999909	-15.975675766447239	3.7496416526867304	1.3819290882128683	2.754843355282457	-0.34273121368661436	1.8123704943017054
6.379999999999908	-15.957066982901827	3.745273995824649	1.3763766781645248	2.7437747555562124	-0.3412868325055228	1.8047325735912547
6.389999999999908	-15.938514937809344	3.740919656012158	1.3708541822644	2.7327657889856423	-0.33985080617607205	1.7971388335273084
6.399999999999908	-15.9200193812436	3.736578574589224	1.3653614013640136	2.7218160585729043	-0.3384230735705859	1.7895889508653176
6.409999999999908	-15.901580064736809	3.7322506932381168	1.3598981378723898	2.7109251704250035	-0.3370035741000284	1.7820826052090752
6.419999999999908	-15.883196741269048	3.7279359539809334	1.3544641957422507	2.700092733726271	-0.33559224770847246	1.7746194789814649
6.429999999999907	-15.864869165257934	3.723634299177173	1.3490593804563507	2.6893183607111215	-0.33418903486763285	1.7671992573955535
6.439999999999907	-15.846597092548306	3.719345671521319	1.3436834990139377	2.6786016666370647	-0.3327938765714624	1.7598216284260149
6.449999999999907	-15.82838028040201	3.7150700140404394	1.3383363599173523	2.6679422697579898	-0.33140671433081315	1.7524862827808967
6.459999999999907	-15.810218487487766	3.7108072700918076	1.3330177731587514	2.6573397912976993	-0.33002749016815713	1.7451929138737057
6.4699999999999065	-15.792111473871165	3.7065573833605576	1.3277275502069636	2.646793855423709	-0.32865614661237014	1.7379412177958231
6.479999999999906	-15.77405900100469	3.7023202978573395	1.322465503994477	2.6363040892213023	-0.3272926266935759	1.7307308932892407
6.489999999999906	-15.756060831717841	3.6980959579160007	1.3172314489045436	2.6258701226678287	-0.3259368739380494	1.7235616417196091
6.499999999999906	-15.73811673020737	3.693884308191298	1.3120252007584168	2.6154915886072594	-0.3245888323631791	1.716433167049599
6.509999999999906	-15.720226462027561	3.689685293656612	1.3068465768027118	2.6051681227249905	-0.323248446472489	1.7093451758125757
6.519999999999905	-15.70238979408061	3.6854988596016907	1.301695395696883	2.594899363522881	-0.3219156612507159	1.70229737708657
6.529999999999905	-15.684606494607067	3.6813249516304083	1.29657147750083	2.584684952294543	-0.3205904221589448	1.695289482468552
6.539999999999905	-15.666876333176415	3.6771635156585503	1.2914746436626188	2.574524533100869	-0.31927267512980007	1.688321206049004
6.549999999999905	-15.649199080677636	3.6730144979116024	1.2864047170063233	2.5644177527457876	-0.31796236656269167	1.6813922643867791
6.559999999999905	-15.631574509309933	3.6688778449225694	1.2813615217199847	2.554364260752267	-0.3166594433191163	1.6745023764842575
6.569999999999904	-15.614002392573491	3.6647535035298118	1.276344883343686	2.544363709338537	-0.31536385271801193	1.667651263762779
6.579999999999904	-15.596482505260331	3.6606414208748936	1.2713546287577404	2.534415753394547	-0.3140755425311657	1.6608386500383596
6.589999999999904	-15.579014623445222	3.6565415444004534	1.2663905861710012	2.524520050458659	-0.3127944609786747	1.6540642614976884
6.599999999999904	-15.5615985244767	3.6524538218480944	1.2614525851092713	2.514676260694542	-0.3115205567244581	1.6473278266743965
6.6099999999999035	-15.544233986968122	3.6483782012562846	1.2565404564038363	2.504884046868318	-0.31025377887182065	1.6406290764255957
6.619999999999903	-15.52692079078882	3.6443146309582826	1.2516540321801022	2.4951430743259033	-0.30899407695906633	1.6339677439086837
6.629999999999903	-15.509658717055322	3.6402630595800742	1.2467931458463446	2.485453010970589	-0.30774140095516284	1.6273435645584178
6.639999999999903	-15.492447548122641	3.63622343603833	1.2419576320825607	2.4758135272408093	-0.3064957012554539	1.6207562760642416
6.649999999999903	-15.475287067575659	3.632195709538383	1.2371473268294362	2.4662242960881544	-0.3052569286774213	1.6142056183478737
6.659999999999902	-15.45817706022053	3.6281798295722085	1.2323620672774145	2.456684992955577	-0.30402503445649487	1.6076913335411525
6.669999999999902	-15.44111731207621	3.6241757459164408	1.2276016918558676	2.447195295755804	-0.30279997024190936	1.6012131659641253
6.679999999999902	-15.424107610366024	3.6201834086303863	1.2228660402223757	2.4377548848499675	-0.30158168809260727	1.5947708621033851
6.689999999999902	-15.407147743509316	3.616202768054074	1.2181549532521068	2.4283634430264316	-0.3003701404731908	1.5883641705906606
6.699999999999902	-15.390237501113152	3.6122337748062985	1.2134682730272985	2.4190206554798266	-0.2991652802499158	1.5819928421816345
6.709999999999901	-15.373376673964108	3.6082763797826973	1.2088058428268387	2.4097262097902754	-0.297967060686733	1.575656629735011
6.719999999999901	-15.35656505402014	3.604330534153842	1.2041675071159503	2.400479795902835	-0.29677543544137375	1.569355288191813
6.729999999999901	-15.339802434402442	3.6003961893633276	1.1995531115359694	2.3912811061071126	-0.2955903585614782	1.5630885745549108
6.739999999999901	-15.323088609387488	3.5964732971259044	1.194962502894222	2.3821298350170923	-0.29441178448076794	1.556856247868783
6.7499999999999005	-15.30642337439904	3.592561809425601	1.1903955291539992	2.373025679551147	-0.2932396680152617	1.5506580691995033
6.7599999999999	-15.289806526000282	3.588661678513879	1.1858520394246286	2.3639683389122457	-0.29207396435953237	1.5444938016149488
6.7699999999999	-15.273237861885967	3.584772856907792	1.1813318839516356	2.354957514568341	-0.2909146290830065	1.5383632101652311
6.7799999999999	-15.256717180874688	3.5808952973881656	1.176834914107	2.345992910232947	-0.2897616181263042	1.5322660618633417
6.7899999999999	-15.240244282901147	3.577028952997791	1.1723609823795096	2.337074231845908	-0.2886148877976214	1.5262021256660219
6.7999999999998995	-15.223818969008562	3.573173777039636	1.1679099423651993	2.3282011875543405	-0.2874743947691503	1.5201711724548332
6.809999999999899	-15.207441041341028	3.5693297230750547	1.1634816487578834	2.319373487693756	-0.2863400960735412	1.5141729750174486
6.819999999999899	-15.191110303136075	3.5654967449220414	1.1590759573397797	2.3105908447693757	-0.2852119491004022	1.508207308029141
6.829999999999899	-15.174826558717154	3.5616747966534663	1.1546927249722168	2.301852973437602	-0.28408991159283875	1.5022739480344853
6.839999999999899	-15.158589613486289	3.5578638325953498	1.1503318095864357	2.293159590487682	-0.2829739416440306	1.496372673429259
6.849999999999898	-15.142399273916721	3.5540638073251394	1.1459930701744738	2.2845104148235365	-0.2818639976938473	1.490503264442541
6.859999999999898	-15.126255347545628	3.5502746756699954	1.141676366780139	2.2759051674457664	-0.28076003852549986	1.4846655031190095
6.869999999999898	-15.110157642966927	3.546496392705108	1.137381560490063	2.2673435714338157	-0.2796620232622311	1.4788591733014376
6.879999999999898	-15.094105969824119	3.542728913752011	1.133108513424845	2.258825351928322	-0.2785699113640401	1.4730840606133735
6.8899999999998975	-15.078100138803158	3.5389721943769152	1.128857088730278	2.250350236113618	-0.2774836626244448	1.4673399524420208
6.899999999999897	-15.06213996162543	3.535226190389055	1.1246271505686518	2.2419179532004034	-0.2764032371672784	1.4616266379212974
6.909999999999897	-15.046225251040772	3.5314908578390534	1.1204185641101463	2.2335282344085807	-0.2753285954435217	1.455943907915086
6.919999999999897	-15.030355820820516	3.527766153017286	1.1162311955243003	2.225180812950253	-0.27425969822816987	1.4502915550006639
6.929999999999897	-15.014531485750636	3.5240520324522757	1.112064911971561	2.216875424012873	-0.2731965066171337	1.4446693734523182
6.9399999999998965	-14.998752061624904	3.5203484529090856	1.1079195815949159	2.2086118047425676	-0.2721389820241742	1.4390771592251346
6.949999999999896	-14.983017365238146	3.516655371387734	1.1037950735115971	2.2003896942275967	-0.2710870861778703	1.4335147099389633
6.959999999999896	-14.967327214379509	3.5129727451216173	1.099691257804873	2.1922088334819896	-0.27004078111862134	1.4279818248625684
6.969999999999896	-14.951681427825799	3.5093005315759433	1.0956080055159043	2.184068965429314	-0.26900002919567934	1.4224783048979333
6.979999999999896	-14.93607982533491	3.5056386884461923	1.0915451886356884	2.175969834886613	-0.26796479306421567	1.4170039525647509
6.989999999999895	-14.920522227639205	3.5019871736565604	1.087502680097071	2.1679111885484823	-0.2669350356824188	1.4115585719850743
6.999999999999895	-14.905008456439061	3.498345945358444	1.0834803537668367	2.159892774971304	-0.26591072030862284	1.4061419688681347
7.009999999999895	-14.88953833439642	3.4947149619289313	1.0794780844378684	2.1519143445576145	-0.2648918104984684	1.4007539504953261
7.019999999999895	-14.874111685128334	3.4910941819692827	1.0754957478213876	2.143975649540639	-0.2638782701020927	1.3953943257053478
7.0299999999998946	-14.858728333200677	3.4874835643034543	1.0715332205392598	2.1360764439689457	-0.26287006326135104	1.3900629048795103
7.039999999999894	-14.843388104121805	3.4838830679766133	1.0675903801163749	2.128216483691266	-0.2618671544070677	1.3847594999271997
7.049999999999894	-14.828090824336323	3.4802926522536732	1.063667104973098	2.1203955263414365	-0.2608695082563159	1.379483924271492
7.059999999999894	-14.812836321218871	3.476712276617835	1.0597632744177898	2.112613331323495	-0.25987708980972835	1.374235992834933
7.069999999999894	-14.797624423067974	3.473141900769144	1.0558787686393996	2.1048696597969085	-0.2588898643488351	1.3690155220254598
7.0799999999998935	-14.782454959099942	3.4695814846230606	1.0520134687001197	2.0971642746619383	-0.25790779743343073	1.3638223297224785
7.089999999999893	-14.767327759442802	3.4660309883090297	1.0481672565281173	2.0894969405451422	-0.25693085489896994	1.3586562352630924
7.099999999999893	-14.752242655130294	3.462490372169079	1.0443400149103255	2.08186742378501	-0.25595900285399	1.3535170594284718
7.109999999999893	-14.737199478095908	3.4589595967564146	1.040531627485309	2.0742754924177387	-0.25499220767756126	1.3484046244303722
7.119999999999893	-14.722198061166962	3.455438622834032	1.036741978736185	2.0667209161631206	-0.2540304360167651	1.343318753897797
7.129999999999892	-14.707238238058727	3.451927411373339	1.032970953983623	2.05920346641059	-0.2530736547841984	1.3382592728638019
7.139999999999892	-14.692319843368633	3.448425923552793	1.0292184393788963	2.051722916205369	-0.25212183115550396	1.3332260077524358
7.149999999999892	-14.677442712570436	3.4449341207565354	1.0254843218970096	2.0442790402347697	-0.2511749325669284	1.3282187863658261
7.159999999999892	-14.662606682008516	3.4414519645730492	1.0217684893298782	2.0368716148145976	-0.25023292671290454	1.3232374378713954
7.169999999999892	-14.647811588892191	3.4379794167938273	1.0180708302795778	2.029500417875691	-0.2492957815436607	1.3182817927892174
7.179999999999891	-14.633057271290063	3.434516439412044	1.0143912341516566	2.022165228950595	-0.24836346526285377	1.3133516829795033
7.189999999999891	-14.6183435681244	3.431062994621238	1.0107295911485032	2.0148658291603363	-0.247435946325229	1.3084469416302247
7.199999999999891	-14.603670319165593	3.4276190448140107	1.0070857922627827	2.007602001201339	-0.2465131934343029	1.3035674032448612
7.209999999999891	-14.589037365026629	3.4241845525807277	1.0034597292709255	2.0003735293324447	-0.24559517554007118	1.2987129036302802
7.2199999999998905	-14.574444547157631	3.420759480708238	0.9998512947266831	1.993180199362067	-0.24468186183674134	1.2938832798847466
7.22999999999989	-14.559891707840409	3.4173437921785976	0.9962603819547368	1.9860217986354507	-0.24377322176048782	1.289078370386052
7.23999999999989	-14.545378690183083	3.413937450167803	0.9926868850443693	1.978898116022055	-0.24286922498723199	1.2842980147797753
7.24999999999989	-14.530905338114717	3.410540418044534	0.9891306988431937	1.971808941903052	-0.24196984143044437	1.2795420539676607
7.25999999999989	-14.516471496380037	3.4071526593689163	0.9855917189509353	1.9647540681589337	-0.2410750412389702	1.2748103300961193
7.269999999999889	-14.502077010534132	3.403774137891272	0.9820698417132778	1.9577332881572418	-0.24018479479487828	1.270102686544854
7.279999999999889	-14.487721726937258	3.400404817550907	0.9785649642157581	1.9507463967403982	-0.23929907271133133	1.2654189679155967
7.289999999999889	-14.473405492749626	3.3970446624748813	0.9750769842777224	1.9437931902136563	-0.23841784583047915	1.2607590200209693
7.299999999999889	-14.459128155926262	3.393693636976808	0.9716058004463347	1.9368734663331575	-0.23754108522137318	1.2561226898734543
7.309999999999889	-14.444889565211913	3.3903517055556525	0.9681513119906408	1.9299870242940977	-0.23666876217790378	1.2515098256744874
7.319999999999888	-14.430689570135948	3.3870188328945408	0.9647134188956846	1.923133664718999	-0.23580084821675745	1.246920276803656
7.329999999999888	-14.416528021007355	3.3836949838595802	0.961292021856681	1.916313189646091	-0.2349373150753964	1.2423538938080136
7.339999999999888	-14.40240476890975	3.3803801234986937	0.9578870222732384	1.909525402517797	-0.23407813471005856	1.2378105283915053
7.349999999999888	-14.388319665696375	3.37707421704044	0.9544983222436365	1.9027701081693245	-0.23322327929377853	1.233290033404502
7.3599999999998875	-14.374272563985258	3.3737772298928816	0.9511258245591532	1.8960471128173566	-0.23237272121442826	1.228792262833439
7.369999999999887	-14.360263317154262	3.370489127642422	0.9477694326984463	1.8893562240488524	-0.23152643307277918	1.2243170717905691
7.379999999999887	-14.346291779336287	3.3672098760526774	0.9444290508219826	1.8826972508099418	-0.2306843876805828	1.219864316503813
7.389999999999887	-14.332357805414434	3.3639394410633443	0.9411045837665194	1.8760700033949227	-0.22984655805867255	1.2154338543067207
7.399999999999887	-14.318461251017263	3.360677788789085	0.9377959370396353	1.869474293435361	-0.229012917435084	1.2110255436285324
7.4099999999998865	-14.304601972514032	3.3574248855184115	0.9345030168143114	1.862909933889286	-0.2281834392431946	1.2066392439843403
7.419999999999886	-14.290779827010022	3.3541806977125854	0.9312257299235588	1.856376739030482	-0.22735809711988347	1.202274815965359
7.429999999999886	-14.276994672341855	3.3509451920045237	0.9279639838550976	1.84987452443788	-0.22653686490370817	1.197932121229282
7.439999999999886	-14.263246367072874	3.3477183351977087	0.9247176867460822	1.8434031069850432	-0.22571971663310175	1.1936110224907501
7.449999999999886	-14.24953477048856	3.3445000942651184	0.9214867473778747	1.8369623048297476	-0.22490662654458782	1.189311383511911
7.459999999999885	-14.235859742591948	3.341290436348144	0.9182710751708626	1.830551937403652	-0.22409756907101297	1.1850330690930728
7.469999999999885	-14.222221144099123	3.338089328755539	0.9150705801793292	1.8241718254020711	-0.22329251883979867	1.1807759450634603
7.479999999999885	-14.20861883643473	3.334896738962362	0.9118851730863626	1.8178217907738277	-0.22249145067120926	1.1765398782720553
7.489999999999885	-14.1950526817275	3.3317126346089263	0.9087147651988171	1.8115016567112077	-0.22169433957663895	1.1723247365785394
7.4999999999998845	-14.181522542805837	3.328536983499766	0.905559268442314	1.8052112476399942	-0.22090116075691565	1.1681303888443233
