0	92.5029	3.	0.	0	-9.758811	2.3761234062185843
0.01	92.51638954343727	2.993333333333333	0.	0	-9.801794892651346	2.386589336281094
0.02	92.52785356541523	2.986666666666667	0.	0	-9.846047424927436	2.3973641609729195
0.03	92.53729199476778	2.98	0.	0	-9.891504907787107	2.4084323729723778
0.04	92.54470490350731	2.973333333333333	0.	0	-9.938123866904881	2.4197833869364036
0.05	92.55009257149655	2.966666666666667	0.	0	-9.985870348673132	2.431408935673246
0.060000000000000005	92.55345550791591	2.96	0.	0	-10.034716348575015	2.4433022005051006
0.07	92.5547944617197	2.953333333333333	0.	0	-10.08463803841446	2.455457379625332
0.08	92.5541104275616	2.9466666666666668	0.	0	-10.135614724723455	2.4678694344863463
0.09	92.55140464941827	2.94	0.	0	-10.187628171667168	2.480533924937187
0.09999999999999999	92.5466786228787	2.933333333333333	0.	0	-10.240662129611772	2.493446894436913
0.10999999999999999	92.53993409658243	2.9266666666666667	0.	0	-10.294701990013705	2.5066047860253264
0.11999999999999998	92.53117307307355	2.92	0.	0	-10.349734522885367	2.520004378399833
0.12999999999999998	92.52039780922867	2.913333333333333	0.	0	-10.405747670886845	2.533642735779876
0.13999999999999999	92.50761081635828	2.9066666666666667	0.	0	-10.462730383749953	2.5475171675916886
0.15	92.4928148600474	2.9	0.	0	-10.520672482328376	2.561625195366549
0.16	92.47601295977915	2.893333333333333	0.	0	-10.579564544971454	2.5759645250745136
0.17	92.45720838837438	2.8866666666666667	0.	0	-10.639397811082883	2.59053302364241
0.18000000000000002	92.43640467126896	2.88	0.	0	-10.700164098150783	2.6053286987519115
0.19000000000000003	92.41360558564699	2.873333333333333	0.	0	-10.76185572950351	2.6203496812491673
0.20000000000000004	92.38881515944229	2.8666666666666667	0.	0	-10.824465470720448	2.6355942096617837
0.21000000000000005	92.36203767021864	2.86	0.	0	-10.887986473108302	2.651060616436159
0.22000000000000006	92.3332776439374	2.853333333333333	0.	0	-10.952412223004064	2.6667473155935157
0.23000000000000007	92.30253985361836	2.8466666666666667	0.	0	-11.017736495925387	2.68265279156621
0.24000000000000007	92.2698293179001	2.84	0.	0	-11.083953314784907	2.698775589023548
0.25000000000000006	92.23515129950395	2.833333333333333	0.	0	-11.151056911534539	2.7151143035327494
0.26000000000000006	92.19851130360625	2.8266666666666667	0.	0	-11.219041691721618	2.731667572928903
0.2700000000000001	92.15991507612155	2.82	0.	0	-11.287902201529494	2.748434069289847
0.2800000000000001	92.11936860190075	2.813333333333333	0.	0	-11.357633096947225	2.765412491429455
0.2900000000000001	92.07687810284654	2.8066666666666666	0.	0	-11.428229114770497	2.782601557836797
0.3000000000000001	92.03245003594904	2.8	0.	0	-11.499685045182522	2.8000000000000016
0.3100000000000001	91.98609109124355	2.7899999999999996	0.	0	-11.571995705701719	2.9300000000000015
0.3200000000000001	91.93780818969344	2.78	0.	0	-11.645155916314005	3.0600000000000014
0.3300000000000001	91.88760848099977	2.7699999999999996	0.	0	-11.719160475633636	3.1900000000000013
0.34000000000000014	91.83549934134	2.76	0.	0	-11.794004137957963	3.3200000000000016
0.35000000000000014	91.78148837103751	2.75	0.	0	-11.869681591099773	3.4500000000000015
0.36000000000000015	91.72558339216451	2.7399999999999998	0.	0	-11.946187434896279	3.580000000000002
0.37000000000000016	91.66779244607929	2.73	0.	0	-12.0235161603068	3.7100000000000017
0.38000000000000017	91.60812379090073	2.7199999999999998	0.	0	-12.10166212902275	3.8400000000000016
0.3900000000000002	91.54658589892108	2.71	0.	0	-12.180619553523005	3.970000000000002
0.4000000000000002	91.48318745395923	2.7000000000000006	0.	0	-12.260382477516382	4.1
0.4100000000000002	91.41793734865662	2.730000000000001	0.	0	-12.340944756720369	4.109999999999999
0.4200000000000002	91.35084468171652	2.7600000000000007	0.	0	-12.422300039931743	4.12
0.4300000000000002	91.28191875508995	2.790000000000001	0.	0	-12.50444175035063	4.13
0.4400000000000002	91.21116907110866	2.8200000000000007	0.	0	-12.587363067124613	4.14
0.45000000000000023	91.13860532956805	2.8500000000000005	0.	0	-12.671056907084392	4.15
0.46000000000000024	91.06423742476098	2.880000000000001	0.	0	-12.755515906646552	4.16
0.47000000000000025	90.98807544246486	2.9100000000000006	0.	0	-12.840732403862978	4.17
0.48000000000000026	90.91012965688363	2.940000000000001	0.	0	-12.926698420599996	4.180000000000001
0.49000000000000027	90.83041052754616	2.9700000000000006	0.	0	-13.013405644833641	4.19
0.5000000000000002	90.74892869616328	3.0000000000000004	0.	0	-13.100845413050461	4.2
0.5100000000000002	90.66569498344498	3.019672131147541	0.	0	-13.189008692746297	4.200819672131148
0.5200000000000002	90.58072038587957	3.0393442622950824	0.	0	-13.277886065018052	4.201639344262295
0.5300000000000002	90.49401607247691	3.0590163934426235	0.	0	-13.367467707246142	4.202459016393443
0.5400000000000003	90.40559338147676	3.0786885245901643	0.	0	-13.457743375867864	4.20327868852459
0.5500000000000003	90.31546381702512	3.0983606557377055	0.	0	-13.548702389244161	4.204098360655738
0.5600000000000003	90.2236390458193	3.118032786885246	0.	0	-13.640333610624705	4.204918032786885
0.5700000000000003	90.13013089372421	3.1377049180327874	0.	0	-13.732625431218416	4.205737704918033
0.5800000000000003	90.03495134236128	3.1573770491803286	0.	0	-13.825565753378722	4.20655737704918
0.5900000000000003	89.93811252567201	3.1770491803278693	0.	0	-13.919141973915009	4.207377049180328
0.6000000000000003	89.83962672645784	3.1967213114754105	0.	0	-14.013340967543833	4.2081967213114755
0.6100000000000003	89.73950637289782	3.2163934426229512	0.	0	-14.108149070495555	4.2090163934426235
0.6200000000000003	89.63776403504657	3.2360655737704924	0.	0	-14.203552064294039	4.2098360655737705
0.6300000000000003	89.53441242131335	3.2557377049180336	0.	0	-14.299535159729151	4.2106557377049185
0.6400000000000003	89.42946437492478	3.2754098360655743	0.	0	-14.396082981043763	4.211475409836066
0.6500000000000004	89.32293287037243	3.2950819672131155	0.	0	-14.493179550358965	4.212295081967214
0.6600000000000004	89.21483100984717	3.3147540983606563	0.	0	-14.590808272363107	4.213114754098361
0.6700000000000004	89.10517201966215	3.3344262295081974	0.	0	-14.688951919292279	4.213934426229509
0.6800000000000004	88.99396924666567	3.3540983606557386	0.	0	-14.787592616231759	4.214754098360656
0.6900000000000004	88.8812361546461	3.3737704918032794	0.	0	-14.886711826769837	4.215573770491804
0.7000000000000004	88.76698632073024	3.3934426229508206	0.	0	-14.986290339037259	4.216393442622951
0.7100000000000004	88.65123343177669	3.4131147540983617	0.	0	-15.086308252167466	4.217213114754099
0.7200000000000004	88.53399128076639	3.4327868852459025	0.	0	-15.18674496321454	4.218032786885246
0.7300000000000004	88.41527376319085	3.452459016393443	0.	0	-15.287579154567544	4.218852459016394
0.7400000000000004	88.29509487344113	3.4721311475409844	0.	0	-15.388788781901676	4.219672131147541
0.7500000000000004	88.17346870119769	3.4918032786885256	0.	0	-15.49035106270837	4.220491803278689
0.7600000000000005	88.05040942782401	3.5114754098360663	0.	0	-15.592242465448019	4.221311475409836
0.7700000000000005	87.92593132276409	3.5311475409836075	0.	0	-15.694438699370533	4.222131147540984
0.7800000000000005	87.80004873994672	3.5508196721311487	0.	0	-15.796914705050536	4.222950819672131
0.7900000000000005	87.67277611419712	3.5704918032786894	0.	0	-15.89964464568529	4.223770491803279
0.8000000000000005	87.54412795765751	3.5901639344262306	0.	0	-16.00260189920467	4.224590163934426
0.8100000000000005	87.4141188562186	3.609836065573772	0.	0	-16.105759051243947	4.225409836065574
0.8200000000000005	87.28276346596257	3.6295081967213125	0.	0	-16.209087889030855	4.226229508196721
0.8300000000000005	87.15007650961982	3.6491803278688533	0.	0	-16.31255939623978	4.227049180327869
0.8400000000000005	87.01607277303988	3.6688524590163945	0.	0	-16.416143748866336	4.227868852459016
0.8500000000000005	86.880767101679	3.6885245901639356	0.	0	-16.519810312176524	4.228688524590164
0.8600000000000005	86.74417439710435	3.7081967213114764	0.	0	-16.62352763878508	4.229508196721311
0.8700000000000006	86.60630961351754	3.7278688524590176	0.	0	-16.72726346791799	4.230327868852459
0.8800000000000006	86.46718775429729	3.7475409836065587	0.	0	-16.830984725914167	4.231147540983606
0.8900000000000006	86.32682386856388	3.7672131147540995	0.	0	-16.934657528021486	4.231967213114754
0.9000000000000006	86.18523304776522	3.7868852459016407	0.	0	-17.038247181541855	4.232786885245901
0.9100000000000006	86.04243042228701	3.806557377049182	0.	0	-17.14171819037968	4.233606557377049
0.9200000000000006	85.89843115808684	3.8262295081967226	0.	0	-17.245034261047287	4.2344262295081965
0.9300000000000006	85.75325045335443	3.8459016393442633	0.	0	-17.34815831018001	4.2352459016393444
0.9400000000000006	85.6069035351984	3.8655737704918045	0.	0	-17.451052473612137	4.2360655737704915
0.9500000000000006	85.459405656361	3.8852459016393457	0.	0	-17.553678117063917	4.2368852459016395
0.9600000000000006	85.31077209196147	3.9049180327868864	0.	0	-17.655995848487446	4.237704918032787
0.9700000000000006	85.16101813626919	3.9245901639344276	0.	0	-17.75796553211772	4.238524590163935
0.9800000000000006	85.01015909950783	3.944262295081969	0.	0	-17.859546304272357	4.239344262295082
0.9900000000000007	84.85821030469083	3.9639344262295095	0.	0	-17.96069659094119	4.24016393442623
1.0000000000000007	84.70518708448958	3.9836065573770503	0.	0	-18.061374127203504	4.240983606557377
1.0100000000000007	84.55110477813507	4.003278688524592	0.	0	-18.161535978507846	4.241803278688525
1.0200000000000007	84.3959787283536	4.022950819672133	0.	0	-18.261138563845318	4.242622950819672
1.0300000000000007	84.23982427833761	4.042622950819673	0.	0	-18.360137680843476	4.24344262295082
1.0400000000000007	84.0826567687522	4.062295081967214	0.	0	-18.458488532803653	4.244262295081968
1.0500000000000007	83.9244915347783	4.081967213114756	0.	0	-18.5561457576999	4.245081967213115
1.0600000000000007	83.76534390319286	4.1016393442622965	0.	0	-18.65306345915265	4.245901639344263
1.0700000000000007	83.6052291894871	4.121311475409838	0.	0	-18.749195239385244	4.24672131147541
1.0800000000000007	83.44416269502302	4.140983606557379	0.	0	-18.84449423416548	4.247540983606558
1.0900000000000007	83.28215970422923	4.16065573770492	0.	0	-18.938913149728894	4.248360655737705
1.1000000000000008	83.11923548183633	4.18032786885246	0.	0	-19.032404301673893	4.249180327868853
1.1100000000000008	82.95540527015262	4.200000000000002	0.	0	-19.12491965581279	4.25
1.1200000000000008	82.7906842863803	4.219672131147543	0.	0	-19.216410870955716	4.250819672131148
1.1300000000000008	82.6250877199732	4.239344262295083	0.	0	-19.30682934359777	4.251639344262295
1.1400000000000008	82.45863073003585	4.259016393442625	0.	0	-19.396126254472346	4.252459016393443
1.1500000000000008	82.29132844276494	4.278688524590166	0.	0	-19.48425261692642	4.25327868852459
1.1600000000000008	82.12319594893287	4.2983606557377065	0.	0	-19.57115932706582	4.254098360655738
1.1700000000000008	81.9542483014145	4.318032786885247	0.	0	-19.65679721561111	4.254918032786885
1.1800000000000008	81.78450051275678	4.337704918032789	0.	0	-19.74111710139678	4.255737704918033
1.1900000000000008	81.61396755279203	4.35737704918033	0.	0	-19.824069846438626	4.25655737704918
1.2000000000000008	81.44266434629476	4.37704918032787	0.	0	-19.905606412486417	4.257377049180328
1.2100000000000009	81.27060577068269	4.396721311475412	0.	0	-19.98567791897106	4.258196721311475
1.2200000000000009	81.0978066537618	4.416393442622953	0.	0	-20.064235702247693	4.259016393442623
1.2300000000000009	80.92428177151577	4.4360655737704935	0.	0	-20.141231376028394	4.25983606557377
1.2400000000000009	80.75004584594018	4.455737704918035	0.	0	-20.21661689289067	4.260655737704918
1.2500000000000009	80.5751135429212	4.475409836065576	0.	0	-20.29034460674065	4.261475409836065
1.260000000000001	80.3994994701591	4.495081967213117	0.	0	-20.362367336102388	4.262295081967213
1.270000000000001	80.22321817513678	4.514754098360658	0.	0	-20.432638428098343	4.2631147540983605
1.280000000000001	80.04628414313318	4.534426229508199	0.	0	-20.501111822979155	4.2639344262295085
1.290000000000001	79.86871179528174	4.55409836065574	0.	0	-20.56774211905496	4.2647540983606556
1.300000000000001	79.69051548667373	4.57377049180328	0.	0	-20.63248463787446	4.2655737704918035
1.310000000000001	79.51170950450685	4.593442622950822	0.	0	-20.69529548949321	4.266393442622951
1.320000000000001	79.33230806627851	4.613114754098363	0.	0	-20.756131637667245	4.267213114754099
1.330000000000001	79.15232531802432	4.6327868852459035	0.	0	-20.81495096480454	4.268032786885246
1.340000000000001	78.97177533260106	4.652459016393445	0.	0	-20.8717123365029	4.268852459016394
1.350000000000001	78.79067210801485	4.672131147540986	0.	0	-20.926375665500025	4.269672131147541
1.360000000000001	78.60902956579355	4.691803278688527	0.	0	-20.9789019748594	4.270491803278689
1.370000000000001	78.42686154940388	4.711475409836067	0.	0	-21.029253460213916	4.271311475409836
1.380000000000001	78.2441818227128	4.731147540983609	0.	0	-21.07739355088854	4.272131147540984
1.390000000000001	78.06100406849299	4.75081967213115	0.	0	-21.123286969723175	4.272950819672131
1.400000000000001	77.87734188697245	4.7704918032786905	0.	0	-21.166899791417656	4.273770491803279
1.410000000000001	77.69320879442758	4.790163934426232	0.	0	-21.208199499222683	4.274590163934426
1.420000000000001	77.50861822182013	4.809836065573773	0.	0	-21.247155039802287	4.275409836065574
1.430000000000001	77.323583513477	4.829508196721314	0.	0	-21.28373687609741	4.276229508196721
1.440000000000001	77.13811792581342	4.849180327868854	0.	0	-21.317917038023502	4.277049180327869
1.450000000000001	76.95223462609852	4.868852459016396	0.	0	-21.349669170840368	4.277868852459016
1.460000000000001	76.76594669126358	4.888524590163937	0.	0	-21.378968581038137	4.278688524590164
1.470000000000001	76.57926710675221	4.908196721311477	0.	0	-21.405792279589303	4.279508196721311
1.480000000000001	76.39220876541239	4.927868852459019	0.	0	-21.43011902242457	4.280327868852459
1.490000000000001	76.20478446642984	4.94754098360656	0.	0	-21.451929347997815	4.281147540983606
1.500000000000001	76.01700691430268	4.9672131147541005	0.	0	-21.4712056118142	4.281967213114754
1.5100000000000011	75.82888871785656	4.986885245901642	0.	0	-21.48793201780511	4.282786885245901
1.5200000000000011	75.64044238930036	5.006557377049183	0.	0	-21.502094646443147	4.283606557377049
1.5300000000000011	75.45168034332157	5.026229508196724	0.	0	-21.513681479501283	4.284426229508196
1.5400000000000011	75.26261489622155	5.045901639344265	0.	0	-21.522682421371282	4.285245901639344
1.5500000000000012	75.07325826508952	5.065573770491806	0.	0	-21.529089316867882	4.286065573770491
1.5600000000000012	74.8836225670157	5.085245901639347	0.	0	-21.532895965457307	4.286885245901639
1.5700000000000012	74.69371981834232	5.1049180327868875	0.	0	-21.534098131861146	4.287704918032786
1.5800000000000012	74.50356193395268	5.124590163934429	0.	0	-21.532693552998644	4.288524590163934
1.5900000000000012	74.31316072659767	5.14426229508197	0.	0	-21.528681941243878	4.289344262295082
1.6000000000000012	74.12252790625895	5.163934426229511	0.	0	-21.522064983986635	4.2901639344262295
1.6100000000000012	73.93167507954885	5.183606557377052	0.	0	-21.51284633949912	4.290983606557377
1.6200000000000012	73.74061374914605	5.203278688524593	0.	0	-21.501031629123283	4.2918032786885245
1.6300000000000012	73.54935531326696	5.222950819672134	0.	0	-21.486628425806558	4.2926229508196725
1.6400000000000012	73.35791106517188	5.242622950819675	0.	0	-21.469646239026588	4.29344262295082
1.6500000000000012	73.166292192706	5.262295081967216	0.	0	-21.450096496157652	4.2942622950819676
1.6600000000000013	72.97450977787402	5.281967213114757	0.	0	-21.427992520343903	4.295081967213115
1.6700000000000013	72.78257479644877	5.3016393442622975	0.	0	-21.40334950495641	4.295901639344263
1.6800000000000013	72.59049811761238	5.321311475409839	0.	0	-21.376184484721932	4.29672131147541
1.6900000000000013	72.39829050363026	5.34098360655738	0.	0	-21.346516303623	4.297540983606558
1.7000000000000013	72.20596260955695	5.360655737704921	0.	0	-21.31436557967811	4.298360655737705
1.7100000000000013	72.01352498297342	5.380327868852462	0.	0	-21.279754666721825	4.299180327868853
1.7200000000000013	71.82098806375554	5.3999999999999995	0.	0	-21.2427076133127	4.300000000000004
1.7300000000000013	71.62836218387241	5.393939393939394	0.	0	-21.203250118905736	4.3303030303030345
1.7400000000000013	71.43565756721539	5.387878787878788	0.	0	-21.161409487434025	4.360606060606065
1.7500000000000013	71.24288432945572	5.381818181818181	0.	0	-21.117214578450568	4.390909090909095
1.7600000000000013	71.0500524779315	5.375757575757575	0.	0	-21.070695755987987	4.421212121212125
1.7700000000000014	70.85717191156269	5.369696969696969	0.	0	-21.02188483529908	4.451515151515156
1.7800000000000014	70.66425242079409	5.363636363636363	0.	0	-20.970815027645337	4.481818181818186
1.7900000000000014	70.47130368756525	5.357575757575757	0.	0	-20.917520883304977	4.512121212121216
1.8000000000000014	70.27833528530746	5.351515151515151	0.	0	-20.86203823297439	4.5424242424242465
1.8100000000000014	70.08535667896669	5.345454545454545	0.	0	-20.80440412773906	4.572727272727277
1.8200000000000014	69.89237722505207	5.339393939393939	0.	0	-20.744656777791903	4.603030303030307
1.8300000000000014	69.69940617170981	5.333333333333333	0.	0	-20.682835490076496	4.633333333333337
1.8400000000000014	69.50645265882132	5.327272727272726	0.	0	-20.61898060503321	4.663636363636368
1.8500000000000014	69.31352571812565	5.32121212121212	0.	0	-20.553133432624826	4.693939393939399
1.8600000000000014	69.12063427336534	5.3151515151515145	0.	0	-20.48533618781645	4.724242424242429
1.8700000000000014	68.92778714045528	5.309090909090909	0.	0	-20.41563192568219	4.754545454545459
1.8800000000000014	68.73499302767398	5.303030303030303	0.	0	-20.344064476307977	4.78484848484849
1.8900000000000015	68.54226053587686	5.296969696969696	0.	0	-20.27067837965579	4.81515151515152
1.9000000000000015	68.349598158731	5.29090909090909	0.	0	-20.19551882055068	4.84545454545455
1.9100000000000015	68.15701428297072	5.284848484848484	0.	0	-20.118631563946867	4.87575757575758
1.9200000000000015	67.96451718867351	5.278787878787878	0.	0	-20.040062890623567	4.906060606060611
1.9300000000000015	67.77211504955606	5.272727272727272	0.	0	-19.95985953345584	4.936363636363641
1.9400000000000015	67.57981593328945	5.266666666666666	0.	0	-19.87806861439921	4.966666666666671
1.9500000000000015	67.38762780183333	5.26060606060606	0.	0	-19.79473758232015	4.9969696969697015
1.9600000000000015	67.19555851178845	5.254545454545454	0.	0	-19.70991415179773	5.027272727272732
1.9700000000000015	67.00361581476707	5.248484848484848	0.	0	-19.623646243014562	5.057575757575762
1.9800000000000015	66.81180735778085	5.242424242424241	0.	0	-19.53598192284778	5.087878787878793
1.9900000000000015	66.62014068364549	5.236363636363635	0.	0	-19.446969347263007	5.1181818181818235
2.0000000000000013	66.42862323140182	5.23030303030303	0.	0	-19.356656705106875	5.148484848484853
2.010000000000001	66.23726233675309	5.224242424242424	0.	0	-19.26509216338583	5.178787878787882
2.020000000000001	66.04606523251732	5.218181818181818	0.	0	-19.172323814110825	5.2090909090909125
2.0300000000000007	65.85503904909501	5.212121212121212	0.	0	-19.078399622780257	5.239393939393942
2.0400000000000005	65.66419081495114	5.206060606060606	0.	0	-18.98336737856522	5.269696969696971
2.0500000000000003	65.4735274571115	5.199999999999999	0.	0	-18.887274646253832	5.3
2.06	65.28305580167235	5.187179487179487	0.	0	-18.790168720003468	5.294871794871795
2.07	65.09278257432355	5.174358974358975	0.	0	-18.692096578942863	5.28974358974359
2.0799999999999996	64.90271440088422	5.161538461538462	0.	0	-18.59310484465798	5.2846153846153845
2.0899999999999994	64.71285780785084	5.148717948717949	0.	0	-18.49323974058939	5.279487179487179
2.099999999999999	64.52321922295714	5.135897435897437	0.	0	-18.392547053361152	5.274358974358974
2.109999999999999	64.33380497574541	5.123076923076924	0.	0	-18.291072096055583	5.269230769230769
2.1199999999999988	64.14462129814902	5.110256410256412	0.	0	-18.18885967344101	5.264102564102564
2.1299999999999986	63.95567432508528	5.097435897435899	0.	0	-18.085954049154203	5.25897435897436
2.1399999999999983	63.76697009505867	5.084615384615387	0.	0	-17.982398914833183	5.253846153846155
2.149999999999998	63.578514550773896	5.071794871794874	0.	0	-17.878237361190653	5.24871794871795
2.159999999999998	63.390313539758225	5.058974358974361	0.	0	-17.77351185101317	5.2435897435897445
2.1699999999999977	63.20237281499291	5.0461538461538495	0.	0	-17.668264194066353	5.238461538461539
2.1799999999999975	63.014698035553245	5.033333333333337	0.	0	-17.562535523881827	5.233333333333334
2.1899999999999973	62.82729476725685	5.020512820512824	0.	0	-17.456366276397706	5.228205128205129
2.199999999999997	62.640168483319805	5.007692307692311	0.	0	-17.349796170420035	5.223076923076924
2.209999999999997	62.45332456502037	4.994871794871799	0.	0	-17.24286418986958	5.217948717948719
2.2199999999999966	62.26676830236974	4.982051282051287	0.	0	-17.13560856777484	5.212820512820514
2.2299999999999964	62.08050489478972	4.969230769230774	0.	0	-17.028066771969474	5.20769230769231
2.239999999999996	61.894539451796774	4.956410256410261	0.	0	-16.920275492449175	5.2025641025641045
2.249999999999996	61.708876993692115	4.943589743589749	0.	0	-16.812270630341803	5.197435897435899
2.259999999999996	61.523522452257765	4.930769230769236	0.	0	-16.704087288441137	5.192307692307694
2.2699999999999956	61.338480671457845	4.917948717948724	0.	0	-16.595759763254268	5.187179487179489
2.2799999999999954	61.153756408145	4.905128205128211	0.	0	-16.487321538510233	5.182051282051284
2.289999999999995	60.969354332771864	4.892307692307699	0.	0	-16.378805280076737	5.176923076923079
2.299999999999995	60.7852790301066	4.879487179487186	0.	0	-16.270242832230686	5.171794871794874
2.3099999999999947	60.60153499995305	4.866666666666673	0.	0	-16.161665215227778	5.166666666666669
2.3199999999999945	60.41812665787438	4.853846153846161	0.	0	-16.053102624115546	5.161538461538464
2.3299999999999943	60.23505833592066	4.841025641025649	0.	0	-15.944584428734345	5.156410256410259
2.339999999999994	60.052334283359436	4.828205128205136	0.	0	-15.836139174850373	5.151282051282054
2.349999999999994	59.86995866740952	4.815384615384623	0.	0	-15.72779458636524	5.146153846153849
2.3599999999999937	59.6879355739775	4.80256410256411	0.	0	-15.619577568546715	5.141025641025644
2.3699999999999934	59.50626900839659	4.7897435897435985	0.	0	-15.51151421222557	5.135897435897439
2.3799999999999932	59.32496289616788	4.776923076923086	0.	0	-15.403629798904436	5.130769230769234
2.389999999999993	59.144021083703386	4.764102564102573	0.	0	-15.295948806725008	5.125641025641029
2.399999999999993	58.963447339070854	4.751282051282061	0.	0	-15.188494917240831	5.120512820512824
2.4099999999999926	58.783245352740046	4.738461538461548	0.	0	-15.081291022943939	5.1153846153846185
2.4199999999999924	58.603418738330184	4.7256410256410355	0.	0	-14.974359235494733	5.110256410256413
2.429999999999992	58.423971033358434	4.712820512820523	0.	0	-14.867720894605345	5.105128205128209
2.439999999999992	58.244905699989076	4.699999999999995	0.	0	-14.761396577528624	5.100000000000005
2.4499999999999917	58.06622612578321	4.706382978723399	0.	0	-14.655406109105172	5.093617021276601
2.4599999999999915	57.88793562444882	4.712765957446804	0.	0	-14.549768572323245	5.087234042553196
2.4699999999999913	57.710037436590916	4.719148936170208	0.	0	-14.444502319347174	5.080851063829792
2.479999999999991	57.53253473046145	4.725531914893612	0.	0	-14.339624982971449	5.074468085106388
2.489999999999991	57.35543060270913	4.731914893617016	0.	0	-14.235153488459316	5.068085106382984
2.4999999999999907	57.17872807912846	4.73829787234042	0.	0	-14.131104065726001	5.06170212765958
2.5099999999999905	57.002430115408366	4.744680851063824	0.	0	-14.027492261828412	5.055319148936176
2.5199999999999902	56.82653959787969	4.751063829787228	0.	0	-13.924332953724594	5.048936170212772
2.52999999999999	56.651059344261675	4.7574468085106325	0.	0	-13.821640361267669	5.042553191489367
2.53999999999999	56.47599210440736	4.7638297872340365	0.	0	-13.71942806040089	5.036170212765963
2.5499999999999896	56.301340561047276	4.7702127659574405	0.	0	-13.617708996521392	5.029787234042559
2.5599999999999894	56.12710733053178	4.7765957446808445	0.	0	-13.51649549798243	5.023404255319155
2.569999999999989	55.953294963571615	4.7829787234042485	0.	0	-13.415799289704708	5.017021276595751
2.579999999999989	55.77990594597638	4.789361702127652	0.	0	-13.315631506869504	5.010638297872347
2.5899999999999888	55.606942699391226	4.795744680851056	0.	0	-13.216002708667446	5.004255319148943
2.5999999999999885	55.4344075820311	4.802127659574461	0.	0	-13.116922892078048	4.9978723404255385
2.6099999999999883	55.262302889412815	4.808510638297865	0.	0	-13.018401505657085	4.9914893617021345
2.619999999999988	55.09063085508451	4.814893617021269	0.	0	-12.920447463309653	4.9851063829787305
2.629999999999988	54.91939365135258	4.821276595744673	0.	0	-12.82306915802857	4.978723404255327
2.6399999999999877	54.74859339000579	4.827659574468077	0.	0	-12.726274475578682	4.972340425531923
2.6499999999999875	54.578232123036614	4.834042553191481	0.	0	-12.630070808109378	4.965957446808519
2.6599999999999873	54.4083118433594	4.840425531914885	0.	0	-12.534465067678253	4.959574468085115
2.669999999999987	54.23883448552564	4.84680851063829	0.	0	-12.439463699670656	4.953191489361711
2.679999999999987	54.06980192643587	4.853191489361694	0.	0	-12.34507269610048	4.946808510638306
2.6899999999999866	53.90121598604824	4.859574468085098	0.	0	-12.251297608779124	4.940425531914902
2.6999999999999864	53.73307842808373	4.865957446808502	0.	0	-12.15814356234018	4.934042553191498
2.709999999999986	53.565390960727754	4.872340425531906	0.	0	-12.06561526710878	4.927659574468094
2.719999999999986	53.39815523732813	4.87872340425531	0.	0	-11.973717031805286	4.92127659574469
2.7299999999999858	53.231372857089376	4.885106382978714	0.	0	-11.882452776074098	4.914893617021286
2.7399999999999856	53.06504536576312	4.891489361702119	0.	0	-11.791826042829065	4.908510638297882
2.7499999999999853	52.89917425633461	4.897872340425523	0.	0	-11.701840010408135	4.902127659574477
2.759999999999985	52.73376096970532	4.904255319148927	0.	0	-11.612497504530365	4.895744680851073
2.769999999999985	52.56880689537133	4.910638297872331	0.	0	-11.523801010049384	4.889361702127669
2.7799999999999847	52.404313372097775	4.917021276595735	0.	0	-11.435752682498137	4.882978723404265
2.7899999999999845	52.240281688588816	4.923404255319139	0.	0	-11.34835435942033	4.876595744680861
2.7999999999999843	52.07671308415355	4.929787234042543	0.	0	-11.261607571484781	4.870212765957457
2.809999999999984	51.91360874936748	4.936170212765948	0.	0	-11.175513553379421	4.863829787234053
2.819999999999984	51.75096982672955	4.942553191489352	0.	0	-11.09007325448228	4.857446808510648
2.8299999999999836	51.58879741131475	4.948936170212756	0.	0	-11.005287349307363	4.851063829787244
2.8399999999999834	51.427092551422135	4.95531914893616	0.	0	-10.921156247723983	4.84468085106384
2.849999999999983	51.26585624921828	4.961702127659564	0.	0	-10.837680104948241	4.838297872340436
2.859999999999983	51.10508946137619	4.968085106382968	0.	0	-10.754858831306253	4.831914893617032
2.869999999999983	50.94479309970935	4.974468085106372	0.	0	-10.672692101768808	4.825531914893628
2.8799999999999826	50.78496803180122	4.980851063829776	0.	0	-10.591179365257666	4.819148936170224
2.8899999999999824	50.62561508162983	4.9872340425531805	0.	0	-10.510319853724155	4.812765957446819
2.899999999999982	50.46673503018763	4.9936170212765845	0.	0	-10.430112591000904	4.806382978723415
2.909999999999982	50.30832861609641	4.99999999999999	0.	0	-10.35055640142798	4.799999999999996
2.9199999999999817	50.15039653621756	5.005263157894727	0.	0	-10.27164991825495	4.801754385964909
2.9299999999999815	49.99293944625705	5.0105263157894635	0.	0	-10.193391591820735	4.803508771929821
2.9399999999999813	49.83595796136575	5.015789473684201	0.	0	-10.115779697513203	4.805263157894734
2.949999999999981	49.67945265673474	5.021052631578938	0.	0	-10.038812343510887	4.807017543859645
2.959999999999981	49.52342406818549	5.026315789473674	0.	0	-9.962487478309162	4.808771929824558
2.9699999999999807	49.36787269275508	5.031578947368411	0.	0	-9.886802898033789	4.81052631578947
2.9799999999999804	49.212798989276436	5.036842105263148	0.	0	-9.811756253544461	4.812280701754382
2.9899999999999802	49.05820337895345	5.042105263157884	0.	0	-9.737345057331382	4.814035087719295
2.99999999999998	48.90408624593096	5.047368421052621	0.	0	-9.663566690208095	4.815789473684207
3.00999999999998	48.75044793785977	5.0526315789473575	0.	0	-9.590418407803796	4.81754385964912
3.0199999999999796	48.59728876645639	5.057894736842094	0.	0	-9.517897346858332	4.819298245614031
3.0299999999999794	48.444609008057846	5.063157894736831	0.	0	-9.446000531323584	4.821052631578944
3.039999999999979	48.2924089041712	5.068421052631568	0.	0	-9.374724878274543	4.822807017543856
3.049999999999979	48.14068866201799	5.073684210526305	0.	0	-9.304067203633814	4.824561403508768
3.0599999999999787	47.989448455073614	5.0789473684210416	0.	0	-9.234024227713114	4.82631578947368
3.0699999999999785	47.83868842360135	5.084210526315778	0.	0	-9.164592580575464	4.828070175438593
3.0799999999999783	47.68840867518146	5.089473684210515	0.	0	-9.095768807221953	4.829824561403505
3.089999999999978	47.53860928523502	5.0947368421052515	0.	0	-9.027549372606549	4.831578947368417
3.099999999999978	47.38929029754266	5.099999999999988	0.	0	-8.959930666482986	4.8333333333333295
3.1099999999999777	47.240451724757975	5.105263157894725	0.	0	-8.892909008087456	4.835087719298242
3.1199999999999775	47.09209354891616	5.110526315789461	0.	0	-8.82648065066068	4.836842105263154
3.1299999999999772	46.94421572193709	5.115789473684198	0.	0	-8.760641785813503	4.838596491228066
3.139999999999977	46.79681816612358	5.1210526315789355	0.	0	-8.695388547739471	4.840350877192979
3.149999999999977	46.649900774654334	5.126315789473672	0.	0	-8.630717017278236	4.842105263157891
3.1599999999999766	46.50346341207189	5.131578947368409	0.	0	-8.566623225833668	4.843859649122803
3.1699999999999764	46.357505914765426	5.136842105263145	0.	0	-8.50310315915003	4.845614035087715
3.179999999999976	46.21202809144839	5.142105263157882	0.	0	-8.440152760950314	4.847368421052628
3.189999999999976	46.0670297236312	5.147368421052619	0.	0	-8.377767936439964	4.849122807017539
3.1999999999999758	45.9225105660888	5.152631578947355	0.	0	-8.315944555679895	4.850877192982452
3.2099999999999755	45.778470347323136	5.157894736842092	0.	0	-8.254678456832163	4.852631578947364
3.2199999999999753	45.63490877002059	5.163157894736829	0.	0	-8.193965449281825	4.854385964912277
3.229999999999975	45.49182551150454	5.168421052631565	0.	0	-8.13380131663853	4.8561403508771885
3.239999999999975	45.34922022418268	5.173684210526303	0.	0	-8.074181819621144	4.857894736842101
3.2499999999999747	45.20709253598961	5.178947368421039	0.	0	-8.015102698828754	4.8596491228070136
3.2599999999999745	45.06544205082428	5.184210526315776	0.	0	-7.956559677401462	4.861403508771925
3.2699999999999743	44.924268348982565	5.189473684210513	0.	0	-7.898548463574031	4.863157894736838
3.279999999999974	44.783570987584916	5.194736842105249	0.	0	-7.841064753125724	4.86491228070175
3.289999999999974	44.643349500999115	5.199999999999986	0.	0	-7.784104231729344	4.866666666666662
3.2999999999999736	44.503603401258154	5.205263157894723	0.	0	-7.727662577202546	4.868421052631574
3.3099999999999734	44.364332178473305	5.210526315789459	0.	0	-7.671735461664492	4.870175438596487
3.319999999999973	44.22553530124221	5.215789473684196	0.	0	-7.616318553600667	4.871929824561399
3.329999999999973	44.08721221705242	5.221052631578933	0.	0	-7.56140751983885	4.873684210526311
3.3399999999999728	43.94936235267994	5.22631578947367	0.	0	-7.506998027438913	4.8754385964912235
3.3499999999999726	43.81198511458315	5.231578947368407	0.	0	-7.453085745499343	4.877192982456136
3.3599999999999723	43.675079889291986	5.236842105263143	0.	0	-7.399666346883009	4.878947368421048
3.369999999999972	43.538646043792326	5.24210526315788	0.	0	-7.346735509864981	4.88070175438596
3.379999999999972	43.40268292590595	5.247368421052617	0.	0	-7.2942889197047425	4.882456140350873
3.3899999999999717	43.26718986466556	5.252631578947353	0.	0	-7.242322270145488	4.884210526315785
3.3999999999999715	43.13216617068548	5.25789473684209	0.	0	-7.190831264842832	4.885964912280697
3.4099999999999713	42.99761113652757	5.2631578947368265	0.	0	-7.139811618725299	4.887719298245609
3.419999999999971	42.8635240370627	5.268421052631563	0.	0	-7.089259059288986	4.889473684210522
3.429999999999971	42.72990412982774	5.273684210526301	0.	0	-7.039169327828535	4.891228070175433
3.4399999999999706	42.5967506553779	5.278947368421037	0.	0	-6.989538180606733	4.892982456140346
3.4499999999999704	42.464062837634906	5.284210526315774	0.	0	-6.940361389964753	4.894736842105258
3.45999999999997	42.331839884230405	5.289473684210511	0.	0	-6.891634745375203	4.896491228070171
3.46999999999997	42.200080986845286	5.294736842105247	0.	0	-6.84335405443996	4.8982456140350825
3.47999999999997	42.06878532154449	5.3	0.	0	-6.795515143834738	4.899999999999889
3.4899999999999696	41.93795204910752	5.3	0.	0	-6.748113860202356	4.936764705882242
3.4999999999999694	41.80758031535473	5.3	0.	0	-6.701146070996481	4.973529411764593
3.509999999999969	41.67766925146918	5.3	0.	0	-6.654607665277706	5.0102941176469455
3.519999999999969	41.5482179743146	5.3	0.	0	-6.608494554463704	5.047058823529298
3.5299999999999687	41.419225586748766	5.3	0.	0	-6.5628026730350815	5.083823529411649
3.5399999999999685	41.290691177933006	5.3	0.	0	-6.517527979198719	5.120588235294003
3.5499999999999683	41.162613823637535	5.3	0.	0	-6.472666455510045	5.157352941176354
3.559999999999968	41.034992586542614	5.3	0.	0	-6.428214109455885	5.1941176470587065
3.569999999999968	40.90782651653574	5.3	0.	0	-6.384166973999352	5.230882352941059
3.5799999999999677	40.781114651004785	5.3	0.	0	-6.340521108088248	5.26764705882341
3.5899999999999674	40.65485601512717	5.3	0.	0	-6.2972725971283605	5.304411764705763
3.5999999999999672	40.52904962215515	5.3	0.	0	-6.254417553423077	5.341176470588115
3.609999999999967	40.40369447369702	5.3	0.	0	-6.211952116580528	5.3779411764704665
3.619999999999967	40.278789559994664	5.3	0.	0	-6.169872453889701	5.41470588235282
3.6299999999999666	40.15433386019708	5.3	0.	0	-6.128174760666595	5.451470588235171
3.6399999999999664	40.03032634263023	5.3	0.	0	-6.086855260571763	5.488235294117524
3.649999999999966	39.90676596506302	5.3	0.	0	-6.045910205900262	5.524999999999876
3.659999999999966	39.783651674969676	5.3	0.	0	-6.005335877845276	5.5617647058822275
3.6699999999999657	39.66098240978822	5.3	0.	0	-5.965128586736383	5.59852941176458
3.6799999999999655	39.53875709717551	5.3	0.	0	-5.925284672253572	5.635294117646932
3.6899999999999653	39.4169746552585	5.3	0.	0	-5.885800503618026	5.672058823529285
3.699999999999965	39.2956339928819	5.3	0.	0	-5.846672479760601	5.708823529411637
3.709999999999965	39.17473400985248	5.3	0.	0	-5.8078970294690455	5.745588235293988
3.7199999999999647	39.054273597179524	5.3	0.	0	-5.76947061151475	5.782352941176341
3.7299999999999645	38.93425163731212	5.3	0.	0	-5.731389714760025	5.819117647058693
3.7399999999999642	38.814667004372765	5.3	0.	0	-5.69365085824668	5.855882352941045
3.749999999999964	38.69551856438769	5.3	0.	0	-5.656250591266784	5.892647058823397
3.759999999999964	38.57680517551372	5.3	0.	0	-5.619185493416367	5.929411764705749
3.7699999999999636	38.458525688261865	5.3	0.	0	-5.58245217463283	5.966176470588102
3.7799999999999634	38.34067894571755	5.3	0.	0	-5.546047275216835	6.002941176470454
3.789999999999963	38.223263783757524	5.3	0.	0	-5.509967465839357	6.039705882352806
3.799999999999963	38.10627903126366	5.3	0.	0	-5.474209447534602	6.076470588235158
3.8099999999999627	37.9897235103334	5.3	0.	0	-5.438769951679452	6.11323529411751
3.8199999999999625	37.87359603648715	5.3	0.	0	-5.403645739960061	6.149999999999862
3.8299999999999623	37.757895418872394	5.3	0.	0	-5.368833604326282	6.186764705882214
3.839999999999962	37.64262046046491	5.3	0.	0	-5.334330366934392	6.2235294117645665
3.849999999999962	37.527769958266646	5.3	0.	0	-5.300132880078866	6.260294117646919
3.8599999999999617	37.413342703500845	5.3	0.	0	-5.266238026113562	6.297058823529271
3.8699999999999615	37.29933748180392	5.3	0.	0	-5.232642717362992	6.333823529411623
3.8799999999999613	37.18575307341452	5.3	0.	0	-5.199343896024133	6.370588235293975
3.889999999999961	37.072588253359584	5.3	0.	0	-5.166338534059259	6.4073529411763275
3.899999999999961	36.95984179163752	5.3	0.	0	-5.133623633080297	6.44411764705868
3.9099999999999606	36.847512453398515	5.3	0.	0	-5.10119622422514	6.480882352941031
3.9199999999999604	36.735598999121954	5.3	0.	0	-5.0690533680263705	6.517647058823384
3.92999999999996	36.62410018479111	5.3	0.	0	-5.037192154272821	6.554411764705736
3.93999999999996	36.51301476206504	5.3	0.	0	-5.005609701864342	6.591176470588088
3.9499999999999598	36.40234147844768	5.3	0.	0	-4.974303158660213	6.62794117647044
3.9599999999999596	36.29207907745434	5.3	0.	0	-4.943269701321549	6.664705882352792
3.9699999999999593	36.18222629877539	5.3	0.	0	-4.912506535148056	6.701470588235145
3.979999999999959	36.07278187843747	5.3	0.	0	-4.882010893909489	6.738235294117497
3.989999999999959	35.963744548961856	5.3	0.	0	-4.8517800396721515	6.774999999999849
3.9999999999999587	35.8551130395205	5.3	0.	0	-4.821811262620752	6.811764705882201
4.009999999999959	35.74688607608935	5.3	0.	0	-4.792101880875892	6.848529411764555
4.019999999999959	35.639062381599175	5.3	0.	0	-4.762649240307572	6.885294117646907
4.0299999999999585	35.53164067608393	5.3	0.	0	-4.7334507143448405	6.922058823529259
4.039999999999958	35.42461967682666	5.3	0.	0	-4.7045037037820485	6.958823529411611
4.049999999999958	35.31799809850296	5.3	0.	0	-4.675805636581775	6.995588235293964
4.059999999999958	35.211774653322045	5.3	0.	0	-4.64735396767485	7.032352941176316
4.069999999999958	35.10594805116544	5.3	0.	0	-4.619146178757582	7.069117647058667
4.079999999999957	35.00051699972337	5.3	0.	0	-4.591179778086459	7.10588235294102
4.089999999999957	34.89548020462871	5.3	0.	0	-4.563452300270597	7.142647058823372
4.099999999999957	34.79083636958886	5.3	0.	0	-4.535961306062037	7.1794117647057245
4.109999999999957	34.686584196515156	5.3	0.	0	-4.5087043821442165	7.216176470588076
4.119999999999957	34.58272238565026	5.3	0.	0	-4.4816791409186605	7.252941176470428
4.129999999999956	34.47924963569314	5.3	0.	0	-4.454883220290244	7.289705882352781
4.139999999999956	34.376164643922046	5.3	0.	0	-4.42831428345106	7.326470588235133
4.149999999999956	34.273466106315254	5.3	0.	0	-4.401970018663123	7.363235294117485
4.159999999999956	34.171152717669806	5.30000000000007	0.	0	-4.375848139040073	7.400000000000194
4.1699999999999555	34.06922317171797	5.284190565708865	0.	0	-4.349946382328015	7.356197520211377
4.179999999999955	33.967676161241855	5.268440463276848	0.	0	-4.324262510685644	7.312763506023845
4.189999999999955	33.86651037818584	5.2527494898225155	0.	0	-4.298794310463792	7.269694213933866
4.199999999999955	33.765724513767104	5.237117442351577	0.	0	-4.273539591984559	7.226985940975535
4.209999999999955	33.665317258584075	5.221544117773771	0.	0	-4.248496189320097	7.184635024346678
4.2199999999999545	33.565287302723014	5.206029312919397	0.	0	-4.22366196007123	7.142637841034477
4.229999999999954	33.46563333586263	5.190572824555546	0.	0	-4.1990347851459715	7.100990807440917
4.239999999999954	33.366354047376795	5.175174449402026	0.	0	-4.1746125685381035	7.059690379008345
4.249999999999954	33.267448126435376	5.159833984147001	0.	0	-4.150393237105881	7.018733049845235
4.259999999999954	33.16891426210327	5.144551225462361	0.	0	-4.1263747403509585	6.978115352352327
4.269999999999953	33.07075114343751	5.129325970018768	0.	0	-4.102555050197681	6.937833856849395
4.279999999999953	32.97295745958268	5.114158014500469	0.	0	-4.078932160772745	6.8978851712026215
4.289999999999953	32.87553189986448	5.0990471556198	0.	0	-4.055504088185441	6.858265940452972
4.299999999999953	32.77847315388154	5.083993190131432	0.	0	-4.032268870308398	6.818972846445408
4.3099999999999525	32.68177991159561	5.068995914846352	0.	0	-4.009224566559063	6.780002607459351
4.319999999999952	32.58545086341983	5.054055126645558	0.	0	-3.986369257681877	6.741351977840316
4.329999999999952	32.48948470030557	5.039170622493534	0.	0	-3.9637010455312724	6.7030177476329404
4.339999999999952	32.39388011382742	5.024342199451424	0.	0	-3.941218052855522	6.66499674221545
4.349999999999952	32.29863579626664	5.009569654689972	0.	0	-3.9189184230815455	6.627285821935747
4.3599999999999515	32.20375044069294	4.994852785502222	0.	0	-3.8968003201006964	6.589881881749149
4.369999999999951	32.10922274104476	4.98019138931595	0.	0	-3.874861928055588	6.552781850857898
4.379999999999951	32.01505139220788	4.965585263705871	0.	0	-3.8531014511280053	6.515982692352494
4.389999999999951	31.9212350900925	4.9510342064055886	0.	0	-3.8315171133279864	6.479481402855007
4.399999999999951	31.827772531708888	4.936538015319328	0.	0	-3.8101071582840875	6.443275012164398
4.40999999999995	31.73466241524142	4.92209648853342	0.	0	-3.7888698490348616	6.407360582903891
4.41999999999995	31.641903440121176	4.907709424327561	0.	0	-3.7678034678216252	6.371735210170515
4.42999999999995	31.54949430709709	4.893376621185851	0.	0	-3.7469063158825398	6.336396021186878
4.43999999999995	31.457433718305616	4.879097877807595	0.	0	-3.7261767132480306	6.301340174955197
4.4499999999999496	31.365720377339063	4.864872993117902	0.	0	-3.705612998537578	6.2665648619136585
4.459999999999949	31.27435298931241	4.850701766278052	0.	0	-3.6852135287579335	6.232067303595173
4.469999999999949	31.183330260928862	4.836583996695659	0.	0	-3.6649766791027587	6.197844752288548
4.479999999999949	31.09265090054394	4.822519484034617	0.	0	-3.644900842753735	6.1638944907021465
4.489999999999949	31.002313618228325	4.808508028224839	0.	0	-3.6249844306831513	6.130213831630039
4.4999999999999485	30.912317125829315	4.794549429471801	0.	0	-3.6052258714580083	6.096800117620728
4.509999999999948	30.822660137031047	4.780643488265869	0.	0	-3.585623611045658	6.063650720648461
4.519999999999948	30.733341367413328	4.766790005391435	0.	0	-3.566176112620966	6.030763041787125
4.529999999999948	30.644359534509345	4.75298878193586	0.	0	-3.546881856375074	5.998134510886843
4.539999999999948	30.555713357862057	4.739239619298228	0.	0	-3.527739339325717	5.965762586253207
4.549999999999947	30.467401559079278	4.7255423191978805	0.	0	-3.508747075129144	5.9336447543292055
4.559999999999947	30.37942286188777	4.711896683682814	0.	0	-3.4899035938936445	5.901778529379889
4.569999999999947	30.291775992185922	4.698302515137847	0.	0	-3.471207441994684	5.8701614531797395
4.579999999999947	30.204459678095407	4.6847596162926335	0.	0	-3.452657181891697	5.838791094702853
4.589999999999947	30.11747265001158	4.6712677902294795	0.	0	-3.4342513919464595	5.807665049815783
4.599999999999946	30.030813640652855	4.657826840390999	0.	0	-3.4159886662431664	5.776780940973281
4.609999999999946	29.94448138510885	4.644436570587586	0.	0	-3.3978676144101194	5.746136416916747
4.619999999999946	29.858474620887485	4.631096785004715	0.	0	-3.379886861443069	5.715729152375486
4.629999999999946	29.772792087961015	4.617807288210085	0.	0	-3.362045047530229	5.685556847770788
4.6399999999999455	29.68743252881093	4.604567885160579	0.	0	-3.3443408278789484	5.6556172289228135
4.649999999999945	29.602394688471875	4.591378381209079	0.	0	-3.326772872544035	5.625908046760271
4.659999999999945	29.517677314574463	4.578238582111108	0.	0	-3.309339866257744	5.596427077032913
4.669999999999945	29.433279157387105	4.565148294031311	0.	0	-3.2920405082614312	5.567172120026841
4.679999999999945	29.34919896985687	4.552107323549803	0.	0	-3.2748735121388863	5.538141000282657
4.689999999999944	29.265435507649265	4.539115477668328	0.	0	-3.257837605651285	5.5093315663163525
4.699999999999944	29.18198752918712	4.5261725638162975	0.	0	-3.2409315305738393	5.480741690343064
4.709999999999944	29.09885379568847	4.513278389856664	0.	0	-3.2241540425340767	5.45236926800359
4.719999999999944	29.01603307120352	4.500432764091652	0.	0	-3.2075039108517944	5.424212218093736
4.729999999999944	28.933524122650667	4.48763549526835	0.	0	-3.1909799183806267	5.39626848229639
4.739999999999943	28.851325719851594	4.474886392584149	0.	0	-3.1745808613512896	5.368536024916432
4.749999999999943	28.76943663556551	4.462185265692055	0.	0	-3.1583055492164416	5.341012832618378
4.759999999999943	28.687855645522433	4.449531924705852	0.	0	-3.142152804497176	5.313696914166787
4.769999999999943	28.60658152845566	4.436926180205135	0.	0	-3.1261214626311373	5.286586300169402
4.7799999999999425	28.52561306613335	4.424367843240215	0.	0	-3.1102103718222733	5.259679042823075
4.789999999999942	28.444949043389297	4.411856725336884	0.	0	-3.094418392892153	5.232973215662326
4.799999999999942	28.364588248152792	4.399392638501053	0.	0	-3.0787443991329395	5.2064669133107015
4.809999999999942	28.28452947147776	4.386975395223267	0.	0	-3.063187276161911	5.180158251234767
4.819999999999942	28.20477150757106	4.374604808483097	0.	0	-3.047745921777588	5.15404536550079
4.8299999999999415	28.12531315381993	4.362280691753397	0.	0	-3.0324192458174286	5.128126412534094
4.839999999999941	28.04615321081878	4.350002859004455	0.	0	-3.0172061700171047	5.102399568881083
4.849999999999941	27.967290482395075	4.337771124708014	0.	0	-3.002105627871301	5.076863030973837
4.859999999999941	27.8887237756346	4.325585303841187	0.	0	-2.987116564496091	5.0515150148973715
4.869999999999941	27.81045190090587	4.313445211890243	0.	0	-2.972237936492839	5.02635375615949
4.87999999999994	27.732473671883884	4.301350664854291	0.	0	-2.9574687118136116	5.001377509463173
4.88999999999994	27.654787905573126	4.289301479248851	0.	0	-2.942807869628137	4.976584548481598
4.89999999999994	27.57739342232987	4.277297472109311	0.	0	-2.9282544001922317	4.951973165635637
4.90999999999994	27.50028904588381	4.265338460994277	0.	0	-2.9138073047177313	4.9275416718738905
4.9199999999999395	27.423473603358946	4.253424263988823	0.	0	-2.8994655952439206	4.903288396455269
4.929999999999939	27.34694592529391	4.241554699707634	0.	0	-2.885228294510402	4.8792116867339965
4.939999999999939	27.27070484566148	4.229729587298039	0.	0	-2.8710944358314445	4.855309907947123
4.949999999999939	27.194749201887596	4.217948746442956	0.	0	-2.8570630629717613	4.8315814430044535
4.959999999999939	27.119077834869643	4.206211997363732	0.	0	-2.8431332300237333	4.808024692280918
4.9699999999999385	27.043689588994127	4.194519160822878	0.	0	-2.829304001286046	4.7846380734113385
4.979999999999938	26.968583312153754	4.182870058126728	0.	0	-2.8155744511437426	4.761420021087582
4.989999999999938	26.89375785576389	4.171264511127981	0.	0	-2.801943663949656	4.738368986858051
4.999999999999938	26.819212074778417	4.159702342228168	0.	0	-2.7884107339072535	4.715483438929564
5.009999999999938	26.744944827705012	4.148183374380017	0.	0	-2.774974764954824	4.692761861971505
5.019999999999937	26.670954976619846	4.13670743108974	0.	0	-2.7616348706510463	4.670202756922302
5.029999999999937	26.597241387181747	4.12527433641922	0.	0	-2.7483901740618855	4.64780464079817
5.039999999999937	26.52380292864574	4.113883914988117	0.	0	-2.7352398076488367	4.625566046504102
5.049999999999937	26.45063847387609	4.10253599197589	0.	0	-2.7221829131584845	4.603485522647119
5.0599999999999365	26.377746899358826	4.091230393123741	0.	0	-2.7092186415133748	4.581561633351715
5.069999999999936	26.305127085213673	4.079966944736462	0.	0	-2.6963461527041703	4.559792958077483
5.079999999999936	26.232777915205546	4.06874547368422	0.	0	-2.683564615683104	4.538178091438934
5.089999999999936	26.160698276755415	4.0575658074042416	0.	0	-2.6708732082586883	4.516715643027441
5.099999999999936	26.08888706095083	4.046427773902448	0.	0	-2.6582711169917	4.495404237235333
5.1099999999999355	26.017343162555846	4.035331201754991	0.	0	-2.645757537092385	4.474242513082071
5.119999999999935	25.946065480020426	4.0242759201097105	0.	0	-2.6333316723189175	4.453229124042517
5.129999999999935	25.875052915489515	4.0132617586875465	0.	0	-2.6209927348770647	4.432362737877264
5.139999999999935	25.80430437481152	4.002288547783851	0.	0	-2.608739945321063	4.41164203646501
5.149999999999935	25.733818767546396	3.9913561182696426	0.	0	-2.596572532455688	4.391065715636946
5.159999999999934	25.66359500697323	3.980464301592785	0.	0	-2.5844897332394976	4.370632485013127
5.169999999999934	25.593632010097494	3.9696129297791067	0.	0	-2.5724907926892593	4.350341067840857
5.179999999999934	25.52392869765769	3.958801835433438	0.	0	-2.5605749637855193	4.330190200834988
5.189999999999934	25.454483994131756	3.9480308517406018	0.	0	-2.5487415073793165	4.310178634020168
5.199999999999934	25.385296827742888	3.9372998124663137	0.	0	-2.5369896921000397	4.290305130575021
5.209999999999933	25.316366130465113	3.9266085519580516	0.	0	-2.525318794264387	4.270568466678185
5.219999999999933	25.247690838028305	3.9159569051458307	0.	0	-2.513728097786437	4.250967431356231
5.229999999999933	25.17926988992292	3.905344707542938	0.	0	-2.5022168940888245	4.231500826333456
5.239999999999933	25.111102229404306	3.8947717952466006	0.	0	-2.490784482014982	4.212167465883476
5.2499999999999325	25.043186803496596	3.884238004938592	0.	0	-2.4794301677424606	4.192966176682638
5.259999999999932	24.97552256299628	3.873743173885783	0.	0	-2.468153264697303	4.1738957976652165
5.269999999999932	24.908108462475376	3.863287139940635	0.	0	-2.45695309346947	4.154955179880399
5.279999999999932	24.840943460284294	3.852869741541644	0.	0	-2.4458289817292855	4.136143186350974
5.289999999999932	24.774026518554276	3.8424908177137183	0.	0	-2.4347802641449334	4.11745869193382
5.299999999999931	24.707356603199525	3.8321502080685113	0.	0	-2.4238062823009185	4.09890058318201
5.309999999999931	24.640932683919004	3.8218477528046972	0.	0	-2.4129063846175716	4.080467758208686
5.319999999999931	24.574753734197888	3.811583292708197	0.	0	-2.4020799262715102	4.062159126552554
5.329999999999931	24.508818731308672	3.8013566691523537	0.	0	-2.391326269117095	4.043973609045054
5.339999999999931	24.443126656312035	3.7911677240980612	0.	0	-2.380644781608834	4.0259101376791415
5.34999999999993	24.377676494057283	3.781016300093836	0.	0	-2.37003483872475	4.007967655479691
5.35999999999993	24.31246723318254	3.7709022402758476	0.	0	-2.3594958218906874	3.9901451163754946
5.36999999999993	24.247497866114657	3.7608253883679	0.	0	-2.349027118905543	3.972441485072818
5.37999999999993	24.18276738906879	3.7507855886813743	0.	0	-2.3386281238674282	3.9548557369305315
5.3899999999999295	24.118274802047704	3.7407826861151108	0.	0	-2.3282982371007246	3.937386857836757
5.399999999999929	24.05401910884076	3.7308165261552593	0.	0	-2.3180368650840535	3.9200338440870555
5.409999999999929	23.989999317022694	3.720886954875087	0.	0	-2.3078434203791165	3.902795702264089
5.419999999999929	23.926214437952073	3.710993818934739	0.	0	-2.297717321560419	3.8856714491187776
5.429999999999929	23.862663486769446	3.7011369655809525	0.	0	-2.287657993145867	3.8686601114529293
5.4399999999999284	23.799345482395324	3.6913162426467414	0.	0	-2.2776648655282017	3.8517607260032896
5.449999999999928	23.736259447527857	3.6815314985510383	0.	0	-2.267737374907297	3.8349723393270523
5.459999999999928	23.673404408640227	3.67178258229829	0.	0	-2.2578749632232755	3.8182940076887495
5.469999999999928	23.61077939597785	3.662069343478021	0.	0	-2.24807707809046	3.8017247969485566
5.479999999999928	23.548383443555295	3.6523916322643597	0.	0	-2.2383431727321383	3.785263782451974
5.489999999999927	23.486215589153048	3.642749299415531	0.	0	-2.2286727059161198	3.768910048920847
5.499999999999927	23.424274874313863	3.633142196273297	0.	0	-2.219065141891107	3.7526626903457627
5.509999999999927	23.36256034433914	3.62357017476239	0.	0	-2.209519950323833	3.736520809879746
5.519999999999927	23.301071048284857	3.6140330873898825	0.	0	-2.200036606236985	3.7204835197332753
5.5299999999999265	23.239806038957408	3.6045307872445447	0.	0	-2.1906145899478875	3.704549941070599
5.539999999999926	23.178764372909175	3.595063127996153	0.	0	-2.181253387007946	3.6887192039073193
5.549999999999926	23.117945110433944	3.585629963894784	0.	0	-2.1719524881428347	3.672990447009251
5.559999999999926	23.057347315562083	3.576231149770062	0.	0	-2.1627113891934187	3.657362817792511
5.569999999999926	22.996970056055474	3.566866541030376	0.	0	-2.1535295910574086	3.641835472224851
5.5799999999999255	22.93681240340238	3.557535993662083	0.	0	-2.1444065996317403	3.6264075747282174
5.589999999999925	22.876873432811994	3.5482393642286607	0.	0	-2.1353419257556427	3.61107829808247
5.599999999999925	22.817152223208847	3.538976509869843	0.	0	-2.1263350851544347	3.5958468233303407
5.609999999999925	22.75764785722707	3.5297472883007286	0.	0	-2.1173855983839966	3.5807123396835263
5.619999999999925	22.69835942120441	3.5205515578108524	0.	0	-2.1084929907759276	3.565674044429947
5.629999999999924	22.639286005176153	3.5113891772632426	0.	0	-2.0996567923833847	3.55073114284215
5.639999999999924	22.580426702868806	3.5022600060934437	0.	0	-2.0908765379275813	3.535882848086839
5.649999999999924	22.5217806116936	3.4931639043085054	0.	0	-2.0821517667449543	3.521128381135523
5.659999999999924	22.46334683273998	3.4841007324859747	0.	0	-2.073482022734964	3.5064669706762466
5.6699999999999235	22.405124470768712	3.475070351772825	0.	0	-2.064866854308551	3.4918978530264178
5.679999999999923	22.347112634205025	3.466072623884396	0.	0	-2.056305814337228	3.4774202720467247
5.689999999999923	22.289310435131473	3.4571074111032827	0.	0	-2.047798460102781	3.4630334790560706
5.699999999999923	22.23171698928079	3.4481745762782294	0.	0	-2.0393443532476057	3.4487367327475886
5.709999999999923	22.174331416028423	3.43927398282297	0.	0	-2.0309430597256446	3.4345292991056726
5.7199999999999225	22.117152838385035	3.4304054947150684	0.	0	-2.0225941497539273	3.4204104513240257
5.729999999999922	22.06018038298894	3.42156897649474	0.	0	-2.014297197764707	3.4063794697247185
5.739999999999922	22.00341318009819	3.4127642932636295	0.	0	-2.00605178235819	3.392435641678252
5.749999999999922	21.94685036358275	3.403991310683595	0.	0	-1.9978574862558296	3.378578261524568
5.759999999999922	21.89049107091644	3.3952498949754557	0.	0	-1.9897138962542047	3.3648066304950586
5.769999999999921	21.834334443168714	3.386539912917723	0.	0	-1.9816206031794623	3.35112005663552
5.779999999999921	21.778379624996468	3.3778612318453236	0.	0	-1.9735772018423114	3.337517854730046
5.789999999999921	21.72262576463553	3.369213719648284	0.	0	-1.965583290993577	3.3239993462258606
5.799999999999921	21.66707201389225	3.360597244770421	0.	0	-1.9576384732802856	3.3105638591590596
5.809999999999921	21.611717528134758	3.3520116762079946	0.	0	-1.9497423552023012	3.297210728081274
5.81999999999992	21.55656146628431	3.3434568835083556	0.	0	-1.9418945470694766	3.28393929398721
5.82999999999992	21.501602990806404	3.334932736768574	0.	0	-1.9340946629593403	3.270748904243092
5.83999999999992	21.446841267701835	3.32643910663405	0.	0	-1.9263423206752937	3.2576389125159726
5.84999999999992	21.392275466497658	3.317975864297112	0.	0	-1.91863714170532	3.244608678703902
5.8599999999999195	21.337904760238033	3.3095428814955987	0.	0	-1.9109787511811938	3.2316575688669484
5.869999999999919	21.283728325474982	3.3011400305114202	0.	0	-1.9033667778381897	3.2187849551590637
5.879999999999919	21.229745342259072	3.29276718416912	0.	0	-1.895800853975282	3.2059902157607714
5.889999999999919	21.175954994129967	3.284424215834404	0.	0	-1.8882806154158276	3.193272734812685
5.899999999999919	21.122356468106936	3.2761109994126714	0.	0	-1.880805701468726	3.180631902349818
5.909999999999918	21.06894895467928	3.2678274093475275	0.	0	-1.8733757548900531	3.1680671142367087
5.919999999999918	21.01573164779661	3.25957332061928	0.	0	-1.8659904218451573	3.1555777721033182
5.929999999999918	20.962703744859127	3.2513486087434256	0.	0	-1.8586493518712253	3.143163283281726
5.939999999999918	20.909864446707783	3.2431531497691277	0.	0	-1.8513521978402823	3.130823060743559
5.949999999999918	20.85721295761438	3.234986820277681	0.	0	-1.8440986159226687	3.118556523038227
5.959999999999917	20.804748485271567	3.2268494973809583	0.	0	-1.8368882655509273	3.1063630942318534
5.969999999999917	20.75247024078283	3.2187410587198584	0.	0	-1.8297208093841568	3.094242203846992
5.979999999999917	20.70037743865234	3.2106613824627313	0.	0	-1.8225959132727727	3.082193286803036
5.989999999999917	20.6484692967748	3.202610347303806	0.	0	-1.81551324622371	3.0702157833573698
5.9999999999999165	20.596745036425183	3.1945878324615946	0.	0	-1.8084724803660384	3.058309139047222
6.009999999999916	20.54520388224842	3.186593717677296	0.	0	-1.8014732909169922	3.04647280463222
6.019999999999916	20.493845062249054	3.1786278832131902	0.	0	-1.794515356148415	3.034706236037642
6.029999999999916	20.442667807780804	3.1706902098510192	0.	0	-1.7875983573536036	3.0230088942983477
6.039999999999916	20.391671353536072	3.1627805788903602	0.	0	-1.7807219788145514	3.011380245503385
6.0499999999999154	20.34085493753546	3.154898872147	0.	0	-1.7738859077695872	2.999819760741262
6.059999999999915	20.29021780111713	3.147044971951284	0.	0	-1.7670898343814037	2.988326916045881
6.069999999999915	20.239759188926197	3.139218761146471	0.	0	-1.7603334517054665	2.9769011923431146
6.079999999999915	20.189478348904057	3.1314201230870777	0.	0	-1.7536164556588056	2.9655420753980293
6.089999999999915	20.139374532277657	3.123648941637217	0.	0	-1.746938544989178	2.9542490557627348
6.099999999999914	20.0894469935487	3.1159051011689196	0.	0	-1.7402994212446068	2.9430216287248747
6.109999999999914	20.039694990482893	3.108188486560468	0.	0	-1.7336987887432707	2.931859294256704
6.119999999999914	19.99011778409902	3.1004989831947047	0.	0	-1.7271363545437677	2.920761556964802
6.129999999999914	19.940714638658108	3.0928364769573475	0.	0	-1.720611828415725	2.909727926040373
6.1399999999999135	19.891484821652476	3.0852008542352927	0.	0	-1.7141249228107693	2.8987579152101524
6.149999999999913	19.842427603794782	3.0775920019149163	0.	0	-1.7076753528338302	2.8878510426878754
6.159999999999913	19.793542259007015	3.0700098073803668	0.	0	-1.7012628362147941	2.8770068311263475
6.169999999999913	19.74482806440947	3.0624541585118554	0.	0	-1.6948870932804974	2.866224807570076
6.179999999999913	19.696284300309703	3.0549249436839423	0.	0	-1.688547846927045	2.855504503408461
6.1899999999999125	19.647910250191412	3.0474220517638115	0.	0	-1.6822448225924649	2.8448454543295485
6.199999999999912	19.59970520070338	3.0399453721095586	0.	0	-1.675977748229684	2.8342472002743353
6.209999999999912	19.55166844164824	3.0324947945684446	0.	0	-1.6697463542798232	2.823709285391602
6.219999999999912	19.503799265971406	3.0250702094751816	0.	0	-1.663550373645813	2.8132312579932983
6.229999999999912	19.45609696974982	3.0176715076501868	0.	0	-1.657389541666319	2.8028126705104484
6.239999999999911	19.40856085218076	3.0102985803978455	0.	0	-1.651263596089975	2.792453079449573
6.249999999999911	19.36119021557062	3.002951319504773	0.	0	-1.6451722770499242	2.782152045349641
6.259999999999911	19.31398436532364	2.995629617238065	0.	0	-1.639115327038656	2.7719091327395113
6.269999999999911	19.26694260993066	2.9883333663435527	0.	0	-1.6330924908831437	2.7617239100958915
6.2799999999999105	19.220064260957802	2.981062460044051	0.	0	-1.6271035157202727	2.751595949801783
6.28999999999991	19.17334863303519	2.9738167920376033	0.	0	-1.621148150972561	2.7415248281054216
6.29999999999991	19.126795043845657	2.9665962564957353	0.	0	-1.615226148324159	2.731510125079693
6.30999999999991	19.08040281411337	2.9594007480616877	0.	0	-1.609337261697142	2.721551424582036
6.31999999999991	19.034171267592534	2.952230161848665	0.	0	-1.6034812472280684	2.711648314214808
6.3299999999999095	18.98809973105601	2.945084393438069	0.	0	-1.5976578632448222	2.701800385286114
6.339999999999909	18.942187534284	2.9379633388777453	0.	0	-1.5918668702437242	2.6920072327711075
6.349999999999909	18.896434010052626	2.930866894680214	0.	0	-1.5861080308669069	2.682268455273724
6.359999999999909	18.850838494122605	2.923794957820906	0.	0	-1.5803811098799634	2.672583654988886
6.369999999999909	18.805400325227847	2.9167474257364034	0.	0	-1.5746858741498457	2.662952437665125
6.379999999999908	18.760118845064067	2.9097241963226663	0.	0	-1.569022092623029	2.6533744125676546
6.389999999999908	18.71499339827741	2.902725167933273	0.	0	-1.5633895363039294	2.6438491924418757
6.399999999999908	18.67002333245306	2.895750239377649	0.	0	-1.5577879782335713	2.634376393477297
6.409999999999908	18.62520799810384	2.8887993099193032	0.	0	-1.5522171934685027	2.624955635271883
6.419999999999908	18.58054674865881	2.8818722792740585	0.	0	-1.546676959059957	2.6155865407968095
6.429999999999907	18.536038940451917	2.8749690476082863	0.	0	-1.541167054033257	2.606268736361639
6.439999999999907	18.49168393271055	2.86808951553714	0.	0	-1.5356872593674544	2.597001851579884
6.449999999999907	18.447481087544176	2.861233584122785	0.	0	-1.5302373579752109	2.587785519334988
6.459999999999907	18.403429769932952	2.854401154872637	0.	0	-1.5248171346829074	2.5786193757466855
6.4699999999999065	18.359529347716347	2.8475921297375937	0.	0	-1.519426376210983	2.5695030601377553
6.479999999999906	18.315779191581758	2.8408064111102727	0.	0	-1.5140648711545082	2.560436215001164
6.489999999999906	18.272178675053127	2.8340439018232435	0.	0	-1.5087324099639707	2.5514184859675804
6.499999999999906	18.228727174479587	2.827304505147266	0.	0	-1.5034287849262924	2.5424495217732628
6.509999999999906	18.185424069024116	2.8205881247895346	0.	0	-1.4981537901460624	2.5335289742283322
6.519999999999905	18.142268740652142	2.8138946648919063	0.	0	-1.4929072215269819	2.524656498185388
6.529999999999905	18.099260574120258	2.807224030029152	0.	0	-1.487688876753525	2.515831751508495
6.539999999999905	18.05639895696484	2.8005761252071926	0.	0	-1.4824985552728165	2.507054395042539
6.549999999999905	18.013683279490753	2.793950855861344	0.	0	-1.4773360582767034	2.498324092582907
6.559999999999905	17.971112934760022	2.7873481278545653	0.	0	-1.472201188684045	2.4896405108455366
6.569999999999904	17.92868731858055	2.780767847475703	0.	0	-1.4670937511231974	2.4810033194372982
6.579999999999904	17.886405829494823	2.774209921437741	0.	0	-1.462013551914702	2.4724121908267165
6.589999999999904	17.84426786876862	2.767674256876054	0.	0	-1.4569603990541709	2.4638668003150306
6.599999999999904	17.802272840379764	2.761160761346656	0.	0	-1.4519341021953671	2.45536682600758
6.6099999999999035	17.760420151006898	2.754669342824462	0.	0	-1.446934472633478	2.446911948785516
6.619999999999903	17.71870921001821	2.7481999097015417	0.	0	-1.4419613232885762	2.438501852277837
6.629999999999903	17.677139429460254	2.7417523707853833	0.	0	-1.4370144686892736	2.4301362228337426
6.639999999999903	17.63571022404673	2.735326635297153	0.	0	-1.4320937249565595	2.421814749495302
6.649999999999903	17.594421011147308	2.7289226128699613	0.	0	-1.427198909787815	2.4135371239704235
6.659999999999902	17.553271210776465	2.7225402135471346	0.	0	-1.422329842441022	2.4053030406061473
6.669999999999902	17.51226024558234	2.716179347780482	0.	0	-1.4174863437191387	2.397112196362224
6.679999999999902	17.47138754083559	2.7098399264285726	0.	0	-1.4126682359546552	2.388964290784998
6.689999999999902	17.4306525244183	2.7035218607550076	0.	0	-1.4078753429943285	2.3808590259815907
6.699999999999902	17.390054626812883	2.697225062426708	0.	0	-1.403107490184082	2.3727961065943646
6.709999999999901	17.349593281091018	2.69094944351219	0.	0	-1.3983645043540822	2.3647752397756863
6.719999999999901	17.30926792290259	2.684694916479856	0.	0	-1.3936462138039774	2.3567961351629663
6.729999999999901	17.269077990464673	2.6784613941962836	0.	0	-1.3889524482883067	2.3488585048539807
6.739999999999901	17.229022924550517	2.6722487899245153	0.	0	-1.384283039002069	2.3409620633824675
6.7499999999999005	17.189102168478573	2.666057017322361	0.	0	-1.3796378185664577	2.333106527694004
6.7599999999999	17.14931516810152	2.6598859904406913	0.	0	-1.3750166210147545	2.325291617122152
6.7699999999999	17.109661371795326	2.6537356237217433	0.	0	-1.370419281778377	2.3175170533648597
6.7799999999999	17.07014023044836	2.647605831997433	0.	0	-1.3658456376730872	2.3097825604611435
6.7899999999999	17.030751197450467	2.6414965304876574	0.	0	-1.3612955268853522	2.3020878647680187
6.7999999999998995	16.991493728682126	2.6354076347986153	0.	0	-1.356768788958855	2.29443269493769
6.809999999999899	16.952367282503577	2.6293390609211214	0.	0	-1.3522652647811608	2.286816781895002
6.819999999999899	16.913371319744062	2.623290725228935	0.	0	-1.347784796570526	2.2792398588151324
6.829999999999899	16.874505303690974	2.6172625444770796	0.	0	-1.3433272278628559	2.2717016611015346
6.839999999999899	16.835768700079118	2.6112544358001757	0.	0	-1.338892403498809	2.264201926364134
6.849999999999898	16.797160977079976	2.605266316710776	0.	0	-1.3344801696110413	2.256740394397752
6.859999999999898	16.758681605290988	2.599298105097705	0.	0	-1.330090373611596	2.2493168071607825
6.869999999999898	16.720330057724865	2.5933497192243964	0.	0	-1.3257228641794243	2.2419309087540884
6.879999999999898	16.682105809798944	2.5874210777272477	0.	0	-1.3213774912480585	2.234582445400156
6.8899999999998975	16.644008339324536	2.5815120996139647	0.	0	-1.3170541059934058	2.2272711654224535
6.899999999999897	16.60603712649635	2.5756227042619217	0.	0	-1.3127525608216857	2.21999681922503
6.909999999999897	16.568191653881886	2.569752811416518	0.	0	-1.3084727093574975	2.2127591592723377
6.919999999999897	16.530471406410925	2.563902341189544	0.	0	-1.304214406432022	2.20555794006928
6.929999999999897	16.492875871364983	2.558071214057551	0.	0	-1.2999775080713458	2.1983929181414665
6.9399999999998965	16.455404538366846	2.552259350860222	0.	0	-1.2957618714849244	2.1912638520157017
6.949999999999896	16.41805689937009	2.546466672798751	0.	0	-1.2915673550541598	2.184170502200672
6.959999999999896	16.38083244864868	2.540693101434228	0.	0	-1.287393818321115	2.1771126311678564
6.969999999999896	16.34373068278654	2.534938558686021	0.	0	-1.2832411219773407	2.1700900033326334
6.979999999999896	16.306751100667203	2.5292029668301708	0.	0	-1.279109127852832	2.163102385035607
6.989999999999895	16.269893203463486	2.5234862484977896	0.	0	-1.2749976989051048	2.1561495445241317
6.999999999999895	16.233156494627135	2.5177883266734553	0.	0	-1.2709066992083866	2.1492312519340335
7.009999999999895	16.196540479878617	2.512109124693629	0.	0	-1.26683599394293	2.142347279271539
7.019999999999895	16.16004466719681	2.5064485662450533	0.	0	-1.2627854493844357	2.135497400395387
7.0299999999998946	16.123668566808824	2.5008065753631756	0.	0	-1.2587549328936039	2.128681390999161
7.039999999999894	16.08741169117982	2.49518307643057	0.	0	-1.2547443129057825	2.1218990285937807
7.049999999999894	16.051273555002844	2.4895779941753573	0.	0	-1.2507534589207363	2.115150092490203
7.059999999999894	16.01525367518871	2.4839912536696382	0.	0	-1.24678224149253	2.1084343637823104
7.069999999999894	15.979351570855924	2.4784227803279304	0.	0	-1.2428305322195135	2.10175162532998
7.0799999999998935	15.943566763320625	2.4728724999056078	0.	0	-1.2388982037344138	2.0951016617423215
7.089999999999893	15.907898776086556	2.4673403384973445	0.	0	-1.234985129694547	2.0884842593611306
7.099999999999893	15.872347134835083	2.4618262225355676	0.	0	-1.2310911847721207	2.081899206244484
7.109999999999893	15.836911367415237	2.4563300787889135	0.	0	-1.227216244644649	2.0753462921505363
7.119999999999893	15.80159100383378	2.4508518343606847	0.	0	-1.2233601859854684	2.0688253085214754
7.129999999999892	15.766385576245339	2.4453914166873223	0.	0	-1.2195228864543535	2.0623360484676567
7.139999999999892	15.731294618942517	2.439948753536869	0.	0	-1.215704224688239	2.0558783067519104
7.149999999999892	15.696317668346094	2.4345237730074536	0.	0	-1.2119040802920362	2.049451879774015
7.159999999999892	15.66145426299522	2.4291164035257653	0.	0	-1.2081223338295464	2.043056565555326
7.169999999999892	15.626703943537674	2.4237265738455465	0.	0	-1.2043588668144782	2.03669216372359
7.179999999999891	15.59206625272013	2.4183542130460802	0.	0	-1.2006135617015519	2.030358475497898
7.189999999999891	15.557540735378462	2.4129992505306888	0.	0	-1.196886301877707	2.0240553036738174
7.199999999999891	15.523126938428115	2.4076616160252384	0.	0	-1.193176971653398	2.017782452608673
7.209999999999891	15.488824410854441	2.4023412395766424	0.	0	-1.189485456253985	2.0115397282069876
7.2199999999998905	15.45463270370316	2.397038051551379	0.	0	-1.1858116418112135	2.005326937906071
7.22999999999989	15.420551370070768	2.391751982634006	0.	0	-1.1821554153547886	1.9991438906617764
7.23999999999989	15.386579965095045	2.386482963825687	0.	0	-1.178516664804034	1.992990396934388
7.24999999999989	15.352718045945558	2.38123092644272	0.	0	-1.1748952789596419	1.9868662686746765
7.25999999999989	15.318965171814204	2.3759958021150682	0.	0	-1.1712911474955094	1.9807713193100878
7.269999999999889	15.285320903905824	2.3707775227849064	0.	0	-1.1677041609506622	1.974705363731087
7.279999999999889	15.25178480542879	2.36557602070516	0.	0	-1.1641342107212622	1.9686682182776445
7.289999999999889	15.218356441585675	2.360391228438059	0.	0	-1.1605811890526976	1.9626597007258568
7.299999999999889	15.185035379563947	2.355223078853692	0.	0	-1.1570449890317613	1.9566796302747216
7.309999999999889	15.151821188526693	2.3500715051285708	0.	0	-1.153525504578908	1.950727827533041
7.319999999999888	15.11871343960336	2.3449364407441924	0.	0	-1.1500226304405887	1.944804114506462
7.329999999999888	15.085711705880561	2.3398178194856127	0.	0	-1.1465362621816755	1.9389083145846628
7.339999999999888	15.052815562392919	2.3347155754400277	0.	0	-1.143066296177958	1.933040252528665
7.349999999999888	15.020024586113909	2.3296296429953522	0.	0	-1.1396126296087186	1.9271997544582773
7.3599999999998875	14.987338355946763	2.32455995683881	0.	0	-1.1361751604493886	1.921386647839677
7.369999999999887	14.954756452715415	2.319506451955527	0.	0	-1.1327537874642803	1.915600761473119
7.379999999999887	14.922278459155454	2.314469063627132	0.	0	-1.1293484101993911	1.9098419254807648
7.389999999999887	14.889903959905142	2.30944772743036	0.	0	-1.125958928975288	1.904109971294652
7.399999999999887	14.857632541496445	2.304442379235663	0.	0	-1.1225852448800628	1.8984047316447807
7.4099999999998865	14.825463792346124	2.2994529552058283	0.	0	-1.1192272597623578	1.8927260405473174
7.419999999999886	14.793397302746818	2.294479391794593	0.	0	-1.1158848762244729	1.8870737332929404
7.429999999999886	14.761432664858217	2.2895216257452793	0.	0	-1.1125579976155333	1.8814476464352838
7.439999999999886	14.729569472698222	2.2845795940894185	0.	0	-1.1092465280247352	1.8758476177795176
7.449999999999886	14.697807322134187	2.2796532341453966	0.	0	-1.1059503722746586	1.8702734863710362
7.459999999999885	14.666145810874129	2.2747424835170884	0.	0	-1.1026694359146476	1.8647250924842664
7.469999999999885	14.634584538458062	2.269847280092515	0.	0	-1.0994036252142665	1.8592022776116
7.479999999999885	14.603123106249283	2.264967562042491	0.	0	-1.0961528471568087	1.8537048844524158
7.489999999999885	14.571761117425757	2.26010326781929	0.	0	-1.0929170094328908	1.8482327569022476
7.4999999999998845	14.540498176971479	2.2552543361553017	0.	0	-1.0896960204340962	1.842785740042035
