0	47.581114656337306	9.1	0.	0	-3.417619452747102	0.2753212564178528
0.01	47.71102871067854	9.02	0.	0	-3.5004193832045667	0.28199156632217404
0.02	47.85565796826062	8.94	0.	0	-3.5851513243142583	0.28881751777978654
0.03	48.01436396607508	8.86	0.	0	-3.6718982439005248	0.29580579462601986
0.04	48.186582573313316	8.78	0.	0	-3.7607413172163873	0.3029629362877942
0.05	48.37180805689917	8.7	0.	0	-3.8517605914578383	0.3102953913164705
0.060000000000000005	48.5695806425335	8.620000000000001	0.	0	-3.9450354609929077	0.317809555672003
0.07	48.77947655154771	8.54	0.	0	-4.040645006899044	0.3255118000758551
0.08	49.00109982809656	8.46	0.	0	-4.138668235451425	0.33340848922346716
0.09	49.234075482753944	8.38	0.	0	-4.239184238402779	0.3415059946962965
0.09999999999999999	49.47804361671491	8.3	0.	0	-4.342272290292258	0.3498107028009587
0.10999999999999999	49.73265428354307	8.22	0.	0	-4.448011892969471	0.358329018156056
0.11999999999999998	49.997562909218765	8.14	0.	0	-4.556482774065056	0.367067363568967
0.12999999999999998	50.272426136163936	8.06	0.	0	-4.667764843710074	0.3760321765491887
0.13999999999999999	50.55689798922205	7.98	0.	0	-4.781938112051358	0.3852299026634252
0.15	50.850626285286964	7.9	0.	0	-4.899082568807339	0.3946669858326818
0.16	51.15324922605423	7.82	0.	0	-5.019278025115861	0.40434985559162456
0.17	51.46439212699263	7.74	0.	0	-5.142603917149136	0.4142849112679261
0.18000000000000002	51.78366424632481	7.66	0.	0	-5.269139070349253	0.42447850298922757
0.19000000000000003	52.110655686415775	7.58	0.	0	-5.39896142262965	0.43493690938442464
0.20000000000000004	52.444934347103235	7.5	0.	0	-5.532147704466757	0.4456663118120529
0.21000000000000005	52.786042916603876	7.42	0.	0	-5.668773073453864	0.4566727649201798
0.22000000000000006	53.133495891016096	7.34	0.	0	-5.808910700596397	0.4679621633186134
0.23000000000000007	53.486776618352195	7.26	0.	0	-5.952631305388257	0.4795402041249479
0.24000000000000007	53.84533436765285	7.18	0.	0	-6.100002636522052	0.4914123451309086
0.25000000000000006	54.20858142819863	7.1	0.	0	-6.251088894953734	0.5035837583248051
0.26000000000000006	54.57589024824184	7.02	0.	0	-6.405950095969292	0.516059278500028
0.2700000000000001	54.94659062710947	6.9399999999999995	0.	0	-6.564641366895108	0.5288433466790414
0.2800000000000001	55.3199669790291	6.859999999999999	0.	0	-6.7272121771642555	0.5419399480880112
0.2900000000000001	55.69525569163497	6.779999999999999	0.	0	-6.8937054976098056	0.5553525444300068
0.3000000000000001	56.07164260683421	6.699999999999999	0.	0	-7.0641568861175035	0.5690840002257612
0.3100000000000001	56.4482606565446	6.619999999999999	0.	0	-7.23859349714941	0.5831365030215225
0.3200000000000001	56.824187690734206	6.539999999999999	0.	0	-7.417033013164906	0.5975114773050081
0.3300000000000001	57.198444540146355	6.459999999999999	0.	0	-7.599482496634985	0.6122094920244039
0.34000000000000014	57.569993361017104	6.379999999999999	0.	0	-7.785937162190165	0.6272301616733783
0.35000000000000014	57.937736313893815	6.299999999999999	0.	0	-7.976379069482672	0.6425720409888882
0.36000000000000015	58.30051463322418	6.219999999999999	0.	0	-8.17077573860118	0.6582325134098689
0.37000000000000016	58.65710814856635	6.139999999999999	0.	0	-8.369078691371707	0.6742076735653585
0.38000000000000017	59.00623532190326	6.059999999999999	0.	0	-8.571221923630683	0.6904922042017849
0.3900000000000002	59.346553868436395	5.979999999999999	0.	0	-8.777120315581858	0.7070792481223264
0.4000000000000002	59.67666203016785	5.899999999999999	0.	0	-8.986667989659784	0.7239602758974345
0.4100000000000002	59.99510057231961	5.8199999999999985	0.	0	-9.199736627925486	0.7411249503152959
0.4200000000000002	60.30035557192926	5.739999999999998	0.	0	-9.416173763912552	0.7585609887740372
0.4300000000000002	60.59086206554099	5.659999999999998	0.	0	-9.635801067012684	0.7762540250729114
0.4400000000000002	60.86500861851349	5.579999999999998	0.	0	-9.858412640913821	0.7941874723355525
0.45000000000000023	61.121142871841236	5.499999999999998	0.	0	-10.083773361241663	0.8123423890914307
0.46000000000000024	61.357578113298985	5.419999999999998	0.	0	-10.311617281348962	0.8306973508472482
0.47000000000000025	61.572600907984125	5.339999999999998	0.	0	-10.541646139068025	0.8492283297918668
0.48000000000000026	61.7644798088108	5.259999999999998	0.	0	-10.773528001089764	0.8679085855883452
0.49000000000000027	61.931475150148536	5.179999999999998	0.	0	-11.006896085331999	0.8867085705046746
0.5000000000000002	62.071849907629804	5.099999999999999	0.	0	-11.241347805060318	0.905595852408762
0.5100000000000002	62.18388158433179	5.019999999999999	0.	0	-11.476444081450833	0.924535059388921
0.5200000000000002	62.26587505834411	4.939999999999999	0.	0	-11.711708973537949	0.9434878499426996
0.5300000000000002	62.316176299597245	4.8599999999999985	0.	0	-11.946629675853718	0.9624129127867073
0.5400000000000003	62.3331868353225	4.7799999999999985	0.	0	-12.18065693430658	0.9812660003595428
0.5500000000000003	62.31537881437475	4.700000000000003	0.	0	-12.413205929731095	1.0000000000000027
0.5600000000000003	62.26131049175699	4.7933333333333366	0.	0	-12.643657675835014	1.1033333333333357
0.5700000000000003	62.169641927041475	4.886666666666669	0.	0	-12.871360973764563	1.2066666666666692
0.5800000000000003	62.039150665099456	4.980000000000002	0.	0	-13.095634959027517	1.3100000000000027
0.5900000000000003	61.86874714579676	5.073333333333336	0.	0	-13.315772267931619	1.4133333333333362
0.6000000000000003	61.65748957226368	5.16666666666667	0.	0	-13.531042839962705	1.5166666666666697
0.6100000000000003	61.40459795614118	5.260000000000003	0.	0	-13.740698359677705	1.6200000000000032
0.6200000000000003	61.109467053859284	5.353333333333337	0.	0	-13.943977326867781	1.7233333333333363
0.6300000000000003	60.77167791135655	5.44666666666667	0.	0	-14.140110727217536	1.8266666666666698
0.6400000000000003	60.3910077463014	5.540000000000004	0.	0	-14.328328257837972	1.9300000000000033
0.6500000000000004	59.9674379171152	5.633333333333336	0.	0	-14.507865043400297	2.0333333333333368
0.6600000000000004	59.50115975686315	5.72666666666667	0.	0	-14.677968759784212	2.1366666666666703
0.6700000000000004	58.99257808693979	5.820000000000004	0.	0	-14.837907063913072	2.2400000000000038
0.6800000000000004	58.442312269595995	5.9133333333333375	0.	0	-14.986975211597745	2.3433333333333373
0.6900000000000004	57.85119470853951	6.00666666666667	0.	0	-15.124503730592194	2.4466666666666708
0.7000000000000004	57.220266761550604	6.100000000000004	0.	0	-15.249866004522449	2.550000000000004
0.7100000000000004	56.55077208648578	6.193333333333337	0.	0	-15.362485615650176	2.6533333333333373
0.7200000000000004	55.844147500198325	6.286666666666671	0.	0	-15.461843291239152	2.756666666666671
0.7300000000000004	55.10201148670056	6.380000000000004	0.	0	-15.547483300082297	2.8600000000000043
0.7400000000000004	54.32615054426599	6.473333333333338	0.	0	-15.619019152795168	2.9633333333333374
0.7500000000000004	53.518503609182	6.566666666666671	0.	0	-15.676138471799339	3.066666666666671
0.7600000000000005	52.681144834805785	6.660000000000005	0.	0	-15.718606914259665	3.1700000000000044
0.7700000000000005	51.81626503706468	6.753333333333337	0.	0	-15.746271053072487	3.273333333333338
0.7800000000000005	50.92615214057218	6.846666666666671	0.	0	-15.759060146558872	3.3766666666666714
0.7900000000000005	50.013170972535335	6.940000000000005	0.	0	-15.756986755802737	3.480000000000005
0.8000000000000005	49.07974275448426	7.033333333333338	0.	0	-15.740146198444426	3.5833333333333384
0.8100000000000005	48.12832463487268	7.126666666666671	0.	0	-15.708714857955318	3.686666666666672
0.8200000000000005	47.161389589493325	7.220000000000005	0.	0	-15.662947396723597	3.790000000000005
0.8300000000000005	46.181406992471786	7.313333333333338	0.	0	-15.603172948480402	3.8933333333333384
0.8400000000000005	45.190824129668925	7.406666666666672	0.	0	-15.529790389626235	3.996666666666672
0.8500000000000005	44.192048890133734	7.499999999999991	0.	0	-15.44326280900367	4.099999999999999
0.8600000000000005	43.18743383139651	7.339999999999991	0.	0	-15.34411131096718	4.088571428571427
0.8700000000000006	42.17926177248575	7.179999999999991	0.	0	-15.23290829684539	4.0771428571428565
0.8800000000000006	41.169733026119395	7.019999999999991	0.	0	-15.110270374962802	4.065714285714285
0.8900000000000006	40.16095433997144	6.8599999999999905	0.	0	-14.976851049434334	4.054285714285713
0.9000000000000006	39.15492957746469	6.69999999999999	0.	0	-14.83333333333332	4.042857142857142
0.9100000000000006	38.15355213219569	6.53999999999999	0.	0	-14.680422423123327	4.03142857142857
0.9200000000000006	37.15859903762683	6.37999999999999	0.	0	-14.518838559127982	4.019999999999999
0.9300000000000006	36.17172670561745	6.21999999999999	0.	0	-14.349310182069354	4.008571428571428
0.9400000000000006	35.19446820400757	6.05999999999999	0.	0	-14.172567479151231	3.9971428571428564
0.9500000000000006	34.22823196491524	5.89999999999999	0.	0	-13.989336395589579	3.985714285714285
0.9600000000000006	33.274301801568576	5.7399999999999896	0.	0	-13.800333169651053	3.9742857142857133
0.9700000000000006	32.33383810212808	5.579999999999989	0.	0	-13.60625943180398	3.9628571428571417
0.9800000000000006	31.407880063710323	5.419999999999989	0.	0	-13.407797892074692	3.9514285714285706
0.9900000000000007	30.497348828257977	5.259999999999989	0.	0	-13.205608624562837	3.939999999999999
1.0000000000000007	29.603051383523713	5.099999999999989	0.	0	-13.000325944628138	3.9285714285714275
1.0100000000000007	28.72568509673012	4.939999999999989	0.	0	-12.792555862706143	3.9171428571428564
1.0200000000000007	27.86584275491632	4.779999999999989	0.	0	-12.582874089142111	3.905714285714285
1.0300000000000007	27.024017994090237	4.619999999999989	0.	0	-12.371824556849102	3.8942857142857132
1.0400000000000007	26.20061100860509	4.459999999999988	0.	0	-12.159918422924795	3.882857142857142
1.0500000000000007	25.395934442255037	4.299999999999988	0.	0	-11.947633506466616	3.8714285714285706
1.0600000000000007	24.610219373065394	4.139999999999988	0.	0	-11.73541411753674	3.859999999999999
1.0700000000000007	23.843621314325006	3.9799999999999875	0.	0	-11.523671231343835	3.848571428571428
1.0800000000000007	23.096226164810094	3.8199999999999874	0.	0	-11.312782962014364	3.8371428571428563
1.0900000000000007	22.368056051173834	3.6599999999999873	0.	0	-11.103095291610535	3.8257142857142847
1.1000000000000008	21.659075014961306	3.499999999999987	0.	0	-10.894923012107158	3.8142857142857136
1.1100000000000008	20.969194505543296	3.339999999999987	0.	0	-10.68855084067252	3.802857142857142
1.1200000000000008	20.298278648365137	3.179999999999987	0.	0	-10.484234671637706	3.7914285714285705
1.1300000000000008	19.646149265236996	3.0199999999999867	0.	0	-10.282202931829907	3.7799999999999994
1.1400000000000008	19.01259062993295	2.8599999999999866	0.	0	-10.082658009359456	3.768571428571428
1.1500000000000008	18.397353948125026	2.6999999999999864	0.	0	-9.885777729381811	3.7571428571428562
1.1600000000000008	17.800161555680486	2.5399999999999863	0.	0	-9.691716853713572	3.7457142857142847
1.1700000000000008	17.22071083363211	2.379999999999986	0.	0	-9.500608584406192	3.7342857142857135
1.1800000000000008	16.658677841741216	2.219999999999986	0.	0	-9.312566054415827	3.722857142857142
1.1900000000000008	16.113720675563606	2.059999999999986	0.	0	-9.127683791325913	3.7114285714285704
1.2000000000000008	15.585482554356782	1.8999999999999946	0.	0	-8.946039142654065	3.699999999999994
1.2100000000000009	15.073594649090365	3.0147189298180734	0.	0	-8.76769365360167	3.6262379362563193
1.2200000000000009	14.577678661299208	2.915535732259842	0.	0	-8.59269439017718	3.553859840839388
1.2300000000000009	14.097349164603147	2.8194698329206296	0.	0	-8.42107520245265	3.482879713829529
1.2400000000000009	13.632215721464368	2.726443144292874	0.	0	-8.252857924302862	3.413306585517734
1.2500000000000009	13.181884788210036	2.6363769576420073	0.	0	-8.088053507345766	3.345144985393061
1.260000000000001	12.745961421559622	2.549192284311925	0.	0	-7.9266630879661335	3.278395383453864
1.270000000000001	12.324050799905125	2.4648101599810253	0.	0	-7.768678987278019	3.2130546037831182
1.280000000000001	11.915759572433899	2.38315191448678	0.	0	-7.614085644687516	3.1491162106614485
1.290000000000001	11.520697048891147	2.3041394097782297	0.	0	-7.4628604863693475	3.0865708677611017
1.300000000000001	11.138476242381097	2.2276952484762194	0.	0	-7.314974730490271	3.0254066711789878
1.310000000000001	10.768714777127213	2.1537429554254426	0.	0	-7.170394131414101	2.965609457233071
1.320000000000001	10.411035672573595	2.0822071345147193	0.	0	-7.0290796654232075	2.907163086070516
1.330000000000001	10.06506801463135	2.01301360292627	0.	0	-6.890988160705351	2.85004970222448
1.340000000000001	9.730447524268849	1.9460895048537699	0.	0	-6.75607287449392	2.794249973314038
1.350000000000001	9.406817033028112	1.8813634066056224	0.	0	-6.6242840203284565	2.7397433081143205
1.360000000000001	9.093826874429965	1.818765374885993	0.	0	-6.495569248428818	2.686508055234869
1.370000000000001	8.791135199617564	1.758227039923513	0.	0	-6.369874082161611	2.634521683638166
1.380000000000001	8.49840822498795	1.69968164499759	0.	0	-6.247142313529429	2.5837609462103677
1.390000000000001	8.215320418979454	1.643064083795891	0.	0	-6.1273163605383045	2.534202027565213
1.400000000000001	7.941554634623187	1.5883109269246374	0.	0	-6.010337589203667	2.485820677222747
1.410000000000001	7.67680219393259	1.535360438786518	0.	0	-5.896146602844971	2.438592329258932
1.420000000000001	7.420762929697506	1.4841525859395013	0.	0	-5.7846835011974305	2.3924922094718926
1.430000000000001	7.173145189770302	1.4346290379540605	0.	0	-5.6758881117419415	2.3474954310578555
1.440000000000001	6.933665808481299	1.38673316169626	0.	0	-5.569700195521106	2.3035770797347768
1.450000000000001	6.7020500493994355	1.3404100098798872	0.	0	-5.466059629576164	2.2607122891965905
1.460000000000001	6.4780315232614285	1.2956063046522859	0.	0	-5.364906568005696	2.2188763077256115
1.470000000000001	6.261352084527902	1.2522704169055805	0.	0	-5.26618158351621	2.1780445567365665
1.480000000000001	6.051761709687208	1.2103523419374416	0.	0	-5.169825791206023	2.138192681972477
1.490000000000001	5.849018360115847	1.1698036720231695	0.	0	-5.075780956200843	2.0992965980217497
1.500000000000001	5.652887832017576	1.1305775664035154	0.	0	-4.983989586639972	2.0613325267764204
1.5100000000000011	5.463143595699562	1.0926287191399124	0.	0	-4.894395013399124	2.0242770304047837
1.5200000000000011	5.279566626202745	1.055913325240549	0.	0	-4.806941457828269	1.988107039367145
1.5300000000000011	5.101945227083102	1.0203890454166205	0.	0	-4.721574088680818	1.952799875961211
1.5400000000000011	4.930074848939136	0.9860149697878273	0.	0	-4.638239069315546	1.9183332738443744
1.5500000000000012	4.763757904098359	0.9527515808196718	0.	0	-4.556883596162312	1.8846853939427826
1.5600000000000012	4.60280357870906	0.9205607157418121	0.	0	-4.477455929359314	1.8518348371226268
1.5700000000000012	4.447027643333331	0.8894055286666662	0.	0	-4.399905416391404	1.819760653966735
1.5800000000000012	4.296252263001086	0.8592504526002172	0.	0	-4.32418250948642	1.7884423519695314
1.5900000000000012	4.15030580756191	0.8300611615123821	0.	0	-4.250238777459399	1.7578599004357
1.6000000000000012	4.009022663060863	0.8018045326121727	0.	0	-4.178026912632136	1.7279937333420465
1.6100000000000012	3.872243044764744	0.7744486089529489	0.	0	-4.107500733398488	1.6988247503984861
1.6200000000000012	3.7398128123760173	0.7479625624752035	0.	0	-4.038615182952492	1.6703343165220068
1.6300000000000012	3.611583287891454	0.7223166575782909	0.	0	-3.9713263246482104	1.6425042599175395
1.6400000000000012	3.487411076491081	0.6974822152982162	0.	0	-3.90559133441511	1.6153168689410324
1.6500000000000012	3.367157890779079	0.6734315781558159	0.	0	-3.841368490612183	1.5887548879032063
1.6600000000000013	3.2506903786415595	0.650138075728312	0.	0	-3.778617161666272	1.5628015119568777
1.6700000000000013	3.1378799549356007	0.6275759909871201	0.	0	-3.7172977918059775	1.5374403811966362
1.6800000000000013	3.0286026371792674	0.6057205274358535	0.	0	-3.6573718851709742	1.5126555740866003
1.6900000000000013	2.9227388853728	0.58454777707456	0.	0	-3.598801988548363	1.4884316003203322
1.7000000000000013	2.820173446046445	0.564034689209289	0.	0	-3.5415516729612704	1.4647533932060495
1.7100000000000013	2.7207952005996994	0.5441590401199399	0.	0	-3.485585514311538	1.44160630166062
1.7200000000000013	2.6244970179701075	0.5248994035940215	0.	0	-3.430869073256732	1.4189760818868755
1.7300000000000013	2.531175611646395	0.506235122329279	0.	0	-3.3773688744820474	1.3968488888006616
1.7400000000000013	2.440731401020372	0.4881462802040744	0.	0	-3.325052385510216	1.3752112672668095
1.7500000000000013	2.353068377054683	0.4706136754109366	0.	0	-3.273887995176146	1.3540501431964431
1.7600000000000013	2.26809397222833	0.45361879444566605	0.	0	-3.2238449918787966	1.3333528145521532
1.7700000000000014	2.185718934709047	0.43714378694180944	0.	0	-3.174893541709377	1.3131069423020212
1.7800000000000014	2.1058572066908092	0.42117144133816187	0.	0	-3.127004666543295	1.2933005413586498
1.7900000000000014	2.0284258068255094	0.4056851613651019	0.	0	-3.080150222172413	1.2739219715348618
1.8000000000000014	1.9533447166702933	0.39066894333405866	0.	0	-3.0343028765445794	1.2549599285437714
1.8100000000000014	1.8805367710658347	0.376107354213167	0.	0	-2.989436088168721	1.236403435067327
1.8200000000000014	1.8099275523557796	0.36198551047115596	0.	0	-2.9455240847358795	1.2182418319141675
1.8300000000000014	1.7414452883536986	0.34828905767073975	0.	0	-2.902541841999653	1.200464769284766
1.8400000000000014	1.6750207539608364	0.3350041507921673	0.	0	-2.860465062953104	1.1830621981591896
1.8500000000000014	1.610587176335853	0.3221174352671706	0.	0	-2.819270157333618	1.1660243618204944
1.8600000000000014	1.5480801435162561	0.3096160287032512	0.	0	-2.778934221482091	1.1493417875246734
1.8700000000000014	1.487437516390412	0.29748750327808243	0.	0	-2.7394350185783543	1.133005278326205
1.8800000000000014	1.4285993439188156	0.28571986878376315	0.	0	-2.70075095927069	1.1170059050666004
1.8900000000000015	1.371507781503453	0.27430155630069064	0.	0	-2.6628610827137127	1.1013349985318426
1.9000000000000015	1.3161070124047443	0.2632214024809489	0.	0	-2.625745038025728	1.0859841417833218
1.9100000000000015	1.2623431721065324	0.25246863442130646	0.	0	-2.589383066173815	1.0709451626656692
1.9200000000000015	1.2101642755308446	0.24203285510616893	0.	0	-2.553755982292422	1.0562101264938903
1.9300000000000015	1.1595201470056506	0.23190402940113014	0.	0	-2.518845158439043	1.0417713289212722
1.9400000000000015	1.1103623528906477	0.22207247057812954	0.	0	-2.484632506788627	1.0276212889887413
1.9500000000000015	1.0626441367678992	0.21252882735357984	0.	0	-2.4511004632665796	1.0137527423556258
1.9600000000000015	1.0163203571063135	0.2032640714212627	0.	0	-2.418231971618908	1.0001586347112112
1.9700000000000015	0.9713474273109994	0.1942694854621999	0.	0	-2.3860104679165643	0.9868321153658799
1.9800000000000015	0.9276832580708803	0.18553665161417607	0.	0	-2.3544198654900748	0.97376653102021
1.9900000000000015	0.8852872019201674	0.17705744038403348	0.	0	-2.323444540289509	0.9609554197099937
2.0000000000000013	0.8441199999317316	0.16882399998634634	0.	0	-2.293069316664016	0.9483925049247829
2.010000000000001	0.8041437304627129	0.1608287460925426	0.	0	-2.2632794535544916	0.9360716898973024
2.020000000000001	0.7653217598751989	0.1530643519750398	0.	0	-2.234060631092306	0.923987052060807
2.0300000000000007	0.7276186951571176	0.14552373903142354	0.	0	-2.2053989375965664	0.9121328376712672
2.0400000000000005	0.6910003383709541	0.13820006767419082	0.	0	-2.177280856961976	0.9005034565911036
2.0500000000000003	0.6554336428602163	0.13108672857204326	0.	0	-2.14969325642899	0.8890934772310352
2.06	0.6208866711459644	0.12417733422919289	0.	0	-2.122623374727813	0.8778976216465445
2.07	0.5873285544480208	0.11746571088960417	0.	0	-2.0960588105874676	0.8669107607853345
2.0799999999999996	0.5547294537677362	0.11094589075354724	0.	0	-2.069987511601102	0.856127909882121
2.0899999999999994	0.5230605224714423	0.10461210449428847	0.	0	-2.0443977634386434	0.8455442239970837
2.099999999999999	0.49229387031590466	0.09845877406318093	0.	0	-2.0192781793977495	0.8351549936942378
2.109999999999999	0.4624025288592023	0.09248050577184047	0.	0	-1.9946176902841242	0.8249556408560227
2.1199999999999988	0.43336041820256965	0.08667208364051393	0.	0	-1.9704055346121874	0.8149417146303893
2.1299999999999986	0.4051423150107443	0.08102846300214887	0.	0	-1.9466312491172255	0.805108887506713
2.1399999999999983	0.37772382176035163	0.07554476435207033	0.	0	-1.9232846595701454	0.795452951516859
2.149999999999998	0.35108133716774886	0.07021626743354978	0.	0	-1.9003558718861242	0.7859698145578015
2.159999999999998	0.3251920277496287	0.06503840554992574	0.	0	-1.8778352635185154	0.7766554968322217
2.1699999999999977	0.30003380047147954	0.06000676009429591	0.	0	-1.8557134751295075	0.767506127403569
2.1799999999999975	0.2755852764407225	0.055117055288144506	0.	0	-1.8339814025292192	0.7585179408621439
2.1899999999999973	0.25182576560304826	0.05036515312060966	0.	0	-1.812630188874997	0.7496872740987984
2.199999999999997	0.2287352424021051	0.04574704848042102	0.	0	-1.7916512171229215	0.7410105631829494
2.209999999999997	0.20629432236424106	0.04125886447284821	0.	0	-1.771036102723637	0.7324843403416392
2.2199999999999966	0.18448423957154256	0.036896847914308514	0.	0	-1.7507766865548429	0.7241052310364792
2.2299999999999964	0.16328682498785796	0.032657364997571596	0.	0	-1.7308650280829223	0.7158699511353621
2.239999999999996	0.1426844856039195	0.028536897120783902	0.	0	-1.7112933987464103	0.7077753041759245
2.249999999999996	0.12266018436901405	0.02453203687380281	0.	0	-1.692054275554172	0.6998181787178123
2.259999999999996	0.10319742087797618	0.020639484175595236	0.	0	-1.6731403348913236	0.6919955457808658
2.2699999999999956	0.08428021278353848	0.016856042556707695	0.	0	-1.6545444465261652	0.684304456366442
2.2799999999999954	0.06589307790526264	0.013178615581052528	0.	0	-1.6362596678115375	0.6767420390591498
2.289999999999995	0.048021017007458436	0.009604203401491688	0.	0	-1.6182792380742403	0.6693054977063626
2.299999999999995	0.030649497219615848	0.00612989944392317	0.	0	-1.6005965731862795	0.6619921091729378
2.3099999999999947	0.013764436073931378	0.002752887214786276	0.	0	-1.5832052603119735	0.6547992211686671
2.3199999999999945	-0.002647813864434331	0.0005295627728868663	0.	0	-1.566099052825031	0.6477242501460263
2.3299999999999943	-0.018600479797757103	0.0037200959595514206	0.	0	-1.5492718653899866	0.6407646792659025
2.339999999999994	-0.03410638294922836	0.0068212765898456726	0.	0	-1.5327177692024803	0.6339180564290163
2.349999999999994	-0.04917795229104001	0.009835590458208003	0.	0	-1.5164309873830863	0.6271819923708526
2.3599999999999937	-0.06382723776770838	0.012765447553541677	0.	0	-1.5004058905195192	0.6205541588179572
2.3699999999999934	-0.07806592303442937	0.015613184606885875	0.	0	-1.4846369923522826	0.6140322867035607
2.3799999999999932	-0.09190533772946481	0.018381067545892964	0.	0	-1.46911894559888	0.6076141644405102
2.389999999999993	-0.10535646929876993	0.021071293859753988	0.	0	-1.4538465379119738	0.6012976362496008
2.399999999999993	-0.11842997439032925	0.02368599487806585	0.	0	-1.4388146879669543	0.5950806005414302
2.4099999999999926	-0.13113618983497183	0.026227237966994367	0.	0	-1.4240184416745587	0.5889610083499721
2.4199999999999924	-0.1434851432297332	0.02869702864594664	0.	0	-1.4094529685143233	0.582936861816126
2.429999999999992	-0.15548656313919335	0.031097312627838672	0.	0	-1.3951135579847984	0.5770062127195583
2.439999999999992	-0.1671498889295762	0.03342997778591524	0.	0	-1.3809956161665708	0.5711671610571993
2.4499999999999917	-0.17848428024981264	0.035696856049962526	0.	0	-1.3670946623943008	0.5654178536668294
2.4599999999999915	-0.18949862617317884	0.03789972523463577	0.	0	-1.3534063260340747	0.5597564828942206
2.4699999999999913	-0.20020155401256717	0.04004031080251344	0.	0	-1.3399263433625417	0.5541812853023761
2.479999999999991	-0.21060143782193325	0.042120287564386655	0.	0	-1.3266505545443925	0.5486905404214434
2.489999999999991	-0.22070640659593427	0.044141281319186855	0.	0	-1.3135749007048532	0.5432825695379242
2.4999999999999907	-0.2305243521793054	0.04610487043586108	0.	0	-1.3006954210940105	0.5379557345218658
2.5099999999999905	-0.24006293689703667	0.048012587379407334	0.	0	-1.2880082503398733	0.5327084366907521
2.5199999999999902	-0.2493296009159845	0.0498659201831969	0.	0	-1.27550961578717	0.5275391157088541
2.52999999999999	-0.25833156934811186	0.05166631386962237	0.	0	-1.263195834919029	0.5224462485208615
2.53999999999999	-0.2670758591051372	0.053415171821027445	0.	0	-1.251063312858734	0.5174283483186304
2.5499999999999896	-0.2755692855139959	0.05511385710279918	0.	0	-1.2391085399488844	0.512483963539947
2.5599999999999894	-0.28381846870212324	0.05676369374042465	0.	0	-1.2273280894053609	0.5076116768982293
2.569999999999989	-0.2918298397612134	0.058365967952242685	0.	0	-1.2157186150436101	0.5028101044421386
2.579999999999989	-0.29960964669776924	0.05992192933955385	0.	0	-1.2042768490748057	0.4980778946440919
2.5899999999999888	-0.30716396017841413	0.06143279203568283	0.	0	-1.192999599969588	0.4934137275167249
2.5999999999999885	-0.3144986790776306	0.06289973581552613	0.	0	-1.181883750387112	0.4888163137563645
2.6099999999999883	-0.3216195358352736	0.06432390716705472	0.	0	-1.1709262551672337	0.48428439391261546
2.619999999999988	-0.3285321016309288	0.06570642032618576	0.	0	-1.1601241393837565	0.4798167375832012
2.629999999999988	-0.3352417913818963	0.06704835827637927	0.	0	-1.1494744964566974	0.4754121426332144
2.6399999999999877	-0.34175386857131057	0.06835077371426211	0.	0	-1.13897448632163	0.47106943443797356
2.6499999999999875	-0.34807344991265987	0.06961468998253198	0.	0	-1.1286213336542192	0.46678746514870717
2.6599999999999873	-0.35420550985671667	0.07084110197134334	0.	0	-1.1184123261481396	0.4625651129803164
2.669999999999987	-0.36015488494664766	0.07203097698932953	0.	0	-1.1083448128446054	0.45840128152048376
2.679999999999987	-0.3659262780268593	0.07318525560537185	0.	0	-1.098416202511829	0.4542948990594325
2.6899999999999866	-0.371524262310908	0.0743048524621816	0.	0	-1.088623962072786	0.45024491793966404
2.6999999999999864	-0.37695328531359873	0.07539065706271975	0.	0	-1.0789656150796791	0.44625031392501024
2.709999999999986	-0.3822176726521913	0.07644353453043827	0.	0	-1.0694387402336145	0.44231008558838564
2.719999999999986	-0.38732163172145656	0.07746432634429132	0.	0	-1.06004096994799	0.4384232537176171
2.7299999999999858	-0.3922692552471232	0.07845385104942465	0.	0	-1.050769988954199	0.43458886073877645
2.7399999999999856	-0.3970645247220905	0.0794129049444181	0.	0	-1.041623532948264	0.4308059701564399
2.7499999999999853	-0.4017113137296119	0.08034226274592238	0.	0	-1.032599387277093	0.4270736660103364
2.759999999999985	-0.40621339115749505	0.08124267823149901	0.	0	-1.0236953856630753	0.4233910523478511
2.769999999999985	-0.41057442430719526	0.08211488486143906	0.	0	-1.014909408965771	0.4197572527118727
2.7799999999999847	-0.4147979819015529	0.08295959638031059	0.	0	-1.0062393839795385	0.4161714096435018
2.7899999999999845	-0.41888753699476117	0.08377750739895223	0.	0	-0.9976832822659121	0.4126326841991343
2.7999999999999843	-0.4228464697880262	0.08456929395760525	0.	0	-0.9892391190196514	0.4091402554814688
2.809999999999984	-0.42667807035424304	0.08533561407084861	0.	0	-0.9809049519673729	0.40569332018399124
2.819999999999984	-0.4303855412748913	0.08607710825497827	0.	0	-0.9726788802977356	0.4022910921485091
2.8299999999999836	-0.4339720001922281	0.08679440003844563	0.	0	-0.9645590436221828	0.3989328019353241
2.8399999999999834	-0.4374404822797372	0.08748809645594745	0.	0	-0.956543620965275	0.3956176964056427
2.849999999999983	-0.4407939426336923	0.08815878852673847	0.	0	-0.948630829783676	0.39234503831583795
2.859999999999983	-0.4440352585885739	0.08880705171771479	0.	0	-0.9408189250128995	0.3891141059231928
2.869999999999983	-0.4471672319589809	0.08943344639179618	0.	0	-0.9331061981409433	0.38592419260276306
2.8799999999999826	-0.45019259121058086	0.09003851824211617	0.	0	-0.925490976307967	0.382774606475013
2.8899999999999824	-0.45311399356254645	0.09062279871250929	0.	0	-0.917971621431212	0.3796646700438899
2.899999999999982	-0.4559340270238336	0.09118680540476673	0.	0	-0.9105465293543659	0.3765937198450089
2.909999999999982	-0.45865521236556994	0.09173104247311399	0.	0	-0.903214129020621	0.37356110610363785
2.9199999999999817	-0.46128000503174027	0.09225600100634807	0.	0	-0.8959728816686956	0.37056619240217875
2.9299999999999815	-0.46381079699027356	0.09276215939805471	0.	0	-0.8888212800511075	0.36760835535685304
2.9399999999999813	-0.4662499185265551	0.09324998370531103	0.	0	-0.8817578476740129	0.3646869843033058
2.949999999999981	-0.4685996399813209	0.09371992799626419	0.	0	-0.8747811380579528	0.3618014809908573
2.959999999999981	-0.47086217343481174	0.09417243468696235	0.	0	-0.8678897340188734	0.3589512592851395
2.9699999999999807	-0.4730396743390021	0.09460793486780043	0.	0	-0.8610822469687823	0.3561357448788539
2.9799999999999804	-0.47513424309964647	0.0950268486199293	0.	0	-0.8543573162354712	0.3533543750104152
2.9899999999999802	-0.47714792660982935	0.09542958532196588	0.	0	-0.8477136084007059	0.3506065981902326
2.99999999999998	-0.47908271973664024	0.09581654394732805	0.	0	-0.841149816656328	0.34789187393439924
3.00999999999998	-0.4809405667625329	0.09618811335250659	0.	0	-0.8346646601777408	0.3452096725055718
3.0199999999999796	-0.48272336278288147	0.0965446725565763	0.	0	-0.8282568835142422	0.342559474660818
3.0299999999999794	-0.484432955061183	0.09688659101223661	0.	0	-0.8219252559957064	0.33994077140622525
3.039999999999979	-0.486071144343305	0.097214228868661	0.	0	-0.8156685711551225	0.33735306375806795
3.049999999999979	-0.4876396861321322	0.09752793722642644	0.	0	-0.8094856461665264	0.33479586251034144
3.0599999999999787	-0.4891402919239138	0.09782805838478276	0.	0	-0.8033753212978492	0.33226868800846476
3.0699999999999785	-0.49057463040756466	0.09811492608151294	0.	0	-0.7973364593782621	0.3297710699289799
3.0799999999999783	-0.4919443286281346	0.09838886572562693	0.	0	-0.791367945279575	0.32730254706506245
3.089999999999978	-0.49325097311561217	0.09865019462312244	0.	0	-0.7854686854112769	0.3248626671176752
3.099999999999978	-0.49449611098019386	0.09889922219603878	0.	0	-0.7796376072288228	0.3224509864922001
3.1099999999999777	-0.4956812509750988	0.09913625019501976	0.	0	-0.7738736587547704	0.32006707010038493
3.1199999999999775	-0.496807864527988	0.0993615729055976	0.	0	-0.7681758081124003	0.31771049116745226
3.1299999999999772	-0.4978773867419927	0.09957547734839856	0.	0	-0.7625430430714454	0.3153808310442181
3.139999999999977	-0.4988912173673326	0.09977824347346653	0.	0	-0.7569743706055924	0.31307767902407796
3.149999999999977	-0.4998507217444676	0.09997014434889352	0.	0	-0.7514688164613932	0.31080063216471293
3.1599999999999766	-0.5007572317196917	0.10015144634393834	0.	0	-0.7460254247382829	0.3085492951143888
3.1699999999999764	-0.5016120465340489	0.10032240930680979	0.	0	-0.7406432574793597	0.306323279942706
3.179999999999976	-0.5024164336864201	0.10048328673728402	0.	0	-0.7353213942726325	0.30412220597568007
3.189999999999976	-0.5031716297715983	0.10063432595431968	0.	0	-0.7300589318624339	0.301945699635025
3.1999999999999758	-0.5038788412941473	0.10077576825882946	0.	0	-0.7248549837707061	0.2997933942815208
3.2099999999999755	-0.5045392454587998	0.10090784909175997	0.	0	-0.7197086799278758	0.29766493006234646
3.2199999999999753	-0.5051539909381465	0.1010307981876293	0.	0	-0.7146191663130572	0.2955599537622716
3.229999999999975	-0.505724198618311	0.1011448397236622	0.	0	-0.7095856046033033	0.29347811865858975
3.239999999999975	-0.506250962323316	0.10125019246466321	0.	0	-0.7046071718316638	0.29141908437969416
3.2499999999999747	-0.5067353495187938	0.10134706990375877	0.	0	-0.6996830600537949	0.28938251676719096
3.2599999999999745	-0.5071784019956914	0.10143568039913829	0.	0	-0.6948124760228808	0.2873680877414495
3.2699999999999743	-0.5075811365345851	0.10151622730691703	0.	0	-0.6899946408726382	0.28537547517049566
3.279999999999974	-0.5079445455512108	0.10158890911024217	0.	0	-0.6852287898081763	0.2834043627421548
3.289999999999974	-0.5082695977237831	0.10165391954475662	0.	0	-0.6805141718044905	0.28145443983935137
3.2999999999999736	-0.50855723860267	0.101711447720534	0.	0	-0.6758500493123853	0.2795254014184811
3.3099999999999734	-0.5088083912029612	0.10176167824059223	0.	0	-0.6712356979716154	0.27761694789076896
3.319999999999973	-0.5090239565804545	0.10180479131609091	0.	0	-0.6666704063310456	0.27572878500653
3.329999999999973	-0.5092048143915676	0.10184096287831353	0.	0	-0.6621534755756409	0.2738606237422546
3.3399999999999728	-0.5093518234376628	0.10187036468753258	0.	0	-0.6576842192600982	0.27201218019044143
3.3499999999999726	-0.5094658221942623	0.10189316443885246	0.	0	-0.6532619630489318	0.27018317545209847
3.3599999999999723	-0.5095476293256038	0.10190952586512077	0.	0	-0.6488860444628486	0.26837333553184695
3.369999999999972	-0.50959804418499	0.10191960883699801	0.	0	-0.6445558126312303	0.2665823912355498
3.379999999999972	-0.5096178473013505	0.1019235694602701	0.	0	-0.6402706280505651	0.26481007807040113
3.3899999999999717	-0.5096078008524366	0.10192156017048733	0.	0	-0.6360298623486643	0.26305613614740864
3.3999999999999715	-0.5095686491250462	0.10191372982500924	0.	0	-0.6318328980545099	0.2613203100862045
3.4099999999999713	-0.509501118962668	0.1019002237925336	0.	0	-0.6276791283735802	0.25960234892212214
3.419999999999971	-0.5094059202009217	0.10188118404018434	0.	0	-0.6235679569685074	0.25790200601547836
3.429999999999971	-0.5092837460911517	0.10185674921823035	0.	0	-0.6194987977449268	0.2562190389630023
3.4399999999999706	-0.5091352737125329	0.10182705474250658	0.	0	-0.6154710746423753	0.25455320951135296
3.4499999999999704	-0.5089611643730237	0.10179223287460476	0.	0	-0.6114842214301071	0.25290428347267074
3.45999999999997	-0.508762063999496	0.1017524127998992	0.	0	-0.607537681507701	0.2512720306421103
3.46999999999997	-0.5085386035173611	0.10170772070347223	0.	0	-0.6036309077103226	0.24965622471729831
3.47999999999997	-0.5082913992200012	0.10165827984400025	0.	0	-0.5997633621185265	0.2480566432196703
3.4899999999999696	-0.508021053128304	0.10160421062566082	0.	0	-0.5959345158724834	0.24647306741763586
3.4999999999999694	-0.5077281533405863	0.10154563066811727	0.	0	-0.5921438489904985	0.24490528225152017
3.509999999999969	-0.5074132743731924	0.10148265487463848	0.	0	-0.5883908501917343	0.24335307626024297
3.519999999999969	-0.507076977492035	0.101415395498407	0.	0	-0.5846750167230053	0.24181624150968337
3.5299999999999687	-0.5067198110353405	0.1013439622070681	0.	0	-0.5809958541895536	0.24029457352268946
3.5399999999999685	-0.5063423107278532	0.10126846214557064	0.	0	-0.5773528763896969	0.23878787121069053
3.5499999999999683	-0.5059449999867491	0.10118899999734983	0.	0	-0.5737456051532498	0.23729593680686958
3.559999999999968	-0.5055283902194881	0.10110567804389764	0.	0	-0.5701735701836188	0.23581857580085533
3.569999999999968	-0.5050929811138466	0.10101859622276932	0.	0	-0.5666363089034842	0.2343555968748973
3.5799999999999677	-0.5046392609203482	0.10092785218406963	0.	0	-0.5631333663039672	0.23290681184148335
3.5899999999999674	-0.5041677067273087	0.10083354134546174	0.	0	-0.5596642947972004	0.23147203558236346
3.5999999999999672	-0.5036787847287116	0.10073575694574233	0.	0	-0.5562286540722139	0.2300510859889461
3.609999999999967	-0.5031729504851093	0.10063459009702187	0.	0	-0.5528260109540495	0.22864378390402887
3.619999999999967	-0.502650649177757	0.10053012983555142	0.	0	-0.549455939266026	0.22724995306483275
3.6299999999999666	-0.5021123158561605	0.1004224631712321	0.	0	-0.5461180196950725	0.22586942004730517
3.6399999999999664	-0.5015583756792334	0.1003116751358467	0.	0	-0.5428118396600549	0.22450201421166113
3.649999999999966	-0.5009892441502363	0.10019784883004726	0.	0	-0.5395369931830183	0.22314756764913019
3.659999999999966	-0.5004053273456747	0.10008106546913494	0.	0	-0.5362930807632756	0.22180591512988054
3.6699999999999657	-0.4998070221383272	0.09996140442766543	0.	0	-0.5330797092542675	0.2204768940520896
3.6799999999999655	-0.4991947164145621	0.09983894328291243	0.	0	-0.5298964917431276	0.2191603443921332
3.6899999999999653	-0.4985687892861088	0.09971375785722177	0.	0	-0.5267430474328848	0.21785610865586558
3.699999999999965	-0.4979296112964304	0.09958592225928609	0.	0	-0.5236190015272372	0.21656403183096284
3.709999999999965	-0.49727754462185303	0.0994555089243706	0.	0	-0.5205239851178356	0.2152839613403045
3.7199999999999647	-0.4966129432675941	0.09932258865351883	0.	0	-0.5174576350740131	0.21401574699636666
3.7299999999999645	-0.4959361532588313	0.09918723065176627	0.	0	-0.514419593934901	0.21275924095660215
3.7399999999999642	-0.4952475128269465	0.0990495025653893	0.	0	-0.5114095098038742	0.21151429767978402
3.749999999999964	-0.49454735259108135	0.09890947051821627	0.	0	-0.5084270362452686	0.2102807738832889
3.759999999999964	-0.4938359957351268	0.09876719914702536	0.	0	-0.5054718321833137	0.20905852850129636
3.7699999999999636	-0.49311375818027836	0.09862275163605567	0.	0	-0.5025435618032279	0.207847422643883
3.7799999999999634	-0.49238094875327143	0.0984761897506543	0.	0	-0.49964189445442636	0.2066473195569899
3.789999999999963	-0.49163786935041914	0.09832757387008384	0.	0	-0.49676650455578475	0.20545808458324064
3.799999999999963	-0.4908848150975628	0.09817696301951256	0.	0	-0.4939170715029157	0.20427958512359176
3.8099999999999627	-0.49012207450604783	0.09802441490120957	0.	0	-0.4910932795774067	0.20311169059979434
3.8199999999999625	-0.4893499296248325	0.0978699859249665	0.	0	-0.488294817857971	0.20195427241764674
3.8299999999999623	-0.48856865618883133	0.09771373123776628	0.	0	-0.48552138013346885	0.20080720393102108
3.839999999999962	-0.48777852376359704	0.09755570475271941	0.	0	-0.4827726648177541	0.19967036040664463
3.849999999999962	-0.48697979588643836	0.09739595917728767	0.	0	-0.4800483748662998	0.19854361898961675
3.8599999999999617	-0.48617273020406715	0.09723454604081344	0.	0	-0.47734821769456504	0.1974268586696463
3.8699999999999615	-0.48535757860687134	0.09707151572137428	0.	0	-0.4746719050980596	0.196319960247991
3.8799999999999613	-0.4845345873598979	0.09690691747197959	0.	0	-0.4720191531740649	0.1952228063050821
3.889999999999961	-0.48370399723064106	0.09674079944612822	0.	0	-0.4693896822449764	0.19413528116881928
3.899999999999961	-0.4828660436137106	0.09657320872274212	0.	0	-0.46678321678322693	0.1930572708835198
3.9099999999999606	-0.48202095665247185	0.09640419133049438	0.	0	-0.4641994853377523	0.1919886631795052
3.9199999999999604	-0.4811689613577324	0.09623379227154649	0.	0	-0.46163822046196806	0.19092934744331336
3.92999999999996	-0.4803102777235525	0.0960620555447105	0.	0	-0.45909915864321904	0.18987921468851923
3.93999999999996	-0.47944512084025914	0.09588902416805184	0.	0	-0.45658204023366533	0.18883815752715008
3.9499999999999598	-0.47857370100473196	0.09571474020094639	0.	0	-0.45408660938257844	0.18780607014168374
3.9599999999999596	-0.4776962238280365	0.09553924476560731	0.	0	-0.45161261397000957	0.18678284825761435
3.9699999999999593	-0.4768128903404698	0.09536257806809396	0.	0	-0.44915980554179774	0.18576838911657248
3.979999999999959	-0.4759238970940913	0.09518477941881825	0.	0	-0.4467279392458917	0.18476259144998833
3.989999999999959	-0.47502943626279714	0.09500588725255943	0.	0	-0.4443167737699544	0.18376535545328537
3.9999999999999587	-0.474129695740009	0.0948259391480018	0.	0	-0.4419260712802142	0.1827765827605902
4.009999999999959	-0.47322485923403296	0.09464497184680659	0.	0	-0.4395555973615475	0.18179617641995072
4.019999999999959	-0.472315106361153	0.09446302127223061	0.	0	-0.43720512095874964	0.1808240408690468
4.0299999999999585	-0.47140061273651357	0.09428012254730272	0.	0	-0.43487441431897994	0.17986008191138575
4.039999999999958	-0.47048155006285103	0.09409631001257021	0.	0	-0.43256325293534686	0.17890420669296975
4.049999999999958	-0.46955808621712825	0.09391161724342566	0.	0	-0.43027141549161185	0.177956323679426
4.059999999999958	-0.4686303853351249	0.09372607706702499	0.	0	-0.4279986838079825	0.17701634263358698
4.069999999999958	-0.46769860789403706	0.09353972157880741	0.	0	-0.4257448427879739	0.17608417459351314
4.079999999999957	-0.46676291079313526	0.09335258215862706	0.	0	-0.4235096803663168	0.17515973185094788
4.089999999999957	-0.4658234474325328	0.09316468948650657	0.	0	-0.4212929874578796	0.17424292793019233
4.099999999999957	-0.4648803677901079	0.09297607355802158	0.	0	-0.41909455790759403	0.1733336775673951
4.109999999999957	-0.4639338184966319	0.09278676369932638	0.	0	-0.4169141884413535	0.17243189669024406
4.119999999999957	-0.46298394290914496	0.092596788581829	0.	0	-0.41475167861786505	0.17153750239805307
4.129999999999956	-0.4620308811826226	0.09240617623652453	0.	0	-0.41260683078143706	0.17065041294223504
4.139999999999956	-0.461074770339981	0.09221495406799621	0.	0	-0.4104794500156753	0.16977054770715144
4.149999999999956	-0.46011574434045704	0.09202314886809142	0.	0	-0.40836934409807557	0.1688978271913319
4.159999999999956	-0.459153934146408	0.0918307868292816	0.	0	-0.40627632345548703	0.16803217298905437
4.1699999999999555	-0.45818946778856673	0.09163789355771335	0.	0	-0.4042002011204296	0.16717350777227852
4.179999999999955	-0.457222470429794	0.09144449408595881	0.	0	-0.40214079268824726	0.16632175527292448
4.189999999999955	-0.4562530644273644	0.09125061288547288	0.	0	-0.4000979162750786	0.16547684026549006
4.199999999999955	-0.4552813693938207	0.09105627387876414	0.	0	-0.39807139247662804	0.16463868854999883
4.209999999999955	-0.45430750225643407	0.09086150045128683	0.	0	-0.3960610443277149	0.16380722693527
4.2199999999999545	-0.453331577315304	0.09066631546306081	0.	0	-0.3940666972625952	0.1629823832225078
4.229999999999954	-0.45235370630013017	0.09047074126002604	0.	0	-0.3920881790760259	0.1621640861891981
4.239999999999954	-0.4513739984256914	0.0902747996851383	0.	0	-0.39012531988506516	0.16135226557330928
4.249999999999954	-0.4503925604460615	0.0900785120892123	0.	0	-0.38817795209159034	0.16054685205779015
4.259999999999954	-0.44940949670759356	0.08988189934151872	0.	0	-0.3862459103455168	0.15974777725535738
4.269999999999953	-0.4484249092007029	0.08968498184014058	0.	0	-0.3843290315087046	0.1589549736935678
4.279999999999953	-0.4474388976104782	0.08948777952209565	0.	0	-0.38242715461953697	0.1581683748001683
4.289999999999953	-0.44645155936614916	0.08929031187322983	0.	0	-0.38054012085815747	0.1573879148887183
4.299999999999953	-0.4454629896894374	0.08909259793788749	0.	0	-0.3786677735123532	0.15661352914447924
4.3099999999999525	-0.44447328164182043	0.08889465632836409	0.	0	-0.376809957944066	0.1558451536105641
4.319999999999952	-0.44348252617073186	0.08869650523414638	0.	0	-0.3749665215565228	0.15508272517434263
4.329999999999952	-0.4424908121547258	0.08849816243094516	0.	0	-0.3731373137619716	0.15432618155409736
4.339999999999952	-0.44149822644762976	0.08829964528952595	0.	0	-0.37132218595000865	0.15357546128592398
4.349999999999952	-0.4405048539217092	0.08810097078434184	0.	0	-0.3695209914564832	0.1528305037108706
4.3599999999999515	-0.43951077750987066	0.08790215550197414	0.	0	-0.367733585532975	0.152091248962314
4.369999999999951	-0.4385160782469216	0.08770321564938433	0.	0	-0.36595982531682325	0.15135763795356377
4.379999999999951	-0.4375208353099152	0.08750416706198305	0.	0	-0.3641995698017013	0.15062961236569236
4.389999999999951	-0.43652512605759713	0.08730502521151944	0.	0	-0.36245267980872525	0.14990711463558587
4.399999999999951	-0.43552902606897864	0.08710580521379574	0.	0	-0.3607190179580852	0.1491900879442109
4.40999999999995	-0.4345326091810554	0.08690652183621109	0.	0	-0.3589984486411849	0.14847847620509186
4.41999999999995	-0.4335359475256933	0.08670718950513867	0.	0	-0.3572908379932868	0.14777222405299717
4.42999999999995	-0.43253911156570035	0.08650782231314008	0.	0	-0.35559605386664495	0.1470712768328272
4.43999999999995	-0.4315421701301029	0.08630843402602058	0.	0	-0.3539139658041195	0.1463755805887017
4.4499999999999496	-0.43054519044864753	0.08610903808972951	0.	0	-0.35224444501326174	0.14568508205324135
4.459999999999949	-0.42954823818554533	0.08590964763710907	0.	0	-0.3505873643408625	0.14499972863704133
4.469999999999949	-0.4285513774724757	0.08571027549449514	0.	0	-0.3489425982479495	0.14431946841833043
4.479999999999949	-0.4275546709408673	0.08551093418817346	0.	0	-0.34731002278523115	0.14364425013281487
4.489999999999949	-0.4265581797534766	0.08531163595069532	0.	0	-0.3456895155689713	0.14297402316370028
4.4999999999999485	-0.4255619636352734	0.08511239272705468	0.	0	-0.3440809557572923	0.14230873753189088
4.509999999999948	-0.42456608090365666	0.08491321618073133	0.	0	-0.3424842240268918	0.14164834388635972
4.519999999999948	-0.4235705884980117	0.08471411769960235	0.	0	-0.3408992025501714	0.14099279349468932
4.529999999999948	-0.42257554200862624	0.08451510840172526	0.	0	-0.3393257749727626	0.1403420382337767
4.539999999999948	-0.42158099570497903	0.0843161991409958	0.	0	-0.33776382639144753	0.13969603058070137
4.549999999999947	-0.42058700256341586	0.08411740051268318	0.	0	-0.3362132433324628	0.13905472360375232
4.559999999999947	-0.4195936142942291	0.08391872285884583	0.	0	-0.3346739137301807	0.13841807095361042
4.569999999999947	-0.4186008813681493	0.08372017627362988	0.	0	-0.3331457269061604	0.13778602685468447
4.579999999999947	-0.4176088530422695	0.08352177060845391	0.	0	-0.3316285735485611	0.1371585460965965
4.589999999999947	-0.4166175773854097	0.08332351547708194	0.	0	-0.33012234569191046	0.13653558402581417
4.599999999999946	-0.4156271013029361	0.08312542026058722	0.	0	-0.3286269366972206	0.13591709653742712
4.609999999999946	-0.4146374705610492	0.08292749411220984	0.	0	-0.32714224123244673	0.1353030400670646
4.619999999999946	-0.4136487298105502	0.08272974596211004	0.	0	-0.3256681552532792	0.1346933715829513
4.629999999999946	-0.4126609226101003	0.08253218452202006	0.	0	-0.3242045759842641	0.1340880485780992
4.6399999999999455	-0.4116740914489811	0.08233481828979622	0.	0	-0.3227514019002468	0.13348702906263252
4.649999999999945	-0.4106882777693714	0.08213765555387428	0.	0	-0.3213085327081294	0.1328902715562429
4.659999999999945	-0.4097035219881489	0.0819407043976298	0.	0	-0.3198758693289384	0.13229773508077267
4.669999999999945	-0.4087198635182274	0.08174397270364549	0.	0	-0.31845331388019593	0.13170937915292394
4.679999999999945	-0.4077373407894415	0.08154746815788831	0.	0	-0.3170407696585887	0.13112516377709046
4.689999999999944	-0.4067559912689883	0.08135119825379766	0.	0	-0.3156381411229291	0.1305450494383105
4.699999999999944	-0.4057758514814356	0.08115517029628712	0.	0	-0.314245333877401	0.12996899709533752
4.709999999999944	-0.40479695702830676	0.08095939140566136	0.	0	-0.31286225465508993	0.12939696817382837
4.719999999999944	-0.40381934260725266	0.08076386852145054	0.	0	-0.31148881130178463	0.12882892455964381
4.729999999999944	-0.40284304203081817	0.08056860840616364	0.	0	-0.3101249127600515	0.12826482859226182
4.739999999999943	-0.4018680882448137	0.08037361764896274	0.	0	-0.30877046905357414	0.12770464305830054
4.749999999999943	-0.40089451334630044	0.08017890266926009	0.	0	-0.30742539127175184	0.1271483311851484
4.759999999999943	-0.3999223486011973	0.07998446972023947	0.	0	-0.3060895915545536	0.12659585663469977
4.769999999999943	-0.3989516244615179	0.07979032489230359	0.	0	-0.3047629830776243	0.12604718349719524
4.7799999999999425	-0.3979823705822474	0.07959647411644949	0.	0	-0.30344548003763283	0.12550227628516147
4.789999999999942	-0.3970146158378649	0.07940292316757298	0.	0	-0.3021369976378659	0.12496109992745315
4.799999999999942	-0.39604838833852174	0.07920967766770436	0.	0	-0.3008374520740542	0.12442361976339067
4.809999999999942	-0.39508371544588033	0.07901674308917607	0.	0	-0.2995467605204339	0.12388980153699529
4.819999999999942	-0.3941206237886243	0.07882412475772486	0.	0	-0.298264841116034	0.12335961139131787
4.8299999999999415	-0.3931591392776448	0.07863182785552897	0.	0	-0.2969916129511883	0.12283301586286019
4.839999999999941	-0.39219928712091096	0.07843985742418219	0.	0	-0.29572699605426606	0.12230998187608688
4.849999999999941	-0.39124109183803124	0.07824821836760626	0.	0	-0.29447091137861886	0.12179047673802691
4.859999999999941	-0.39028457727451343	0.07805691545490269	0.	0	-0.29322328078973775	0.12127446813296164
4.869999999999941	-0.3893297666157281	0.07786595332314562	0.	0	-0.29198402705261955	0.12076192411719994
4.87999999999994	-0.38837668240058393	0.07767533648011679	0.	0	-0.29075307381933474	0.12025281311393615
4.88999999999994	-0.38742534653491956	0.07748506930698391	0.	0	-0.2895303456167973	0.1197471039081919
4.89999999999994	-0.3864757803046186	0.07729515606092373	0.	0	-0.28831576783472945	0.11924476564183843
4.90999999999994	-0.3855280043884557	0.07710560087769114	0.	0	-0.28710926671381953	0.11874576780869882
4.9199999999999395	-0.38458203887067605	0.07691640777413522	0.	0	-0.28591076933406934	0.11825008024972843
4.929999999999939	-0.3836379032533172	0.07672758065066344	0.	0	-0.28472020360332717	0.11775767314827246
4.939999999999939	-0.3826956164682769	0.07653912329365538	0.	0	-0.2835374982460024	0.11726851702539823
4.949999999999939	-0.3817551968891338	0.07635103937782677	0.	0	-0.28236258279196025	0.1167825827353023
4.959999999999939	-0.380816662342725	0.07616333246854501	0.	0	-0.281195387565592	0.11629984146078991
4.9699999999999385	-0.37988003012048643	0.07597600602409729	0.	0	-0.28003584367505713	0.11582026470882567
4.979999999999938	-0.37894531698956235	0.07578906339791247	0.	0	-0.2788838830016973	0.11534382430615527
4.989999999999938	-0.3780125392036857	0.07560250784073715	0.	0	-0.2777394381896128	0.11487049239499435
4.999999999999938	-0.3770817125138377	0.07541634250276755	0.	0	-0.2766024426354073	0.11440024142878719
5.009999999999938	-0.37615285217868993	0.075230570435738	0.	0	-0.27547283047808935	0.11393304416802978
5.019999999999937	-0.37522597297483223	0.07504519459496645	0.	0	-0.274350536589134	0.11346887367615971
5.029999999999937	-0.37430108920679506	0.07486021784135902	0.	0	-0.27323549656269824	0.11300770331550909
5.039999999999937	-0.37337821471686394	0.0746756429433728	0.	0	-0.27212764670598916	0.1125495067433211
5.049999999999937	-0.3724573628946995	0.0744914725789399	0.	0	-0.2710269240297809	0.11209425790782783
5.0599999999999365	-0.3715385466867574	0.07430770933735148	0.	0	-0.2699332662390792	0.11164193104438916
5.069999999999936	-0.37062177860552087	0.07412435572110418	0.	0	-0.26884661172393043	0.11119250067169155
5.079999999999936	-0.36970707073854414	0.07394141414770883	0.	0	-0.2677668995503711	0.11074594158800477
5.089999999999936	-0.3687944347573138	0.07375888695146277	0.	0	-0.26669406945151775	0.11030222886749685
5.099999999999936	-0.3678838819259306	0.07357677638518612	0.	0	-0.26562806181879356	0.10986133785660539
5.1099999999999355	-0.36697542310961556	0.07339508462192311	0.	0	-0.26456881769328844	0.10942324417046416
5.119999999999935	-0.3660690687830458	0.07321381375660917	0.	0	-0.26351627875725203	0.10898792368938483
5.129999999999935	-0.3651648290385204	0.07303296580770408	0.	0	-0.2624703873257166	0.10855535255539212
5.139999999999935	-0.3642627135939627	0.07285254271879253	0.	0	-0.26143108633824685	0.10812550716881165
5.149999999999935	-0.3633627318007621	0.07267254636015243	0.	0	-0.2603983193508152	0.10769836418490968
5.159999999999934	-0.3624648926514574	0.07249297853029149	0.	0	-0.2593720305278002	0.10727390051058365
5.169999999999934	-0.3615692047872655	0.07231384095745311	0.	0	-0.2583521646341063	0.10685209330110303
5.179999999999934	-0.3606756765054597	0.07213513530109193	0.	0	-0.25733866702740155	0.10643291995689885
5.189999999999934	-0.3597843157665995	0.07195686315331991	0.	0	-0.2563314836504742	0.10601635812040262
5.199999999999934	-0.35889513020161623	0.07177902604032325	0.	0	-0.2553305610237013	0.10560238567293119
5.209999999999933	-0.3580081271187555	0.0716016254237511	0.	0	-0.25433584623763256	0.10519098073161966
5.219999999999933	-0.3571233135103823	0.07142466270207647	0.	0	-0.2533472869456843	0.10478212164639958
5.229999999999933	-0.35624069605964853	0.07124813921192971	0.	0	-0.2523648313569425	0.10437578699702242
5.239999999999933	-0.35536028114702856	0.07107205622940571	0.	0	-0.2513884282290728	0.10397195559012719
5.2499999999999325	-0.3544820748567237	0.07089641497134473	0.	0	-0.25041802686133674	0.10357060645635195
5.259999999999932	-0.3536060829829388	0.07072121659658775	0.	0	-0.24945357708771032	0.10317171884748788
5.269999999999932	-0.3527323110360341	0.07054646220720683	0.	0	-0.24849502927010617	0.10277527223367582
5.279999999999932	-0.3518607642485549	0.07037215284971098	0.	0	-0.24754233429169414	0.10238124630064388
5.289999999999932	-0.3509914475811399	0.07019828951622799	0.	0	-0.24659544355032126	0.10198962094698594
5.299999999999931	-0.3501243657283138	0.07002487314566276	0.	0	-0.2456543089520286	0.1016003762814803
5.309999999999931	-0.34925952312416303	0.06985190462483261	0.	0	-0.2447188829046627	0.10121349262044736
5.319999999999931	-0.34839692394789995	0.06967938478958	0.	0	-0.24378911831158107	0.10082895048514642
5.329999999999931	-0.3475365721293166	0.06950731442586332	0.	0	-0.24286496856544998	0.10044673059921035
5.339999999999931	-0.34667847135412916	0.06933569427082584	0.	0	-0.24194638754213182	0.10006681388611748
5.34999999999993	-0.34582262506921746	0.0691645250138435	0.	0	-0.24103332959466217	0.0996891814667007
5.35999999999993	-0.3449690364877611	0.06899380729755222	0.	0	-0.24012574954731425	0.09931381465669241
5.36999999999993	-0.34411770859427226	0.06882354171885445	0.	0	-0.2392236026897496	0.09894069496430541
5.37999999999993	-0.3432686441495303	0.06865372882990606	0.	0	-0.23832684477125282	0.09856980408784835
5.3899999999999295	-0.3424218456954184	0.06848436913908368	0.	0	-0.23743543199504982	0.0982011239133759
5.399999999999929	-0.3415773155596644	0.06831546311193289	0.	0	-0.2365493210127088	0.09783463651237297
5.409999999999929	-0.3407350558604885	0.0681470111720977	0.	0	-0.23566846891862023	0.09747032413947172
5.419999999999929	-0.3398950685111586	0.06797901370223172	0.	0	-0.23479283324455705	0.09710816923020173
5.429999999999929	-0.3390573552244559	0.06781147104489119	0.	0	-0.23392237195431284	0.09674815439877231
5.4399999999999284	-0.3382219175170528	0.06764438350341055	0.	0	-0.23305704343841566	0.09639026243588629
5.449999999999928	-0.3373887567138041	0.06747775134276082	0.	0	-0.23219680650891894	0.09603447630658554
5.459999999999928	-0.3365578739519539	0.06731157479039078	0.	0	-0.23134162039426462	0.09568077914812641
5.469999999999928	-0.3357292701852596	0.06714585403705192	0.	0	-0.23049144473422065	0.0953291542678859
5.479999999999928	-0.3349029461880344	0.06698058923760689	0.	0	-0.22964623957488994	0.09497958514129745
5.489999999999927	-0.33407890255911066	0.06681578051182213	0.	0	-0.22880596536378944	0.09463205540981569
5.499999999999927	-0.33325713972572546	0.0666514279451451	0.	0	-0.2279705829449991	0.09428654887891008
5.509999999999927	-0.3324376579473292	0.06648753158946584	0.	0	-0.22714005355437944	0.09394304951608692
5.519999999999927	-0.3316204573193195	0.06632409146386391	0.	0	-0.22631433881485596	0.09360154144893906
5.5299999999999265	-0.33080553777670246	0.06616110755534049	0.	0	-0.2254934007317696	0.09326200896322288
5.539999999999926	-0.32999289909768065	0.06599857981953614	0.	0	-0.224677201688293	0.09292443650096252
5.549999999999926	-0.3291825409071724	0.06583650818143448	0.	0	-0.22386570444091028	0.09258880865858027
5.559999999999926	-0.3283744626802604	0.06567489253605208	0.	0	-0.22305887211495976	0.09225511018505321
5.569999999999926	-0.3275686637455736	0.06551373274911472	0.	0	-0.22225666820023948	0.09192332598009563
5.5799999999999255	-0.32676514328860257	0.06535302865772051	0.	0	-0.2214590565466731	0.0915934410923664
5.589999999999925	-0.32596390035494965	0.06519278007098993	0.	0	-0.22066600136003614	0.09126544071770158
5.599999999999925	-0.32516493385351597	0.0650329867707032	0.	0	-0.2198774671977413	0.09093931019737106
5.609999999999925	-0.3243682425596251	0.06487364851192502	0.	0	-0.21909341896468204	0.09061503501635966
5.619999999999925	-0.32357382511808597	0.0647147650236172	0.	0	-0.21831382190913398	0.09029260080167188
5.629999999999924	-0.32278168004619706	0.06455633600923942	0.	0	-0.21753864161871161	0.0899719933206597
5.639999999999924	-0.3219918057366884	0.06439836114733768	0.	0	-0.21676784401638133	0.08965319847937354
5.649999999999924	-0.32120420046061027	0.06424084009212205	0.	0	-0.2160013953565291	0.08933620232093599
5.659999999999924	-0.3204188623701614	0.06408377247403228	0.	0	-0.21523926222108156	0.08902099102393743
5.6699999999999235	-0.31963578950146493	0.06392715790029299	0.	0	-0.21448141151568006	0.0887075509008537
5.679999999999923	-0.3188549797772879	0.06377099595545759	0.	0	-0.21372781046590744	0.08839586839648546
5.689999999999923	-0.31807643100970845	0.06361528620194169	0.	0	-0.21297842661356559	0.08808593008641874
5.699999999999923	-0.31730014090273145	0.06346002818054629	0.	0	-0.21223322781300344	0.08777772267550617
5.709999999999923	-0.3165261070548507	0.06330522141097014	0.	0	-0.21149218222749488	0.08747123299636889
5.7199999999999225	-0.31575432696156386	0.06315086539231278	0.	0	-0.21075525832566616	0.08716644800791896
5.729999999999922	-0.3149847980178363	0.06299695960356726	0.	0	-0.2100224248779705	0.0868633547939014
5.739999999999922	-0.3142175175205173	0.06284350350410346	0.	0	-0.20929365095321067	0.0865619405614558
5.749999999999922	-0.3134524826707088	0.06269049653414176	0.	0	-0.20856890591510882	0.08626219263969774
5.759999999999922	-0.31268969057608814	0.06253793811521763	0.	0	-0.20784815941892162	0.0859640984783188
5.769999999999921	-0.3119291382531855	0.062385827650637105	0.	0	-0.2071313814081005	0.08566764564620528
5.779999999999921	-0.3111708226296158	0.06223416452592317	0.	0	-0.2064185421109977	0.08537282183007587
5.789999999999921	-0.3104147405462676	0.06208294810925352	0.	0	-0.20570961203761515	0.08507961483313697
5.799999999999921	-0.30966088875944997	0.06193217775189	0.	0	-0.205004561976397	0.08478801257375616
5.809999999999921	-0.3089092639429958	0.061781852788599156	0.	0	-0.20430336299106489	0.08449800308415324
5.81999999999992	-0.30815986269032436	0.06163197253806488	0.	0	-0.20360598641749544	0.08420957450910886
5.82999999999992	-0.307412681516465	0.061482536303293006	0.	0	-0.20291240386063783	0.08392271510468961
5.83999999999992	-0.3066677168600386	0.06133354337200772	0.	0	-0.20222258719147396	0.08363741323699075
5.84999999999992	-0.3059249650852029	0.061184993017040584	0.	0	-0.20153650854401733	0.08335365738089504
5.8599999999999195	-0.30518442248355715	0.061036884496711435	0.	0	-0.20085414031235196	0.08307143611884803
5.869999999999919	-0.3044460852760118	0.060889217055202366	0.	0	-0.20017545514771004	0.08279073813964936
5.879999999999919	-0.3037099496146199	0.06074198992292398	0.	0	-0.19950042595558778	0.08251155223726
5.889999999999919	-0.3029760115843735	0.0605952023168747	0.	0	-0.19882902589289977	0.08223386730962524
5.899999999999919	-0.3022442672049642	0.06044885344099285	0.	0	-0.19816122836516945	0.08195767235751271
5.909999999999918	-0.3015147124325098	0.06030294248650197	0.	0	-0.19749700702375683	0.0816829564833658
5.919999999999918	-0.30078734316124617	0.06015746863224924	0.	0	-0.19683633576312212	0.08140970889017192
5.929999999999918	-0.30006215522518725	0.06001243104503745	0.	0	-0.19617918871812534	0.08113791888034566
5.939999999999918	-0.2993391443997507	0.05986782887995014	0.	0	-0.19552554026136026	0.0808675758546261
5.949999999999918	-0.2986183064033537	0.05972366128067074	0.	0	-0.19487536500052297	0.08059866931098847
5.959999999999917	-0.29789963689897525	0.059579927379795054	0.	0	-0.194228637775815	0.08033118884357017
5.969999999999917	-0.29718313149568926	0.05943662629913785	0.	0	-0.19358533365737973	0.08006512414161043
5.979999999999917	-0.29646878575016705	0.05929375715003341	0.	0	-0.19294542794277098	0.07980046498840333
5.989999999999917	-0.29575659516814984	0.05915131903362997	0.	0	-0.19230889615445546	0.07953720126026491
5.9999999999999165	-0.29504655520589285	0.05900931104117857	0.	0	-0.1916757140373461	0.07927532292551288
6.009999999999916	-0.2943386612715806	0.05886773225431612	0.	0	-0.19104585755636766	0.0790148200434599
6.019999999999916	-0.29363290872671455	0.05872658174534291	0.	0	-0.19041930289405315	0.07875568276341935
6.029999999999916	-0.2929292928874726	0.05858585857749452	0.	0	-0.18979602644817106	0.07849790132372407
6.039999999999916	-0.2922278090260436	0.058445561805208726	0.	0	-0.18917600482938238	0.07824146605075726
6.0499999999999154	-0.29152845237193253	0.05830569047438651	0.	0	-0.18855921485892813	0.07798636735799616
6.059999999999915	-0.29083121811324314	0.05816624362264863	0.	0	-0.1879456335663457	0.07773259574506741
6.069999999999915	-0.2901361013979328	0.05802722027958656	0.	0	-0.18733523818721373	0.07748014179681449
6.079999999999915	-0.2894430973350435	0.0578886194670087	0.	0	-0.18672800616092675	0.0772289961823772
6.089999999999915	-0.28875220099590854	0.05775044019918171	0.	0	-0.18612391512849663	0.0769791496542825
6.099999999999914	-0.28806340741533476	0.05761268148306695	0.	0	-0.18552294293038205	0.07673059304754667
6.109999999999914	-0.28737671159276196	0.05747534231855239	0.	0	-0.18492506760434574	0.0764833172787892
6.119999999999914	-0.28669210849339877	0.05733842169867975	0.	0	-0.18433026738333835	0.07623731334535745
6.129999999999914	-0.286009593049336	0.0572019186098672	0.	0	-0.18373852069340818	0.07599257232446223
6.1399999999999135	-0.2853291601606381	0.05706583203212762	0.	0	-0.18314980615163814	0.07574908537232457
6.149999999999913	-0.28465080469641263	0.05693016093928253	0.	0	-0.18256410256410763	0.07550684372333263
6.159999999999913	-0.2839745214958585	0.0567949042991717	0.	0	-0.18198138892388013	0.07526583868920957
6.169999999999913	-0.28330030536929357	0.056660061073858715	0.	0	-0.18140164440901585	0.0750260616581914
6.179999999999913	-0.2826281510991608	0.05652563021983216	0.	0	-0.1808248483806089	0.07478750409421536
6.1899999999999125	-0.2819580534410155	0.0563916106882031	0.	0	-0.1802509803808487	0.07455015753611806
6.199999999999912	-0.281290007124492	0.056258001424898396	0.	0	-0.17968002013110587	0.07431401359684377
6.209999999999912	-0.2806240068542509	0.05612480137085018	0.	0	-0.1791119475300411	0.07407906396266228
6.219999999999912	-0.2799600473109078	0.05599200946218156	0.	0	-0.17854674265173753	0.07384530039239663
6.229999999999912	-0.2792981231519434	0.05585962463038868	0.	0	-0.17798438574385672	0.07361271471666017
6.239999999999911	-0.2786382290125944	0.05572764580251888	0.	0	-0.17742485722581605	0.07338129883710295
6.249999999999911	-0.2779803595067274	0.05559607190134548	0.	0	-0.17686813768698967	0.07315104472566762
6.259999999999911	-0.2773245092276949	0.05546490184553898	0.	0	-0.17631420788493055	0.07292194442385398
6.269999999999911	-0.27667067274917373	0.05533413454983475	0.	0	-0.17576304874361517	0.0726939900419931
6.2799999999999105	-0.27601884462598675	0.05520376892519735	0.	0	-0.17521464135170844	0.0724671737585297
6.28999999999991	-0.27536901939490777	0.05507380387898156	0.	0	-0.17466896696085102	0.07224148781931375
6.29999999999991	-0.27472119157545105	0.05494423831509021	0.	0	-0.17412600698396638	0.07201692453690037
6.30999999999991	-0.27407535567064256	0.054815071134128514	0.	0	-0.17358574299358895	0.0717934762898582
6.31999999999991	-0.2734315061677779	0.054686301233555584	0.	0	-0.17304815672021226	0.07157113552208647
6.3299999999999095	-0.2727896375391635	0.054557927507832706	0.	0	-0.17251323005065802	0.0713498947421402
6.339999999999909	-0.2721497442428435	0.0544299488485687	0.	0	-0.17198094502646255	0.071129746522563
6.349999999999909	-0.27151182072331	0.054302364144661996	0.	0	-0.17145128384228556	0.07091068349922891
6.359999999999909	-0.2708758614122015	0.0541751722824403	0.	0	-0.1709242288443358	0.07069269837069128
6.369999999999909	-0.27024186072898454	0.054048372145796914	0.	0	-0.17039976252881683	0.07047578389753993
6.379999999999908	-0.26960981308162263	0.05392196261632453	0.	0	-0.169877867540391	0.07025993290176587
6.389999999999908	-0.26897971286723094	0.05379594257344619	0.	0	-0.1693585266706617	0.07004513826613361
6.399999999999908	-0.2683515544727181	0.05367031089454362	0.	0	-0.16884172285667393	0.06983139293356093
6.409999999999908	-0.2677253322754132	0.05354506645508264	0.	0	-0.16832743917943274	0.06961868990650621
6.419999999999908	-0.2671010406436821	0.05342020812873643	0.	0	-0.16781565886243957	0.06940702224636307
6.429999999999907	-0.2664786739375286	0.053295734787505725	0.	0	-0.1673063652702449	0.06919638307286162
6.439999999999907	-0.26585822650918534	0.05317164530183707	0.	0	-0.16679954190701946	0.0689867655634777
6.449999999999907	-0.26523969270368997	0.053047938540738	0.	0	-0.16629517241514172	0.06877816295284861
6.459999999999907	-0.26462306685945125	0.05292461337189025	0.	0	-0.16579324057380182	0.06857056853219569
6.4699999999999065	-0.264008343308803	0.05280166866176061	0.	0	-0.16529373029762232	0.06836397564875388
6.479999999999906	-0.26339551637854486	0.052679103275708974	0.	0	-0.16479662563529512	0.06815837770520801
6.489999999999906	-0.26278458039047387	0.052556916078094776	0.	0	-0.16430191076823455	0.06795376815913565
6.499999999999906	-0.2621755296619032	0.05243510593238065	0.	0	-0.1638095700092459	0.06775014052245647
6.509999999999906	-0.2615683585061711	0.05231367170123422	0.	0	-0.16331958780120995	0.06754748836088821
6.519999999999905	-0.26096306123313795	0.05219261224662759	0.	0	-0.16283194871578277	0.0673458052934089
6.529999999999905	-0.2603596321496733	0.05207192642993466	0.	0	-0.16234663745211028	0.06714508499172513
6.539999999999905	-0.259758065560133	0.0519516131120266	0.	0	-0.16186363883555863	0.06694532117974712
6.549999999999905	-0.25915835576682517	0.05183167115336504	0.	0	-0.1613829378164588	0.06674650763306934
6.559999999999905	-0.25856049707046697	0.051712099414093396	0.	0	-0.16090451946886578	0.06654863817845738
6.569999999999904	-0.257964483770631	0.051592896754126205	0.	0	-0.1604283689893321	0.06635170669334071
6.579999999999904	-0.2573703101661828	0.05147406203323656	0.	0	-0.15995447169569635	0.06615570710531164
6.589999999999904	-0.25677797055570795	0.05135559411114159	0.	0	-0.15948281302588427	0.06596063339162934
6.599999999999904	-0.25618745923793074	0.05123749184758615	0.	0	-0.15901337853672515	0.06576647957873048
6.6099999999999035	-0.25559877051212365	0.05111975410242473	0.	0	-0.15854615390278093	0.06557323974174484
6.619999999999903	-0.2550118986785068	0.05100237973570137	0.	0	-0.15808112491518897	0.06538090800401675
6.629999999999903	-0.2544268380386408	0.05088536760772816	0.	0	-0.15761827748051854	0.06518947853663208
6.639999999999903	-0.2538435828958086	0.050768716579161724	0.	0	-0.1571575976196397	0.06499894555795052
6.649999999999903	-0.25326212755539085	0.050652425511078174	0.	0	-0.15669907146660575	0.06480930333314328
6.659999999999902	-0.25268246632523167	0.050536493265046334	0.	0	-0.15624268526754811	0.06462054617373605
6.669999999999902	-0.2521045935159973	0.05042091870319946	0.	0	-0.15578842537958407	0.06443266843715728
6.679999999999902	-0.2515285034415258	0.05030570068830516	0.	0	-0.1553362782697365	0.06424566452629134
6.689999999999902	-0.2509541904191696	0.05019083808383393	0.	0	-0.15488623051386652	0.06405952888903715
6.699999999999902	-0.2503816487701307	0.05007632975402614	0.	0	-0.154438268795618	0.06387425601787154
6.709999999999901	-0.2498108728197872	0.04996217456395744	0.	0	-0.1539923799053733	0.0636898404494174
6.719999999999901	-0.2492418568980133	0.04984837137960266	0.	0	-0.15354855073922224	0.06350627676401734
6.729999999999901	-0.24867459533949204	0.04973491906789841	0.	0	-0.15310676829794193	0.06332355958531156
6.739999999999901	-0.2481090824840205	0.049621816496804104	0.	0	-0.1526670196859874	0.06314168357982058
6.7499999999999005	-0.24754531267680852	0.049509062535361706	0.	0	-0.1522292921104952	0.06296064345653307
6.7599999999999	-0.24698328026877	0.049396656053754005	0.	0	-0.1517935728802971	0.06278043396649782
6.7699999999999	-0.24642297961680792	0.04928459592336159	0.	0	-0.15135984940494457	0.06260104990242048
6.7799999999999	-0.24586440508409266	0.049172881016818534	0.	0	-0.1509281091937457	0.06242248609826502
6.7899999999999	-0.24530755104033386	0.049061510208066775	0.	0	-0.15049833985481112	0.06224473742885934
6.7999999999998995	-0.24475241186204558	0.04895048237240912	0.	0	-0.15007052909411167	0.06206779880950535
6.809999999999899	-0.24419898193280598	0.0488397963865612	0.	0	-0.1496446647145466	0.061891665195593706
6.819999999999899	-0.24364725564351009	0.04872945112870202	0.	0	-0.14922073461502108	0.06171633158222221
6.829999999999899	-0.24309722739261688	0.04861944547852338	0.	0	-0.14879872678953557	0.0615417930038192
6.839999999999899	-0.24254889158639084	0.04850977831727817	0.	0	-0.14837862932628396	0.06136804453377062
6.849999999999898	-0.242002242639137	0.048400448527827405	0.	0	-0.14796043040676224	0.061195081284051225
6.859999999999898	-0.24145727497343086	0.04829145499468618	0.	0	-0.14754411830488703	0.06102289840486014
6.869999999999898	-0.24091398302034278	0.04818279660406856	0.	0	-0.14712968138612403	0.060851491084260356
6.879999999999898	-0.2403723612196563	0.048074472243931264	0.	0	-0.14671710810662544	0.06068085454782197
6.8899999999998975	-0.23983240402008205	0.047966480804016415	0.	0	-0.14630638701237747	0.060510984058269573
6.899999999999897	-0.23929410587946526	0.04785882117589305	0.	0	-0.14589750673835725	0.06034187491513364
6.909999999999897	-0.23875746126498942	0.047751492252997886	0.	0	-0.14549045600769853	0.060173522454405354
6.919999999999897	-0.23822246465337352	0.04764449293067471	0.	0	-0.14508522363086673	0.060005922048195555
6.929999999999897	-0.23768911053106545	0.047537822106213094	0.	0	-0.14468179850484322	0.05983906910439722
6.9399999999998965	-0.23715739339442996	0.047431478678885995	0.	0	-0.14428016961231846	0.05967295906635185
6.949999999999896	-0.23662730774993163	0.04732546154998633	0.	0	-0.14388032602089343	0.05950758741251917
6.959999999999896	-0.2360988481143142	0.04721976962286284	0.	0	-0.14348225688229052	0.05934294965615073
6.969999999999896	-0.23557200901477363	0.04711440180295473	0.	0	-0.14308595143157268	0.059179041344967
6.979999999999896	-0.23504678498912834	0.04700935699782567	0.	0	-0.14269139898637043	0.05901585806083762
6.989999999999895	-0.2345231705859839	0.04690463411719678	0.	0	-0.1422985889461185	0.058853395419465694
6.999999999999895	-0.23400116036489366	0.04680023207297873	0.	0	-0.1419075107912997	0.058691649070075125
7.009999999999895	-0.23348074889651543	0.04669614977930309	0.	0	-0.14151815408269738	0.058530614695101305
7.019999999999895	-0.2329619307627638	0.04659238615255276	0.	0	-0.14113050846065578	0.05837028800988534
7.0299999999998946	-0.23244470055695773	0.04648894011139155	0.	0	-0.14074456364434862	0.058210664762371495
7.039999999999894	-0.23192905288396545	0.04638581057679309	0.	0	-0.14036030943105512	0.05805174073280771
7.049999999999894	-0.231414982360344	0.0462829964720688	0.	0	-0.1399777356954443	0.057893511733449664
7.059999999999894	-0.23090248361447577	0.046180496722895155	0.	0	-0.13959683238886658	0.057735973608267765
7.069999999999894	-0.2303915512867011	0.04607831025734022	0.	0	-0.13921758953865318	0.05757912223265739
7.0799999999998935	-0.2298821800294469	0.04597643600588938	0.	0	-0.13883999724742274	0.05742295351315209
7.089999999999893	-0.2293743645073518	0.04587487290147036	0.	0	-0.13846404569239557	0.05726746338713997
7.099999999999893	-0.22886809939738753	0.045773619879477506	0.	0	-0.1380897251247152	0.057112647822583164
7.109999999999893	-0.22836337938897727	0.04567267587779546	0.	0	-0.13771702586877707	0.05695850281774005
7.119999999999893	-0.2278601991841098	0.04557203983682196	0.	0	-0.13734593832156433	0.05680502440089067
7.129999999999892	-0.22735855349745082	0.045471710699490166	0.	0	-0.13697645295199065	0.05665220863006485
7.139999999999892	-0.22685843705645073	0.04537168741129015	0.	0	-0.13660856030025037	0.056500051592773465
7.149999999999892	-0.2263598446014495	0.0452719689202899	0.	0	-0.13624225097717466	0.05634854940574211
7.159999999999892	-0.2258627708857776	0.04517255417715552	0.	0	-0.1358775156635955	0.056197698214648116
7.169999999999892	-0.22536721067585436	0.04507344213517087	0.	0	-0.13551434510971574	0.05604749419385994
7.179999999999891	-0.2248731587512835	0.044974631750256705	0.	0	-0.1351527301344859	0.05589793354617944
7.189999999999891	-0.2243806099049447	0.04487612198098895	0.	0	-0.13479266162498754	0.05574901250258688
7.199999999999891	-0.22388955894308313	0.04477791178861663	0.	0	-0.13443413053582298	0.05560072732198847
7.209999999999891	-0.22340000068539595	0.04468000013707919	0.	0	-0.13407712788851195	0.05545307429096687
7.2199999999998905	-0.22291192996511522	0.04458238599302305	0.	0	-0.13372164477089363	0.05530604972353382
7.22999999999989	-0.22242534162908884	0.04448506832581777	0.	0	-0.1333676723365359	0.055159649960885904
7.23999999999989	-0.22194023053785858	0.044388046107571716	0.	0	-0.13301520180414989	0.055013871371162294
7.24999999999989	-0.2214565915657351	0.044291318313147025	0.	0	-0.1326642244570114	0.05486871034920559
7.25999999999989	-0.2209744196008706	0.04419488392017412	0.	0	-0.13231473164238763	0.054724163316324584
7.269999999999889	-0.22049370954532904	0.04409874190906581	0.	0	-0.13196671477097047	0.054580226720059986
7.279999999999889	-0.22001445631515318	0.04400289126303064	0.	0	-0.13162016531631515	0.054436897033952186
7.289999999999889	-0.21953665484043008	0.04390733096808602	0.	0	-0.13127507481428505	0.05429417075731167
7.299999999999889	-0.21906030006535346	0.0438120600130707	0.	0	-0.13093143486250236	0.05415204441499178
7.309999999999889	-0.21858538694828392	0.043717077389656786	0.	0	-0.1305892371198036	0.05401051455716358
7.319999999999888	-0.21811191046180656	0.043622382092361314	0.	0	-0.13024847330570202	0.053869577759093436
7.329999999999888	-0.2176398655927869	0.043527973118557384	0.	0	-0.1299091351998542	0.05372923062092246
7.339999999999888	-0.21716924734242413	0.04343384946848483	0.	0	-0.12957121464153326	0.053589469767448654
7.349999999999888	-0.21670005072630205	0.04334001014526041	0.	0	-0.12923470352910682	0.05345029184791091
7.3599999999998875	-0.21623227077443796	0.04324645415488759	0.	0	-0.12889959381952018	0.05331169353577534
7.369999999999887	-0.21576590253132988	0.04315318050626598	0.	0	-0.12856587752778556	0.053173671528524015
7.379999999999887	-0.2153009410560007	0.04306018821120014	0.	0	-0.12823354672647574	0.0530362225474455
7.389999999999887	-0.21483738142204173	0.04296747628440835	0.	0	-0.12790259354522332	0.05289934333742779
7.399999999999887	-0.21437521871765247	0.042875043743530496	0.	0	-0.12757301017022485	0.052763030666753225
7.4099999999998865	-0.2139144480456801	0.042782889609136024	0.	0	-0.1272447888437501	0.05262728132689551
7.419999999999886	-0.213455064523656	0.04269101290473121	0.	0	-0.1269179218636564	0.052492092132318854
7.429999999999886	-0.2129970632838309	0.04259941265676618	0.	0	-0.12659240158290788	0.05235745992027912
7.439999999999886	-0.21254043947320791	0.04250808789464158	0.	0	-0.1262682204090991	0.05222338155062685
7.449999999999886	-0.21208518825357373	0.04241703765071475	0.	0	-0.1259453708039844	0.05208985390561255
7.459999999999885	-0.21163130480152836	0.04232626096030567	0.	0	-0.12562384528301124	0.0519568738896937
7.469999999999885	-0.21117878430851322	0.042235756861702646	0.	0	-0.1253036364148584	0.05182443842934381
7.479999999999885	-0.21072762198083667	0.04214552439616734	0.	0	-0.12498473682097912	0.0516925444728634
7.489999999999885	-0.2102778130396989	0.04205556260793978	0.	0	-0.12466713917514873	0.05156118899019291
7.4999999999998845	-0.20982935272121472	0.041965870544242945	0.	0	-0.1243508362030162	0.05143036897272726
