0	14.85	2.1	14.95	2.1	-213.	158.9930622428482
0.01	14.83340967610055	2.0944444444444446	13.227281574724506	2.102222222222222	-200.14619121383495	149.3983842128181
0.02	14.823047815938358	2.088888888888889	12.553361102776105	2.1044444444444443	-180.27030851746102	134.56210508288322
0.03	14.816354681582268	2.0833333333333335	12.053910397645792	2.106666666666667	-159.93165261920413	119.38039060791876
0.04	14.812422575809428	2.077777777777778	11.645119508290358	2.108888888888889	-141.27484065672306	105.45408231869874
0.05	14.810730763034046	2.0722222222222224	11.294357774613914	2.111111111111111	-124.93132008562297	93.25452183312039
0.060000000000000005	14.810930654851969	2.066666666666667	10.984818085458153	2.1133333333333333	-110.90122732290122	82.78181097914691
0.07	14.812768392968486	2.0611111111111113	10.706479340418786	2.115555555555556	-98.94896380124702	73.8600880775446
0.08	14.816048844292794	2.055555555555556	10.452791425470966	2.117777777777778	-88.77770970791659	66.26779307684643
0.09	14.820616220021892	2.0500000000000003	10.219192126411533	2.12	-80.10083010237034	59.79096838577453
0.09999999999999999	14.826342580491817	2.0444444444444443	10.00235190879418	2.1222222222222222	-72.66678431882859	54.24185240465324
0.10999999999999999	14.833120525043933	2.0388888888888888	9.799752215185679	2.1244444444444444	-66.26411645372903	49.46260465631493
0.11999999999999998	14.840858291538883	2.0333333333333337	9.609433084277947	2.126666666666667	-60.718636387626205	45.32320157032263
0.12999999999999998	14.84947633238432	2.027777777777778	9.429833686610474	2.128888888888889	-55.88811977111264	41.71748030706228
0.13999999999999999	14.858904840941678	2.0222222222222226	9.259687071272113	2.131111111111111	-51.65674822786085	38.55898866786581
0.15	14.86908191460676	2.0166666666666666	9.097948150797203	2.1333333333333333	-47.93011988770121	35.77726072588006
0.16	14.879952158785386	2.011111111111111	8.943742919970678	2.1355555555555554	-44.63105846973362	33.31468853165518
0.17	14.891465604845393	2.0055555555555555	8.796331717310023	2.137777777777778	-41.69620491891102	31.12397795287781
0.18000000000000002	14.903576857073892	2.	8.655082052073713	2.14	-39.07329000045307	29.166112812558183
0.19000000000000003	14.916244410157628	1.9944444444444445	8.519448115781818	2.1422222222222222	-36.71896824550838	27.408738045780655
0.20000000000000004	14.929430095957741	1.988888888888889	8.388955070448151	2.1444444444444444	-34.59710214045124	25.824878939149958
0.21000000000000005	14.94309862989552	1.9833333333333334	8.263186818068915	2.1466666666666665	-32.677402386974315	24.391926157966214
0.22000000000000006	14.957217235176866	1.9777777777777779	8.14177635198416	2.148888888888889	-30.93434787244946	23.09082956209519
0.23000000000000007	14.971755328618931	1.9722222222222223	8.024398053252225	2.151111111111111	-29.346324853243534	21.90545565253799
0.24000000000000007	14.986684255789772	1.9666666666666668	7.910761473020412	2.1533333333333333	-27.89493800230323	20.822073305448775
0.25000000000000006	15.001977066034003	1.9611111111111112	7.800606264735601	2.1555555555555554	-26.564456480591705	19.82894029420727
0.26000000000000006	15.017608320064896	1.9555555555555557	7.693698016429183	2.157777777777778	-25.341366426667044	18.9159692469197
0.2700000000000001	15.03355392437648	1.9500000000000002	7.589824795040891	2.16	-24.214007644322216	18.074456453251287
0.2800000000000001	15.04979098791859	1.9444444444444446	7.4887942595051955	2.1622222222222223	-23.172277194750528	17.296860611894378
0.2900000000000001	15.06629769738726	1.938888888888889	7.390431232216196	2.1644444444444444	-22.207386393937238	16.576621442170158
0.3000000000000001	15.08305320818586	1.9333333333333336	7.294575642957968	2.166666666666667	-21.31166063939574	15.908010265436173
0.3100000000000001	15.100037548661055	1.927777777777778	7.201080777801332	2.168888888888889	-20.478373747004174	15.286006346430717
0.3200000000000001	15.117231535649935	1.9222222222222225	7.109811779471016	2.171111111111111	-19.701610225524497	14.706194088596952
0.3300000000000001	15.13461669971776	1.9166666666666667	7.020644356439731	2.1733333333333333	-18.976150273223034	14.164677190235636
0.34000000000000014	15.152175218740695	1.9111111111111112	6.933463666338323	2.1755555555555555	-18.29737333898813	13.65800665805808
0.35000000000000014	15.169889858709496	1.9055555555555557	6.848163345782882	2.177777777777778	-17.66117691867669	13.18312019301933
0.36000000000000015	15.187743920809876	1.9000000000000001	6.764644663849194	2.18	-17.0639079087305	12.737290949478957
0.37000000000000016	15.20572119398243	1.8944444444444444	6.682815780495843	2.1822222222222223	-16.502304353443133	12.31808405266389
0.38000000000000017	15.223805912285853	1.8888888888888888	6.602591094490316	2.1844444444444444	-15.97344583020689	11.923319563919474
0.3900000000000002	15.24198271648692	1.8833333333333333	6.5238906680094715	2.1866666666666665	-15.474711042040564	11.551040825808666
0.4000000000000002	15.260236619383926	1.8777777777777778	6.446639717203928	2.188888888888889	-15.003741446684515	11.199487313184564
0.4100000000000002	15.278552974439553	1.8722222222222222	6.370768159740401	2.1911111111111112	-14.558409960425525	10.867071272276227
0.4200000000000002	15.296917447357288	1.8666666666666667	6.296210211747902	2.1933333333333334	-14.136793943325003	10.552357555612167
0.4300000000000002	15.315315990284722	1.8611111111111112	6.2229040277555425	2.1955555555555555	-13.737151809023102	10.25404616249514
0.4400000000000002	15.333734818368457	1.8555555555555556	6.150791378170739	2.197777777777778	-13.357902713298031	9.97095707760237
0.45000000000000023	15.352160388420803	1.85	6.0798173596450225	2.2	-12.997608866184063	9.702017067931447
0.46000000000000024	15.370579379488488	1.8444444444444446	6.0099301343413725	2.2022222222222223	-12.65496008671414	9.446248153745076
0.47000000000000025	15.388978675139448	1.838888888888889	5.941080694675607	2.2044444444444444	-12.328760280430703	9.20275751475903
0.48000000000000026	15.407345347306016	1.8333333333333335	5.873222650574741	2.206666666666667	-12.017915570219795	8.970728630447184
0.49000000000000027	15.425666641541772	1.827777777777778	5.806312036692755	2.208888888888889	-11.72142385277625	8.749413484503567
0.5000000000000002	15.443929963566118	1.8222222222222224	5.740307137361043	2.2111111111111112	-11.438365587703586	8.538125689400044
0.5100000000000002	15.46212286698475	1.8166666666666667	5.675168327337955	2.2133333333333334	-11.167895655178896	8.336234408570386
0.5200000000000002	15.480233042086832	1.8111111111111111	5.610857926666717	2.2155555555555555	-10.909236142304906	8.14315897180945
0.5300000000000002	15.498248305630547	1.8055555555555556	5.547340068161041	2.217777777777778	-10.661669938566183	7.958364094625148
0.5400000000000003	15.516156591538149	1.8	5.484580576218182	2.22	-10.424535037882348	7.781355625027136
0.5500000000000003	15.533945942430101	1.7944444444444443	5.422546855814721	2.2222222222222223	-10.197219459159866	7.6116767519914905
0.5600000000000003	15.551604501935113	1.7888888888888888	5.361207790675041	2.2244444444444444	-9.979156709436838	7.448904618941913
0.5700000000000003	15.569120507719433	1.7833333333333332	5.300533649718834	2.2266666666666666	-9.769821724060147	7.292647293309979
0.5800000000000003	15.586482285184399	1.7777777777777777	5.24049600099562	2.228888888888889	-9.568727227135515	7.14254104980654
0.5900000000000003	15.603678241786314	1.7722222222222221	5.181067632402438	2.2311111111111113	-9.375420462997166	6.998247930639348
0.6000000000000003	15.620696861937159	1.7666666666666666	5.122222478558156	2.2333333333333334	-9.189480255862195	6.859453550702923
0.6100000000000003	15.637526702448586	1.761111111111111	5.063935553275517	2.2355555555555555	-9.010514360335527	6.725865119872789
0.6200000000000003	15.654156388485255	1.7555555555555555	5.00618288713123	2.2377777777777776	-8.838157070157559	6.5972096580639885
0.6300000000000003	15.670574609996557	1.75	4.948941469686827	2.24	-8.672067056655942	6.473232381751416
0.6400000000000003	15.686770118598627	1.7444444444444445	4.892189195958916	2.2422222222222223	-8.511925411874861	6.353695243270897
0.6500000000000004	15.702731724881065	1.738888888888889	4.8359048167782115	2.2444444444444445	-8.357433874392592	6.238375606487273
0.6600000000000004	15.718448296114918	1.7333333333333334	4.780067892712656	2.2466666666666666	-8.208313218470341	6.12706504438051
0.6700000000000004	15.733908754340503	1.7277777777777779	4.724658751262014	2.248888888888889	-8.064301789461634	6.019568245807444
0.6800000000000004	15.749102074815445	1.722222222222222	4.669658447059541	2.2511111111111113	-7.925154170400602	5.915702020181553
0.6900000000000004	15.764017284804744	1.7166666666666666	4.6150487248417456	2.2533333333333334	-7.790639966422195	5.81529439010791
0.7000000000000004	15.778643462696358	1.711111111111111	4.560811984969691	2.2555555555555555	-7.6605426951821025	5.71818376314124
0.7100000000000004	15.792969737426723	1.7055555555555555	4.50693125130547	2.257777777777778	-7.534658772770253	5.624218174824803
0.7200000000000004	15.806985288202057	1.7	4.453390141265514	2.2600000000000002	-7.412796585773917	5.533254596035328
0.7300000000000004	15.820679344502148	1.6944444444444442	4.400172837888425	2.2622222222222224	-7.294775641167378	5.445158298421305
0.7400000000000004	15.834041186354161	1.6888888888888887	4.347264063769689	2.2644444444444445	-7.180425786603047	5.3598022723921614
0.7500000000000004	15.84706014486512	1.6833333333333331	4.294649056728495	2.2666666666666666	-7.069586494470309	5.277066692706652
0.7600000000000005	15.859725603001918	1.6777777777777776	4.2423135470836435	2.268888888888889	-6.962106203786686	5.196838427229935
0.7700000000000005	15.872026996608911	1.672222222222222	4.1902437364262175	2.2711111111111113	-6.857841714603442	5.119010584889886
0.7800000000000005	15.883953815653294	1.6666666666666665	4.138426277785993	2.2733333333333334	-6.756657630154265	5.043482099271043
0.7900000000000005	15.89549560568917	1.661111111111111	4.086848257097438	2.2755555555555556	-6.6584258424604315	4.970157344646481
0.8000000000000005	15.90664196953156	1.6555555555555554	4.035497175878737	2.277777777777778	-6.5630250575362	4.898945781569133
0.8100000000000005	15.917382569132101	1.65	3.9843609350445104	2.2800000000000002	-6.470340356721034	4.829761629429859
0.8200000000000005	15.927707127648416	1.6444444444444444	3.933427819779181	2.2822222222222224	-6.38026279100598	4.76252356364386
0.8300000000000005	15.937605431699435	1.6388888888888888	3.882686485403797	2.2844444444444445	-6.2926890055256	4.697154435354076
0.8400000000000005	15.947067333799332	1.6333333333333333	3.832125944174489	2.2866666666666666	-6.207520891658168	4.633581011742666
0.8500000000000005	15.95608275496278	1.6277777777777778	3.781735552955379	2.288888888888889	-6.1246652644196296	4.571733735222913
0.8600000000000005	15.964641687474547	1.622222222222222	3.731505001713289	2.2911111111111113	-6.044033563053909	4.51154649994598
0.8700000000000006	15.972734197816532	1.6166666666666665	3.6814243027855467	2.2933333333333334	-5.965541572917108	4.452956444202386
0.8800000000000006	15.980350429745544	1.611111111111111	3.6314837808757185	2.2955555555555556	-5.889109166927722	4.395903757428484
0.8900000000000006	15.98748060751516	1.6055555555555554	3.581674063735592	2.297777777777778	-5.814660065012137	4.340331500645438
0.9000000000000006	15.994115039235048	1.5999999999999999	3.5319860734946444	2.3000000000000003	-5.7421216101159755	4.286185439263723
0.9100000000000006	16.000244120361383	1.5944444444444443	3.4824110186009944	2.3022222222222224	-5.671424559479021	4.233413887281061
0.9200000000000006	16.005858337311764	1.5888888888888886	3.432940386340464	2.3044444444444445	-5.602502889986244	4.181967561987417
0.9300000000000006	16.010948271198313	1.583333333333333	3.3835659359025216	2.3066666666666666	-5.535293616510971	4.13179944836793
0.9400000000000006	16.0155046016724	1.5777777777777775	3.334279691964222	2.308888888888889	-5.4697366222598784	4.0828646724645585
0.9500000000000006	16.01951811087474	1.572222222222222	3.2850739387649655	2.3111111111111113	-5.405774500214008	4.035120383020317
0.9600000000000006	16.022979687484213	1.5666666666666664	3.2359412146467825	2.3133333333333335	-5.343352404836845	3.9885256407873104
0.9700000000000006	16.02588033085915	1.561111111111111	3.1868743070364527	2.3155555555555556	-5.282417913289781	3.943041314931542
0.9800000000000006	16.028211155264415	1.5555555555555554	3.137866247847268	2.3177777777777777	-5.222920895458453	3.8986299860145457
0.9900000000000007	16.029963394177823	1.5499999999999998	3.088910309279498	2.3200000000000003	-5.1648133921506645	3.8552558550746787
1.0000000000000007	16.031128404669257	1.5444444444444443	3.0399999999999987	2.3222222222222224	-5.1080495008786	3.8128846583696756
1.0100000000000007	16.03169767184593	1.5388888888888888	2.9911290616823667	2.3244444444444445	-5.052585268685496	3.7714835873775163
1.0200000000000007	16.031662813356913	1.5333333333333332	2.9422914658902473	2.3266666666666667	-4.998378591519967	3.7310212136847607
1.0300000000000007	16.03101558395034	1.5277777777777775	2.893481411287075	2.3288888888888892	-4.945389119700576	3.6914674184209293
1.0400000000000007	16.029747880076403	1.522222222222222	2.8446933211567305	2.3311111111111114	-4.893578169049062	3.652793325924228
1.0500000000000007	16.02785174452915	1.5166666666666664	2.795921841220039	2.3333333333333335	-4.8429086373034815	3.6149712413484485
1.0600000000000007	16.025319371120304	1.5111111111111108	2.7471618377328118	2.3355555555555556	-4.79334492545233	3.577974591943112
1.0700000000000007	16.022143109377943	1.5055555555555553	2.6984083958519824	2.337777777777778	-4.744852863658262	3.541777871759505
1.0800000000000007	16.01831546926303	1.4999999999999998	2.6496568182565943	2.3400000000000003	-4.697399641464961	3.506356589553856
1.0900000000000007	16.01382912589663	1.4944444444444442	2.60090262401112	2.3422222222222224	-4.650953742003775	3.471687219676122
1.1000000000000008	16.0086769242907	1.4888888888888885	2.552141547659097	2.3444444444444446	-4.605484879937776	3.437747155748559
1.1100000000000008	16.002851884075017	1.483333333333333	2.5033695385352144	2.3466666666666667	-4.560963942900214	3.404514666952676
1.1200000000000008	15.996347204213226	1.4777777777777774	2.4545827602846044	2.3488888888888892	-4.517362936202117	3.3719688567564257
1.1300000000000008	15.98915626770047	1.4722222222222219	2.405777590578155	2.3511111111111114	-4.474654930600109	3.3400896239256843
1.1400000000000008	15.981272646235315	1.4666666666666663	2.3569506210132025	2.3533333333333335	-4.4328140129304865	3.308857625675242
1.1500000000000008	15.97269010485865	1.4611111111111108	2.308098657188832	2.3555555555555556	-4.391815239429469	3.2782542428248775
1.1600000000000008	15.963402606552014	1.4555555555555553	2.259218718945578	2.3577777777777778	-4.3516345915722034	3.248261546835543
1.1700000000000008	15.95340431678812	1.4499999999999997	2.2103080407591436	2.3600000000000003	-4.312248934274869	3.218862268609484
1.1800000000000008	15.942689608025983	1.4444444444444442	2.161364072278141	2.3622222222222224	-4.27363597631503	3.190039768946155
1.1900000000000008	15.931253064143423	1.4388888888888887	2.1123844789957222	2.3644444444444446	-4.235774232835384	3.1617780105532804
1.2000000000000008	15.919089484799377	1.4333333333333331	2.06336714304524	2.3666666666666667	-4.19864298980521	3.134061531519239
1.2100000000000009	15.906193889718882	1.4277777777777774	2.014310164109948	2.3688888888888893	-4.162222270322472	3.1068754201593882
1.2200000000000009	15.892561522893187	1.4222222222222218	1.965211860436816	2.3711111111111114	-4.126492802647265	3.0802052911547495
1.2300000000000009	15.878187856687935	1.4166666666666663	1.9160707699447068	2.3733333333333335	-4.091435989864702	3.0540372629069847
1.2400000000000009	15.863068595852061	1.4111111111111108	1.8668856514167285	2.3755555555555556	-4.057033881082011	3.028357936038573
1.2500000000000009	15.847199681420397	1.4055555555555552	1.8176554857670228	2.377777777777778	-4.02326914407093	3.003154372971831
1.260000000000001	15.830577294502906	1.3999999999999997	1.7683794773717536	2.3800000000000003	-3.9901250392722556	2.9784140785246986
1.270000000000001	15.813197859953581	1.394444444444444	1.719057055454319	2.3822222222222225	-3.9575853950847764	2.9541249814652617
1.280000000000001	15.795058049912258	1.3888888888888884	1.669687875514477	2.3844444444444446	-3.9256345843658447	2.9302754169706864
1.290000000000001	15.776154787212581	1.3833333333333329	1.620271820791191	2.3866666666666667	-3.894257502075458	2.906854109939727
1.300000000000001	15.756485248649641	1.3777777777777773	1.5708090037486078	2.3888888888888893	-3.8634395440000344	2.8838501591111667
1.310000000000001	15.73604686810078	1.3722222222222218	1.5212997675748463	2.3911111111111114	-3.8331665864961026	2.861253021943572
1.320000000000001	15.714837339493442	1.3666666666666663	1.4717446876827383	2.3933333333333335	-3.803424967197777	2.8390525002144553
1.330000000000001	15.692854619613929	1.3611111111111107	1.4221445732019042	2.3955555555555557	-3.774201466635487	2.8172387262996472
1.340000000000001	15.6700969307512	1.3555555555555552	1.3725004684511788	2.397777777777778	-3.7454832907165314	2.7958021500959687
1.350000000000001	15.646562763170083	1.3499999999999996	1.3228136543802365	2.4000000000000004	-3.71725805402112	2.774733526552623
1.360000000000001	15.622250877408437	1.344444444444444	1.2730856499695689	2.4022222222222225	-3.6895137638703632	2.7540239037788066
1.370000000000001	15.597160306393018	1.3388888888888886	1.223318213577084	2.4044444444444446	-3.662238805125246	2.733664611696959
1.380000000000001	15.571290357369067	1.3333333333333328	1.1735133442203003	2.4066666666666667	-3.63542192567813	2.713647251212948
1.390000000000001	15.544640613638949	1.3277777777777773	1.1236732827823523	2.4088888888888893	-3.6090522226005652	2.6939636838761563
1.400000000000001	15.517210936105302	1.3222222222222217	1.073800513130317	2.4111111111111114	-3.5831191289133306	2.674606022004024
1.410000000000001	15.489001464614558	1.3166666666666662	1.0238977631340422	2.4133333333333336	-3.5576124009466312	2.6555666192471192
1.420000000000001	15.460012619096862	1.3111111111111107	0.9739680055737553	2.4155555555555557	-3.5325221062602417	2.636838061572168
1.430000000000001	15.430245100498855	1.3055555555555551	0.9240144589245415	2.417777777777778	-3.507838612095103	2.618413158641798
1.440000000000001	15.399699891505959	1.2999999999999996	0.8740405880057203	2.4200000000000004	-3.4835525743295452	2.600284935570946
1.450000000000001	15.36837825705123	1.294444444444444	0.8240501044832489	2.4222222222222225	-3.459654926914813	2.5824466250410483
1.460000000000001	15.336281744607938	1.2888888888888883	0.7740469672132849	2.4244444444444446	-3.4361368717660126	2.564891659754175
1.470000000000001	15.30341218426376	1.2833333333333328	0.7240353824146581	2.4266666666666667	-3.4129898690859357	2.5476136652102843
1.480000000000001	15.269771688574398	1.2777777777777772	0.674019803658716	2.4288888888888893	-3.39020562810048	2.5306064527917083
1.490000000000001	15.235362652195056	1.2722222222222217	0.624004931664519	2.4311111111111114	-3.36777609818554	2.513864013139859
1.500000000000001	15.20018775128832	1.2666666666666662	0.5739957138876108	2.4333333333333336	-3.3456934603664092	2.497380509809984
1.5100000000000011	15.164249942707658	1.2611111111111106	0.5239973438909838	2.4355555555555557	-3.3239501191716867	2.4811502731905475
1.5200000000000011	15.12755246295578	1.255555555555555	0.4740152604864557	2.437777777777778	-3.302538694824742	2.4651677946745765
1.5300000000000011	15.090098826917588	1.2499999999999996	0.4240551466355841	2.4400000000000004	-3.2814520157566482	2.449427721070969
1.5400000000000011	15.051892826367995	1.244444444444444	0.37412292809880815	2.4422222222222225	-3.260683111425395	2.433924849244421
1.5500000000000012	15.01293852825481	1.2388888888888885	0.32422477182219445	2.4444444444444446	-3.240225205426976	2.4186541209732244
1.5600000000000012	14.973240272757797	1.2333333333333327	0.27436708405136995	2.4466666666666668	-3.2200717088847255	2.403610618014759
1.5700000000000012	14.932802671124861	1.2277777777777772	0.22455650816250625	2.4488888888888893	-3.200216214103993	2.3887895573690523
1.5800000000000012	14.891630603287059	1.2222222222222217	0.17479992220064894	2.4511111111111115	-3.1806524884799092	2.3741862867312498
1.5900000000000012	14.849729215254294	1.2166666666666661	0.12510443611623326	2.4533333333333336	-3.1613744686466654	2.359796280124368
1.6000000000000012	14.807103916293936	1.2111111111111106	0.07547738869082028	2.4555555555555557	-3.142376254857264	2.3456151337040803
1.6100000000000012	14.763760375895048	1.205555555555555	0.025926344143984367	2.457777777777778	-3.123652105583348	2.3316385617277797
1.6200000000000012	14.719704520521079	1.1999999999999995	-0.023540911586432105	2.4600000000000004	-3.105196432325181	2.3178623926805053
1.6300000000000012	14.674942530154478	1.194444444444444	-0.07291637489776787	2.4622222222222225	-3.0870037946223845	2.3042825655507295
1.6400000000000012	14.629480834636663	1.1888888888888882	-0.12219182891608969	2.4644444444444447	-3.0690688952565006	2.2908951262493247
1.6500000000000012	14.583326109807532	1.1833333333333327	-0.1713588482355084	2.466666666666667	-3.051386575636919	2.2776962241654086
1.6600000000000013	14.536485273448642	1.1777777777777771	-0.2204088040083785	2.4688888888888894	-3.0339518113620807	2.2646821088530205
1.6700000000000013	14.488965481034683	1.1722222222222216	-0.2693328693902602	2.4711111111111115	-3.0167597079483377	2.2518491268429415
1.6800000000000013	14.440774121298237	1.166666666666666	-0.31812202534330397	2.4733333333333336	-2.999805496719171	2.239193718574222
1.6900000000000013	14.391918811612847	1.1611111111111105	-0.3667670668001438	2.4755555555555557	-2.9830845308478358	2.2267124154402236
1.7000000000000013	14.342407393200034	1.155555555555555	-0.41525860919019586	2.477777777777778	-2.966592281546872	2.214401836944295
1.7100000000000013	14.292247926165837	1.1499999999999995	-0.4635870953285641	2.4800000000000004	-2.9503243343981955	2.202258687960385
1.7200000000000013	14.241448684373005	1.144444444444444	-0.5117428026673183	2.4822222222222226	-2.934276385817807	2.1902797560941325
1.7300000000000013	14.190018150154982	1.1388888888888882	-0.5597158509076516	2.4844444444444447	-2.918444239649458	2.1784619091402253
1.7400000000000013	14.137965008878108	1.1333333333333326	-0.6074962099702957	2.486666666666667	-2.902823803881829	2.166802092631948
1.7500000000000013	14.085298143358921	1.127777777777777	-0.6550737083206074	2.4888888888888894	-2.887411087484108	2.155297327479112
1.7600000000000013	14.032026628143116	1.1222222222222216	-0.7024380416436519	2.4911111111111115	-2.872202197355025	2.143944707690671
1.7700000000000014	13.978159723653519	1.116666666666666	-0.7495787818631278	2.4933333333333336	-2.8571933353807	2.132741398178567
1.7800000000000014	13.92370687021413	1.1111111111111105	-0.7964853864974165	2.4955555555555557	-2.8423807955967857	2.1216846326394183
1.7900000000000014	13.868677681957655	1.105555555555555	-0.8431472083442745	2.497777777777778	-2.8277609614507146	2.110771711510938
1.8000000000000014	13.813081940624132	1.0999999999999994	-0.8895535054848404	2.4999999999999982	-2.8133303031599426	2.099999999999998
1.8100000000000014	13.756929589258169	1.0949999999999993	-0.9356934515963288	2.484999999999998	-2.799085375162333	2.082499999999998
1.8200000000000014	13.70023072581266	1.0899999999999994	-0.9815561465616424	2.469999999999998	-2.785022813654993	2.0649999999999977
1.8300000000000014	13.64299559666676	1.0849999999999995	-1.0271306273628444	2.454999999999998	-2.7711393342180046	2.0474999999999977
1.8400000000000014	13.585234590066095	1.0799999999999994	-1.0724058792444713	2.4399999999999977	-2.7574317295197126	2.0299999999999976
1.8500000000000014	13.5269582294931	1.0749999999999993	-1.1173708471312767	2.424999999999998	-2.7438968671003283	2.0124999999999975
1.8600000000000014	13.468177166975607	1.0699999999999994	-1.1620144472837675	2.409999999999998	-2.7305316872307746	1.9949999999999977
1.8700000000000014	13.40890217634166	1.0649999999999995	-1.2063255791744925	2.394999999999998	-2.7173332008438424	1.9774999999999976
1.8800000000000014	13.349144146428621	1.0599999999999994	-1.2502931375657385	2.379999999999998	-2.7042984875348424	1.9599999999999977
1.8900000000000015	13.288914074254631	1.0549999999999993	-1.2939060247695686	2.364999999999998	-2.6914246936290582	1.9424999999999977
1.9000000000000015	13.228223058160463	1.0499999999999994	-1.3371531630690494	2.349999999999998	-2.6787090303134544	1.9249999999999976
1.9100000000000015	13.167082290929688	1.0449999999999995	-1.3800235072793718	2.3349999999999977	-2.6661487718301475	1.9074999999999975
1.9200000000000015	13.105503052895187	1.0399999999999994	-1.422506057426036	2.319999999999998	-2.6537412537293186	1.8899999999999975
1.9300000000000015	13.043496705039807	1.0349999999999993	-1.464589871517031	2.304999999999998	-2.6414838711793056	1.8724999999999976
1.9400000000000015	12.981074682098912	1.0299999999999994	-1.5062640783845744	2.289999999999998	-2.629374077331715	1.8549999999999975
1.9500000000000015	12.918248485672677	1.0249999999999995	-1.5475178905717888	2.2749999999999977	-2.6174093817395034	1.8374999999999975
1.9600000000000015	12.855029677355457	1.0199999999999994	-1.5883406172388037	2.259999999999998	-2.605587348826038	1.8199999999999976
1.9700000000000015	12.791429871889921	1.0149999999999992	-1.6287216770622885	2.244999999999998	-2.5939055964032596	1.8024999999999975
1.9800000000000015	12.727460730353107	1.0099999999999993	-1.6686506111018558	2.2299999999999978	-2.5823617942371278	1.7849999999999975
1.9900000000000015	12.663133953381688	1.0049999999999994	-1.7081170956067016	2.2149999999999976	-2.570953662658609	1.7674999999999974
2.0000000000000013	12.598461274443286	0.9999999999999994	-1.7471109547351749	2.199999999999998	-2.559678971218543	1.7499999999999978
2.010000000000001	12.533454453160925	0.9949999999999996	-1.7856221731601734	2.1849999999999983	-2.548535537384802	1.7324999999999982
2.020000000000001	12.468125268697063	0.9899999999999997	-1.8236409085328307	2.1699999999999986	-2.537521225280199	1.7149999999999985
2.0300000000000007	12.402485513203793	0.9849999999999998	-1.8611575037771848	2.154999999999999	-2.526633944459676	1.697499999999999
2.0400000000000005	12.336546985345414	0.9799999999999999	-1.8981624991886528	2.1399999999999992	-2.5158716487253825	1.6799999999999993
2.0500000000000003	12.27032148389948	0.975	-1.9346466443091068	2.1249999999999996	-2.5052323349782695	1.6624999999999996
2.06	12.203820801442234	0.9700000000000001	-1.9706009095519688	2.11	-2.494714042104917	1.645
2.07	12.137056718123858	0.9650000000000002	-2.0060164975510046	2.095	-2.4843148498983507	1.6275000000000004
2.0799999999999996	12.070040995539223	0.9600000000000003	-2.0408848542069427	2.0800000000000005	-2.4740328780116374	1.6100000000000008
2.0899999999999994	12.002785370698955	0.9550000000000004	-2.075197679406789	2.065000000000001	-2.4638662849431334	1.5925000000000011
2.099999999999999	11.935301550106134	0.9500000000000005	-2.108946937391473	2.050000000000001	-2.4538132670522703	1.5750000000000015
2.109999999999999	11.86760120394297	0.9450000000000006	-2.142124866748128	2.0350000000000015	-2.4438720576048167	1.5575000000000019
2.1199999999999988	11.799695960372038	0.9400000000000007	-2.174723990004209	2.020000000000002	-2.4340409258466127	1.5400000000000023
2.1299999999999986	11.731597399956335	0.9350000000000008	-2.2067371228019055	2.005000000000002	-2.424318176104783	1.5225000000000026
2.1399999999999983	11.663317050201902	0.9300000000000009	-2.2381573826319903	1.9900000000000027	-2.414702146915501	1.505000000000003
2.149999999999998	11.594866380226806	0.925000000000001	-2.268978197107845	1.975000000000003	-2.405191210177397	1.4875000000000034
2.159999999999998	11.526256795559936	0.9200000000000012	-2.2991933117612575	1.9600000000000033	-2.395783770329736	1.4700000000000037
2.1699999999999977	11.457499633072695	0.9150000000000013	-2.3287967973430983	1.9450000000000036	-2.3864782635545474	1.4525000000000041
2.1799999999999975	11.38860615604652	0.9100000000000014	-2.35778305661349	1.930000000000004	-2.377273157001869	1.4350000000000045
2.1899999999999973	11.31958754937891	0.9050000000000015	-2.386146830607074	1.9150000000000043	-2.3681669480373784	1.4175000000000049
2.199999999999997	11.250454914930401	0.8999999999999954	-2.4138832043609963	1.9	-2.3591581635116268	1.3999999999999977
2.209999999999997	11.181219267014521	0.914999999999995	-2.4409876120944345	1.9	-2.3502453590501844	1.4074999999999975
2.2199999999999966	11.111891528032727	0.9299999999999947	-2.4674558418300747	1.9	-2.3414271183639963	1.4149999999999974
2.2299999999999964	11.04248252425601	0.9449999999999944	-2.493284039449776	1.9	-2.332702052579291	1.4224999999999972
2.239999999999996	10.973002981754473	0.9599999999999941	-2.518468712178003	1.9	-2.3240687995863976	1.429999999999997
2.249999999999996	10.903463522476079	0.9749999999999938	-2.5430067314884046	1.9	-2.31552602340687	1.437499999999997
2.259999999999996	10.8338746604756	0.9899999999999934	-2.56689533543059	1.9	-2.307072413578303	1.4449999999999967
2.2699999999999956	10.7642467982944	1.0049999999999932	-2.5901321303757427	1.9	-2.2987066845562873	1.4524999999999966
2.2799999999999954	10.694590223491549	1.019999999999993	-2.6127150921812614	1.9	-2.2904275751329553	1.4599999999999964
2.289999999999995	10.624915105326465	1.0349999999999926	-2.634642566776491	1.9	-2.2822338478715687	1.4674999999999963
2.299999999999995	10.55523149159332	1.0499999999999923	-2.6559132701730945	1.9	-2.274124288556654	1.474999999999996
2.3099999999999947	10.485549305606822	1.064999999999992	-2.6765262879049807	1.9	-2.266097705659191	1.482499999999996
2.3199999999999945	10.415878343339182	1.0799999999999916	-2.6964810739047067	1.9	-2.2581529298163727	1.4899999999999958
2.3299999999999943	10.346228270707591	1.0949999999999913	-2.7157774488242943	1.9	-2.2502888133254837	1.4974999999999956
2.339999999999994	10.276608621011578	1.109999999999991	-2.734415597810216	1.9	-2.2425042296514577	1.5049999999999955
2.349999999999994	10.20702879251921	1.1249999999999907	-2.7523960677436627	1.9	-2.234798072947677	1.5124999999999953
2.3599999999999937	10.137498046201056	1.1399999999999904	-2.7697197639579993	1.9	-2.2271692575896207	1.5199999999999951
2.3699999999999934	10.068025503610755	1.15499999999999	-2.7863879464477876	1.9	-2.2196167177209474	1.527499999999995
2.3799999999999932	9.99862014491053	1.1699999999999897	-2.8024022255834278	1.9	-2.212139406811641	1.5349999999999948
2.389999999999993	9.929290807040307	1.1849999999999894	-2.817764557348066	1.9	-2.2047362972278464	1.5424999999999947
2.399999999999993	9.86004618202854	1.199999999999989	-2.8324772381133516	1.9	-2.197406379813034	1.5499999999999945
2.4099999999999926	9.790894815442963	1.2149999999999888	-2.8465428989723023	1.9	-2.190148663480166	1.5574999999999943
2.4199999999999924	9.721845104979147	1.2299999999999884	-2.859964499648086	1.9	-2.182962174814505	1.5649999999999942
2.429999999999992	9.652905299184974	1.2449999999999881	-2.8727453219985337	1.9	-2.1758459576867604	1.572499999999994
2.439999999999992	9.584083496318499	1.2599999999999878	-2.8848889631367025	1.9	-2.168799072876272	1.5799999999999939
2.4499999999999917	9.515387643337057	1.2749999999999875	-2.8963993281887235	1.9	-2.1618205977039096	1.5874999999999937
2.4599999999999915	9.446825535015117	1.2899999999999872	-2.9072806227104486	1.9	-2.154909625674405	1.5949999999999935
2.4699999999999913	9.378404813188277	1.3049999999999868	-2.9175373447850226	1.9	-2.1480652661278548	1.6024999999999934
2.479999999999991	9.310132966120893	1.3199999999999865	-2.9271742768239633	1.9	-2.141286643900095	1.6099999999999932
2.489999999999991	9.242017327994523	1.3349999999999862	-2.9361964770942626	1.9	-2.134572898991707	1.617499999999993
2.4999999999999907	9.174065078514467	1.3499999999999859	-2.9446092709946883	1.9	-2.1279231862454018	1.624999999999993
2.5099999999999905	9.106283242631566	1.3649999999999856	-2.9524182421043013	1.9	-2.1213366750315172	1.6324999999999927
2.5199999999999902	9.03867869037633	1.3799999999999852	-2.9596292230261296	1.9	-2.1148125489414236	1.6399999999999926
2.52999999999999	8.971258136802485	1.394999999999985	-2.9662482860493444	1.9	-2.1083500054885818	1.6474999999999924
2.53999999999999	8.904028142036896	1.4099999999999846	-2.9722817336525176	1.9	-2.1019482558170424	1.6549999999999923
2.5499999999999896	8.836995111432913	1.4249999999999843	-2.97773608887108	1.9	-2.0956065244171906	1.662499999999992
2.5599999999999894	8.770165295823965	1.439999999999984	-2.982618085551066	1.9	-2.0893240488484883	1.669999999999992
2.569999999999989	8.703544791874405	1.4549999999999836	-2.986934658511547	1.9	-2.0831000794690597	1.6774999999999918
2.579999999999989	8.637139542524498	1.4699999999999833	-2.99069293363737	1.9	-2.076933879171887	1.6849999999999916
2.5899999999999888	8.570955337526321	1.484999999999983	-2.9939002179234038	1.9	-2.0708247231274672	1.6924999999999915
2.5999999999999885	8.504997814067613	1.4999999999999916	-2.996563989491267	1.8999999999999957	-2.064771898532708	1.6999999999999895
2.6099999999999883	8.439272457480284	1.5072727272727187	-2.998691887598422	1.9036363636363594	-2.0587747043659226	1.7090909090908983
2.619999999999988	8.373784602030517	1.5145454545454458	-3.000291702659435	1.9072727272727228	-2.0528324511477263	1.7181818181818072
2.629999999999988	8.30853943178737	1.5218181818181729	-3.0013713662982973	1.9109090909090864	-2.046944460707695	1.7272727272727162
2.6399999999999877	8.243541981566676	1.5290909090909	-3.0019389414499202	1.9145454545454499	-2.041110065956599	1.736363636363625
2.6499999999999875	8.178797137947221	1.5363636363636273	-3.002002612528373	1.9181818181818135	-2.035328610664087	1.745454545454534
2.6599999999999873	8.114309640356074	1.5436363636363541	-3.0015706756786007	1.921818181818177	-2.029599449241642	1.7545454545454429
2.669999999999987	8.05008408222	1.5509090909090815	-3.0006515291276252	1.9254545454545406	-2.0239219465306824	1.7636363636363517
2.679999999999987	7.986124912179972	1.5581818181818086	-2.999253663650256	1.9290909090909043	-2.01829547759567	1.7727272727272607
2.6899999999999866	7.922436435365738	1.5654545454545357	-2.997385653163751	1.9327272727272677	-2.0127194275220686	1.7818181818181695
2.6999999999999864	7.859022814727503	1.5727272727272628	-2.9950561454648814	1.9363636363636314	-2.0071931912190477	1.7909090909090786
2.709999999999986	7.795888072421752	1.5799999999999899	-2.9922738531220974	1.9399999999999948	-2.001716173226781	1.7999999999999874
2.719999999999986	7.73303609124844	1.587272727272717	-2.9890475445345532	1.9436363636363585	-1.996287787528226	1.8090909090908962
2.7299999999999858	7.670470616136525	1.594545454545444	-2.9853860351689363	1.947272727272722	-1.9909074573652707	1.8181818181818052
2.7399999999999856	7.608195255675163	1.6018181818181714	-2.9812981789843067	1.9509090909090856	-1.9855746150591131	1.827272727272714
2.7499999999999853	7.546213483687869	1.6090909090908982	-2.976792860054107	1.9545454545454493	-1.9802887018347775	1.836363636363623
2.759999999999985	7.484528640846729	1.6163636363636256	-2.9718789843937916	1.9581818181818127	-1.9750491676496515	1.845454545454532
2.769999999999985	7.423143936324248	1.6236363636363527	-2.966565472001788	1.9618181818181764	-1.9698554710259362	1.8545454545454407
2.7799999999999847	7.362062449480046	1.6309090909090798	-2.9608612491204185	1.9654545454545398	-1.964707078886901	1.8636363636363498
2.7899999999999845	7.301287131580012	1.6381818181818069	-2.954775240722916	1.9690909090909035	-1.9596034663968656	1.8727272727272586
2.7999999999999843	7.240820807545293	1.645454545454534	-2.9483163632316947	1.972727272727267	-1.9545441168047766	1.8818181818181676
2.809999999999984	7.180666177728788	1.652727272727261	-2.9414935174723125	1.9763636363636305	-1.9495285212913207	1.8909090909090764
2.819999999999984	7.120825819716727	1.6599999999999882	-2.9343155818669753	1.9799999999999942	-1.9445561788194536	1.8999999999999853
2.8299999999999836	7.061302190153039	1.6672727272727152	-2.9267914058704516	1.9836363636363576	-1.9396265959882766	1.9090909090908943
2.8399999999999834	7.002097626584257	1.6745454545454423	-2.9189298036507587	1.9872727272727213	-1.9347392868901634	1.9181818181818031
2.849999999999983	6.943214349322754	1.6818181818181697	-2.910739548016455	1.9909090909090847	-1.92989377297106	1.9272727272727121
2.859999999999983	6.884654463326228	1.6890909090908965	-2.902229364591213	1.9945454545454484	-1.9250895828938672	1.936363636363621
2.869999999999983	6.826419960091313	1.6963636363636239	-2.893407926236571	1.9981818181818118	-1.9203262524048381	1.9454545454545298
2.8799999999999826	6.7685127195593395	1.703636363636351	-2.884283847722281	2.0018181818181753	-1.915603324202908	1.9545454545454388
2.8899999999999824	6.710934512032327	1.710909090909078	-2.87486568064377	2.005454545454539	-1.9109203478118815	1.9636363636363476
2.899999999999982	6.653687000097294	1.7181818181818052	-2.8651619085855056	2.0090909090909026	-1.90627687945541	1.9727272727272567
2.909999999999982	6.596771740557062	1.7254545454545323	-2.8551809425284462	2.012727272727266	-1.9016724819346815	1.9818181818181655
2.9199999999999817	6.540190186365847	1.7327272727272593	-2.844931116499505	2.01636363636363	-1.8971067245087605	1.9909090909090743
2.9299999999999815	6.483943688567919	1.7399999999999864	-2.834420683460371	2.0199999999999934	-1.8925791827775118	1.9999999999999833
2.9399999999999813	6.4280334982376734	1.7472727272727135	-2.823657811432708	2.023636363636357	-1.8880894385670408	2.0090909090908924
2.949999999999981	6.372460768419594	1.7545454545454406	-2.8126505798563004	2.0272727272727202	-1.8836370798175899	2.018181818181801
2.959999999999981	6.317226556066584	1.761818181818168	-2.8014069761766835	2.030909090909084	-1.8792217004738272	2.02727272727271
2.9699999999999807	6.262331823975168	1.769090909090895	-2.789934892657729	2.0345454545454476	-1.8748429003774731	2.036363636363619
2.9799999999999804	6.20777744271626	1.7763636363636222	-2.778242123415401	2.038181818181811	-1.8705002851622066	2.0454545454545277
2.9899999999999802	6.153564192560088	1.7836363636363493	-2.766336361667822	2.041818181818175	-1.866193466150791	2.054545454545437
2.99999999999998	6.0996927653940665	1.7909090909090764	-2.754225197196896	2.0454545454545383	-1.8619220602543651	2.0636363636363457
3.00999999999998	6.046163766632344	1.7981818181818034	-2.7419161140164148	2.0490909090909017	-1.8576856898738603	2.0727272727272545
3.0199999999999796	5.992977717115876	1.8054545454545305	-2.729416488241554	2.052727272727265	-1.8534839828034684	2.0818181818181634
3.0299999999999794	5.940135055001995	1.8127272727272576	-2.7167335861544104	2.056363636363629	-1.8493165721361313	2.090909090909072
3.039999999999979	5.887636137642275	1.8199999999999847	-2.7038745624598697	2.0599999999999925	-1.8451830961709996	2.0999999999999814
3.049999999999979	5.835481243447872	1.8272727272727118	-2.6908464587265084	2.063636363636356	-1.8410831983227982	2.1090909090908903
3.0599999999999787	5.783670573741199	1.834545454545439	-2.6776562020065744	2.06727272727272	-1.8370165270330736	2.118181818181799
3.0699999999999785	5.732204254593248	1.8418181818181663	-2.664310603629354	2.0709090909090833	-1.8329827356832677	2.127272727272708
3.0799999999999783	5.681082338645502	1.8490909090908934	-2.650816358162121	2.0745454545454467	-1.8289814825095745	2.1363636363636167
3.089999999999978	5.63030480691581	1.8563636363636205	-2.6371800425327834	2.07818181818181	-1.8250124305195377	2.145454545454526
3.099999999999978	5.579871570587402	1.8636363636363475	-2.6234081153082887	2.081818181818174	-1.8210752474103495	2.154545454545435
3.1099999999999777	5.529782472780285	1.8709090909090746	-2.6095069161229283	2.0854545454545375	-1.8171696054888147	2.1636363636363436
3.1199999999999775	5.480037290304498	1.8781818181818017	-2.5954826652506897	2.089090909090901	-1.8132951815929292	2.1727272727272524
3.1299999999999772	5.430635735394454	1.8854545454545288	-2.581341463315754	2.0927272727272648	-1.8094516570150505	2.1818181818181612
3.139999999999977	5.38157745742394	1.892727272727256	-2.56708929113525	2.096363636363628	-1.8056387174266069	2.1909090909090705
3.149999999999977	5.332862044601111	1.9000000000000026	-2.5527320096887194	2.1	-1.8018560528043228	2.1999999999999895
3.1599999999999766	5.28448902564309	1.8988235294117675	-2.538275360208244	2.1	-1.7981033573579202	2.2047058823529304
3.1699999999999764	5.236457871429669	1.8976470588235321	-2.523724964383948	2.1	-1.7943803294592582	2.2094117647058713
3.179999999999976	5.188767996635685	1.8964705882352968	-2.5090863246790165	2.1	-1.7906866715728877	2.2141176470588126
3.189999999999976	5.141418761341754	1.8952941176470615	-2.4943648247489856	2.1	-1.7870220901879716	2.2188235294117535
3.1999999999999758	5.094409472622925	1.8941176470588263	-2.4795657299597567	2.1	-1.7833862957515625	2.223529411764695
3.2099999999999755	5.047739386115042	1.892941176470591	-2.46469418799916	2.1	-1.7797790026031857	2.2282352941176358
3.2199999999999753	5.001407707558464	1.8917647058823557	-2.4497552295769314	2.1	-1.7761999289107064	2.2329411764705767
3.229999999999975	4.9554135943189115	1.8905882352941206	-2.4347537692079184	2.1	-1.7726487966074618	2.237647058823518
3.239999999999975	4.9097561568852965	1.8894117647058852	-2.4196946060737594	2.1	-1.7691253313306037	2.242352941176459
3.2499999999999747	4.8644344603442216	1.88823529411765	-2.404582424958077	2.1	-1.7656292623606562	2.2470588235294002
3.2599999999999745	4.819447525831094	1.8870588235294148	-2.389421797250613	2.1	-1.7621603225622358	2.251764705882341
3.2699999999999743	4.774794331957703	1.8858823529411795	-2.374217182015766	2.1	-1.7587182483259178	2.256470588235282
3.279999999999974	4.730473816216118	1.8847058823529441	-2.358972927121001	2.1	-1.7553027795112295	2.2611764705882234
3.289999999999974	4.686484876358867	1.8835294117647088	-2.343693270420943	2.1	-1.7519136593907312	2.2658823529411642
3.2999999999999736	4.642826371755335	1.8823529411764737	-2.3283823409930613	2.1	-1.7485506345951718	2.2705882352941056
3.3099999999999734	4.599497124724346	1.8811764705882383	-2.313044160420754	2.1	-1.7452134550596943	2.2752941176470465
3.319999999999973	4.556495921842889	1.880000000000003	-2.297682644120212	2.1	-1.741901873971057	2.279999999999988
3.329999999999973	4.513821515231062	1.878823529411768	-2.2823016027070597	2.1	-1.7386156477158676	2.2847058823529287
3.3399999999999728	4.471472623813211	1.8776470588235326	-2.2669047433993565	2.1	-1.7353545358297886	2.2894117647058696
3.3499999999999726	4.429447934555337	1.8764705882352972	-2.2514956714535552	2.1	-1.7321183009477026	2.294117647058811
3.3599999999999723	4.3877461036788095	1.875294117647062	-2.236077891629734	2.1	-1.7289067087548184	2.298823529411752
3.369999999999972	4.34636575785054	1.8741176470588268	-2.2206548096834036	2.1	-1.7257195279386939	2.3035294117646927
3.379999999999972	4.305305495349633	1.8729411764705914	-2.2052297338804485	2.1	-1.7225565301421477	2.308235294117634
3.3899999999999717	4.26456388721068	1.8717647058823563	-2.1898058765324344	2.1	-1.7194174899170624	2.312941176470575
3.3999999999999715	4.224139478343828	1.870588235294121	-2.1743863555494034	2.1	-1.7163021846790338	2.3176470588235163
3.4099999999999713	4.184030788631736	1.8694117647058857	-2.158974196007589	2.1	-1.713210394662869	2.322352941176457
3.419999999999971	4.144236314003606	1.8682352941176503	-2.1435723317293927	2.1	-1.710141902878904	2.3270588235293985
3.429999999999971	4.1047545274864765	1.8670588235294152	-2.1281836068732143	2.1	-1.7070964950701257	2.3317647058823394
3.4399999999999706	4.065583880233874	1.8658823529411799	-2.1128107775308402	2.1	-1.7040739596700838	2.3364705882352803
3.4499999999999704	4.026722802532132	1.8647058823529445	-2.0974565133301866	2.1	-1.7010740877615678	2.3411764705882216
3.45999999999997	3.988169704784486	1.8635294117647094	-2.082123399041341	2.1	-1.698096673036049	2.3458823529411625
3.46999999999997	3.949922978473216	1.862352941176474	-2.066813936183818	2.1	-1.6951415117538506	2.350588235294104
3.47999999999997	3.911980997100006	1.8611764705882388	-2.0515305446332848	2.1	-1.692208402705049	2.3552941176470448
3.4899999999999696	3.8743421171048027	1.8600000000000034	-2.036275564225982	2.1	-1.68929714717108	2.3599999999999857
3.4999999999999694	3.8370046787633574	1.8588235294117683	-2.0210512563590495	2.1	-1.6864075488870354	2.364705882352927
3.509999999999969	3.7999670070637537	1.857647058823533	-2.005859805585395	2.1	-1.6835394140046414	2.369411764705868
3.519999999999969	3.7632274125620873	1.8564705882352976	-1.990703321201356	2.1	-1.680692551055907	2.3741176470588092
3.5299999999999687	3.726784192217644	1.8552941176470625	-1.9755838388261517	2.1	-1.6778667709174107	2.37882352941175
3.5399999999999685	3.690635630207779	1.8541176470588272	-1.9605033219714323	2.1	-1.6750618867752365	2.383529411764691
3.5499999999999683	3.654779998722768	1.8529411764705919	-1.9454636636000244	2.1	-1.6722777140905272	2.3882352941176324
3.559999999999968	3.61921555874092	1.8517647058823568	-1.9304666876726058	2.1	-1.669514070565651	2.3929411764705733
3.569999999999968	3.583940560784222	1.8505882352941214	-1.915514150681281	2.1	-1.6667707761109694	2.3976470588235146
3.5799999999999677	3.548953245654743	1.849411764705886	-1.9006077431691084	2.1	-1.664047652812189	2.4023529411764555
3.5899999999999674	3.514251845152197	1.848235294117651	-1.8857490912347183	2.1	-1.6613445248982845	2.407058823529397
3.5999999999999672	3.479834582772773	1.8470588235294156	-1.8709397580210896	2.1	-1.658661218709997	2.4117647058823377
3.609999999999967	3.4456996743896915	1.8458823529411803	-1.8561812451878485	2.1	-1.6559975626688663	2.4164705882352786
3.619999999999967	3.4118453289156556	1.844705882352945	-1.8414749943663609	2.1	-1.6533533872468213	2.42117647058822
3.6299999999999666	3.378269748947525	1.8435294117647099	-1.826822388596895	2.1	-1.650728524936286	2.425882352941161
3.6399999999999664	3.3449711313935127	1.8423529411764745	-1.8122247537474248	2.1	-1.6481228102208116	2.430588235294102
3.649999999999966	3.3119476680831808	1.8411764705882392	-1.7976833599134916	2.1	-1.6455360795462166	2.435294117647043
3.659999999999966	3.2791975463605088	1.840000000000004	-1.7831994227985937	2.1	-1.6429681712922224	2.439999999999984
3.6699999999999657	3.2467189496603686	1.8388235294117687	-1.7687741050748575	2.1	-1.6404189257445791	2.4447058823529253
3.6799999999999655	3.2145100580686545	1.8376470588235334	-1.7544085177234539	2.1	-1.6378881850676705	2.449411764705866
3.6899999999999653	3.182569048866369	1.8364705882352983	-1.7401037213545139	2.1	-1.635375793277587	2.4541176470588075
3.699999999999965	3.1508940970579724	1.835294117647063	-1.7258607275063533	2.1	-1.6328815962156575	2.4588235294117484
3.709999999999965	3.1194833758842715	1.8341176470588276	-1.7116804999236057	2.1	-1.6304054415224356	2.4635294117646893
3.7199999999999647	3.08833505732013	1.8329411764705923	-1.6975639558142248	2.1	-1.6279471786121231	2.4682352941176307
3.7299999999999645	3.0574473125572807	1.8317647058823572	-1.6835119670851062	2.1	-1.6255066586474314	2.4729411764705715
3.7399999999999642	3.026818312472553	1.8305882352941218	-1.6695253615562524	2.1	-1.6230837345148637	2.477647058823513
3.749999999999964	2.996446228081783	1.8294117647058865	-1.6556049241533808	2.1	-1.6206782608004133	2.4823529411764538
3.759999999999964	2.966329230979665	1.8282352941176514	-1.6417513980789187	2.1	-1.6182900937656777	2.4870588235293947
3.7699999999999636	2.936465493765869	1.827058823529416	-1.6279654859613912	2.1	-1.615919091324362	2.491764705882336
3.7799999999999634	2.906853190457664	1.8258823529411807	-1.6142478509831204	2.1	-1.6135651130191848	2.496470588235277
3.789999999999963	2.877490496889337	1.8247058823529456	-1.6005991179863754	2.1	-1.6112280199991624	2.5011764705882182
3.799999999999963	2.8483755910986805	1.8235294117647103	-1.5870198745579125	2.1	-1.6089076749972735	2.505882352941159
3.8099999999999627	2.8195066537008273	1.822352941176475	-1.573510672092111	2.1	-1.6066039423084948	2.5105882352941
3.8199999999999625	2.7908818682496697	1.8211764705882396	-1.5600720268326713	2.1	-1.6043166877681998	2.5152941176470414
3.8299999999999623	2.7624994215871657	1.8200000000000045	-1.5467044208930203	2.1	-1.602045778730911	2.5199999999999823
3.839999999999962	2.734357504180773	1.8188235294117692	-1.5334083032556831	2.1	-1.599791084049408	2.5247058823529236
3.849999999999962	2.7064543104492684	1.8176470588235338	-1.52018409075057	2.1	-1.5975524740541693	2.5294117647058645
3.8599999999999617	2.67878803907722	1.8164705882352987	-1.5070321690125006	2.1	-1.5953298205331603	2.534117647058806
3.8699999999999615	2.6513568933183547	1.8152941176470634	-1.4939528934181132	2.1	-1.5931229967119451	2.5388235294117467
3.8799999999999613	2.6241590812880773	1.814117647058828	-1.4809465900022842	2.1	-1.5909318772341223	2.5435294117646876
3.889999999999961	2.597192816245388	1.812941176470593	-1.4680135563543275	2.1	-1.5887563381420835	2.548235294117629
3.899999999999961	2.5704563168644357	1.8117647058823576	-1.4551540624942587	2.1	-1.5865962568580796	2.55294117647057
3.9099999999999606	2.543947807495945	1.8105882352941223	-1.442368351729169	2.1	-1.5844515121655895	2.557647058823511
3.9199999999999604	2.5176655184187804	1.809411764705887	-1.4296566414901244	2.1	-1.5823219841909983	2.562352941176452
3.92999999999996	2.4916076860818244	1.8082352941176518	-1.4170191241497239	2.1	-1.580207554385564	2.567058823529393
3.93999999999996	2.465772553336476	1.8070588235294165	-1.4044559678206803	2.1	-1.5781081055076716	2.5717647058823343
3.9499999999999598	2.4401583696599136	1.8058823529411812	-1.3919673171355407	2.1	-1.5760235216053764	2.576470588235275
3.9599999999999596	2.41476339136942	1.804705882352946	-1.3795532940079238	2.1	-1.573953687999223	2.5811764705882165
3.9699999999999593	2.38958588182793	1.8035294117647107	-1.3672139983755494	2.1	-1.571898491265339	2.5858823529411574
3.979999999999959	2.3646241116410525	1.8023529411764754	-1.3549495089252392	2.1	-1.569857819218794	2.5905882352940983
3.989999999999959	2.3398763588457685	1.8011764705882403	-1.3427598838002852	2.1	-1.5678315608972246	2.5952941176470397
3.9999999999999587	2.3153409090910086	1.800000000000078	-1.3306451612903718	2.1000000000000756	-1.5658196065447203	2.600000000000014
4.009999999999959	2.2910160558103234	1.7810892919772043	-1.3186053605044323	2.080999005305175	-1.5638218475959578	2.596682776710005
4.019999999999959	2.266900100386835	1.7623409860185268	-1.306640482026613	2.0621162516347256	-1.5618381766605907	2.5933889461752506
4.0299999999999585	2.2429913523106997	1.743753767882282	-1.2947505085557909	2.0433517116844095	-1.5598684875078763	2.5901183320025503
4.039999999999958	2.2192881293292244	1.7253263297460086	-1.2829354055287625	2.0247053309072087	-1.557912675051553	2.586870759699083
4.049999999999958	2.1957887575898822	1.7070573703177299	-1.271195121727535	2.006177028471817	-1.5559706353349438	2.5836460566476718
4.059999999999958	2.172491571776378	1.6889455949417347	-1.2595295898709233	1.9877666981962914	-1.5540422655162982	2.5804440520824445
4.069999999999958	2.1493949152379703	1.6709897156991147	-1.2479387271908315	1.9694742094575284	-1.552127463854358	2.5772645770648657
4.079999999999957	2.126497140112203	1.6531884515031807	-1.2364224359934084	1.9512994080768677	-1.5502261296941493	2.574107464460144
4.089999999999957	2.1037966074412613	1.6355405281899185	-1.224980604205445	1.9332421171824092	-1.5483381634529922	2.5709725489140034
4.099999999999957	2.0812916872820963	1.6180446786036033	-1.2136131059062936	1.9153021380484758	-1.5464634666067272	2.5678596668298117
4.109999999999957	2.0589807588104945	1.6006996426777054	-1.2023198018455603	1.8974792509126277	-1.5446019416761507	2.5647686563460566
4.119999999999957	2.036862210419276	1.5835041675112316	-1.191100539946899	1.8797732157707405	-1.5427534922136659	2.5616993573141804
4.129999999999956	2.0149344398107565	1.5664570074406083	-1.179955155798179	1.8621837731505784	-1.5409180227901247	2.5586516112767312
4.139999999999956	1.9931958540836703	1.5495569241072564	-1.1688834731283069	1.8447106448643078	-1.5390954389818854	2.555625261445872
4.149999999999956	1.9716448698146587	1.5328026865209428	-1.1578853042709503	1.827353534740334	-1.5372856473580592	2.5526201526822057
4.159999999999956	1.9502799131345452	1.5161930711190776	-1.1469604506155386	1.8101121293350664	-1.53548855546795	2.549636131473917
4.1699999999999555	1.9290994197995	1.4997268618220412	-1.136108703045709	1.7929860986248625	-1.5337040718286834	2.546673045916232
4.179999999999955	1.9081018352572339	1.4834028500846428	-1.1253298423654938	1.775975096678632	-1.5319321059130364	2.543730745691209
4.189999999999955	1.8872856147084178	1.46721983494387	-1.1146236397136504	1.7590787623117228	-1.5301725681374263	2.5408090820477947
4.199999999999955	1.8666492231634237	1.451176623063001	-1.103989856966123	1.7422967197210797	-1.5284253698501047	2.5379079077822224
4.209999999999955	1.84619113549453	1.4352720287721898	-1.0934282471272139	1.7256285791025832	-1.5266904233195133	2.5350270772186736
4.2199999999999545	1.82590983648376	1.4195048741056573	-1.08293855470949	1.7090739372506116	-1.5249676417228173	2.5321664461902413
4.229999999999954	1.805803820866438	1.403873988835553	-1.0725205161028133	1.692632378140438	-1.5232569391346162	2.5293258720201823
4.239999999999954	1.785871593370629	1.3883782105026148	-1.0621738599326866	1.6763034734937654	-1.5215582305158135	2.526505213503437
4.249999999999954	1.7661116687525786	1.373016384443723	-1.0518983074081545	1.6600867833277766	-1.5198714317026605	2.5237043308884366
4.259999999999954	1.746522571828265	1.3577873638164284	-1.041693572659569	1.643981856488191	-1.5181964593959567	2.5209230858591707
4.269999999999953	1.7271028375011948	1.3426900096205612	-1.0315593630663953	1.6279882311666003	-1.516533231150414	2.518161341517526
4.279999999999953	1.7078510107865745	1.3277231907170233	-1.0214953795753696	1.6121054354025817	-1.514881665364171	2.515418962365877
4.289999999999953	1.6887656468319274	1.3128857838438155	-1.0115013170090712	1.596332987570678	-1.5132416812684761	2.5126958142899527
4.299999999999953	1.669845310934328	1.2981766736294365	-1.0015768643654308	1.5806703968530782	-1.5116131989175052	2.509991764541931
4.3099999999999525	1.651088578554327	1.283594752603708	-0.9917217051080977	1.5651171636978687	-1.5099961391783394	2.507306681723797
4.319999999999952	1.6324940353266644	1.2691389212061042	-0.981935517448095	1.5496727802635373	-1.508390423721087	2.504640435770938
4.329999999999952	1.61406027706792	1.2548080877916987	-0.972217974616842	1.5343367308498508	-1.506795975009149	2.501992897935985
4.339999999999952	1.5957859097811595	1.2406011686347769	-0.9625687451309233	1.51910849231571	-1.5052127162896263	2.499363940772878
4.349999999999952	1.5776695496576971	1.2265170879302054	-0.9529874930485903	1.5039875344839555	-1.5036405715838672	2.496753438121175
4.3599999999999515	1.5597098230760738	1.2125547777926389	-0.9434738782184346	1.488973320533819	-1.5020794656781518	2.494161265090581
4.369999999999951	1.5419053665983344	1.198713178253626	-0.9340275565202286	1.4740653073810137	-1.5005293241145108	2.4915872980457054
4.379999999999951	1.5242548269637093	1.1849912372566953	-0.9246481800983279	1.4592629460460869	-1.498990073181674	2.4890314145910293
4.389999999999951	1.5067568610797804	1.1713879106504899	-0.9153353975876438	1.4445656820110437	-1.4974616399061575	2.486493493556107
4.399999999999951	1.4894101360112262	1.1579021621800163	-0.9060888543324787	1.4299729555647103	-1.4959439520434687	2.483973414980965
4.40999999999995	1.4722133289662303	1.1445329634760784	-0.8969081925984502	1.4154842021371892	-1.4944369380694447	2.4814710601017147
4.41999999999995	1.4551651272806372	1.1312792940429597	-0.887793051777555	1.4010988526234853	-1.49294052717171	2.478986311336373
4.42999999999995	1.4382642283999332	1.1181401412444147	-0.8787430685866381	1.3868163336967292	-1.4914546492412613	2.4765190522708846
4.43999999999995	1.4215093398591414	1.1051145002880396	-0.8697578772594975	1.372636068111351	-1.489979234864168	2.474069167645345
4.4499999999999496	1.4048991792607026	1.0922013742080756	-0.8608371097326367	1.3585574749962326	-1.4885142153133881	2.471636543340408
4.459999999999949	1.3884324742504042	1.079399773846695	-0.851980395824956	1.3445799701382928	-1.4870595225407097	2.469221066363906
4.469999999999949	1.37210796249147	1.06670871783386	-0.8431873634115429	1.3307029662567609	-1.4856150891687956	2.4668226248376413
4.479999999999949	1.3559243916368273	1.0541272325657596	-0.8344576385916246	1.3169258732682352	-1.4841808484833499	2.4644411079843764
4.489999999999949	1.3398805192996779	1.041654352181934	-0.8257908458509969	1.3032480985430266	-1.4827567344253838	2.462076406114994
4.4999999999999485	1.3239751130223878	1.0292891185410862	-0.8171866082188713	1.2896690471526902	-1.4813426815836053	2.459728410615859
4.509999999999948	1.308206950243813	1.0170305811956812	-0.808644547419541	1.2761881221093834	-1.479938625186897	2.457397013936329
4.519999999999948	1.2925748182650783	1.0048777973653422	-0.8001642840187728	1.2628047245968983	-1.4785445010969167	2.455082109576466
4.529999999999948	1.2770775142139055	0.9928298319091177	-0.7917454375652168	1.2495182541938317	-1.4771602458007904	2.4527835920749066
4.539999999999948	1.261713845007542	0.9808857572966613	-0.783387626726946	1.2363281090890696	-1.4757857964039107	2.4505013569968996
4.549999999999947	1.2464826273143352	0.9690446535783598	-0.7750904694232127	1.2232336862897235	-1.4744210906228359	2.4482353009225193
4.559999999999947	1.231382687514036	0.9573056083544705	-0.7668535829516092	1.210234381821811	-1.4730660667782853	2.445985321435032
4.569999999999947	1.2164128616568666	0.9456677167433017	-0.7586765841107487	1.1973295909238713	-1.4717206637882327	2.443751317109428
4.579999999999947	1.2015719954214092	0.9341300813484728	-0.7505590893185511	1.1845187082336395	-1.4703848211611001	2.44153318750112
4.589999999999947	1.1868589440713866	0.922691812225314	-0.7425007147263316	1.1718011279681002	-1.4690584789890335	2.439330833134781
4.599999999999946	1.1722725724113638	0.9113520268464299	-0.7345010763287396	1.1591762440969915	-1.467741577941282	2.437144155493345
4.609999999999946	1.1578117547414253	0.9001098500664629	-0.7265597900697159	1.1466434505100234	-1.4664340592576677	2.4349730570071664
4.619999999999946	1.1434753748108988	0.8889644140861176	-0.7186764719445771	1.134202141177986	-1.4651358647421324	2.432817441043307
4.629999999999946	1.1292623257711338	0.8779148584154487	-0.7108507380982833	1.121851710307835	-1.463846936756392	2.4306772118949955
4.6399999999999455	1.115171510127417	0.8669603298364807	-0.7030822049200904	1.1095915524920688	-1.4625672182136593	2.4285522747712056
4.649999999999945	1.1012018396900483	0.8560999823651716	-0.6953704891346097	1.0974210628524375	-1.461296652572465	2.4264425357863972
4.659999999999945	1.087352235524626	0.8453329772127647	-0.6877152078894303	1.0853396371782271	-1.4600351838305534	2.424347901950378
4.669999999999945	1.0736216279015827	0.834658482746556	-0.6801159788393963	1.0733466720592644	-1.4587827565188678	2.42226828115832
4.679999999999945	1.060008956245021	0.8240756744501173	-0.672572420227586	1.0614415650137166	-1.4575393156956158	2.420203582180901
4.689999999999944	1.0465131690808682	0.8135837348829918	-0.6650841509631981	1.0496237146110097	-1.4563048069404088	2.4181537146545766
4.699999999999944	1.0331332239844104	0.8031818536399052	-0.6576507906963037	1.0378925205898017	-1.4550791763484903	2.4161185890719943
4.709999999999944	1.0198680875272323	0.7928692273095149	-0.6502719598896706	1.0262473839713335	-1.453862370525033	2.4140981167725255
4.719999999999944	1.0067167352235955	0.7826450594327244	-0.6429472798876796	1.0146877071681915	-1.4526543365795195	2.4120922099329336
4.729999999999944	0.9936781514763003	0.772508560460594	-0.6356763729824544	1.0032128940886724	-1.4514550221201898	2.4101007815581554
4.739999999999943	0.9807513295220581	0.7624589477118727	-0.6284588624772526	0.9918223502368267	-1.4502643752485742	2.4081237454722224
4.749999999999943	0.9679352713764031	0.7524954453301709	-0.6212943727472403	0.9805154828083709	-1.4490823445540877	2.4061610163092846
4.759999999999943	0.9552289877781938	0.7426172842408145	-0.6141825292977297	0.9692917007825977	-1.4479088791087031	2.4042125095047666
4.769999999999943	0.9426314981337023	0.7328237021073791	-0.6071229588198809	0.9581504150102836	-1.4467439284616948	2.4022781412866387
4.7799999999999425	0.930141830460359	0.7231139432879555	-0.6001152892440721	0.9470910382979164	-1.4455874426344497	2.400357828666801
4.789999999999942	0.9177590213301563	0.71348725879115	-0.5931591497908786	0.9361129854881493	-1.4444393721153463	2.39845148943258
4.799999999999942	0.905482115812742	0.7039429062318449	-0.5862541710198571	0.9252156735367917	-1.4432996678547074	2.396559042138348
4.809999999999942	0.8933101674182393	0.6944801497867443	-0.5793999848760802	0.9143985215862492	-1.442168281259808	2.3946804060972333
4.819999999999942	0.8812422380398186	0.6850982601497292	-0.5725962247346064	0.9036609510357051	-1.4410451641899622	2.3928155013729637
4.8299999999999415	0.8692773978960275	0.6757965144870224	-0.5658425254428621	0.8930023856080068	-1.4399302689516633	2.390964248771795
4.839999999999941	0.8574147254729342	0.6665741963922102	-0.5591385233610333	0.8824222514134116	-1.4388235482937963	2.389126569834562
4.849999999999941	0.8456533074660794	0.6574305958411143	-0.552483856400561	0.871919977010339	-1.437724955402905	2.3873023868288192
4.859999999999941	0.8339922387222803	0.6483650091465485	-0.5458781640607405	0.8614949934631314	-1.4366344438985283	2.385491622741099
4.869999999999941	0.8224306221813005	0.6393767389129721	-0.5393210874635226	0.8511467343969765	-1.4355519678285908	2.3836942012692552
4.87999999999994	0.8109675688173962	0.630465093991046	-0.5328122693865681	0.840874636050074	-1.4344774816648576	2.3819100468149172
4.88999999999994	0.7996021975807847	0.6216293894321293	-0.5263513542945875	0.8306781373230935	-1.4334109402984483	2.380139084476041
4.89999999999994	0.7883336353390384	0.6128689464427177	-0.5199379883690908	0.8205566798261278	-1.4323522990354036	2.3783812400395483
4.90999999999994	0.7771610168184137	0.6041830923388308	-0.5135718195364891	0.8105097079230401	-1.4313015135923164	2.37663643997407
4.9199999999999395	0.7660834845451623	0.5955711605003865	-0.5072524974946976	0.8005366687734492	-1.4302585400920151	2.3749046114227803
4.929999999999939	0.7551001887868174	0.5870324903255554	-0.5009796737382295	0.7906370123723322	-1.4292233350593022	2.37318568219632
4.939999999999939	0.7442102874934815	0.5785664271851166	-0.49475300158188984	0.780810191587418	-1.4281958554167486	2.371479580765815
4.949999999999939	0.7334129462391354	0.5701723223768299	-0.4885721361830192	0.7710556621942913	-1.4271760584805449	2.369786236255983
4.959999999999939	0.7227073381629789	0.5618495330798328	-0.48243673456245834	0.7613728829094789	-1.4261639019563974	2.368105578438324
4.9699999999999385	0.71209264391082	0.5535974223090745	-0.4763464556241453	0.7517613154213776	-1.4251593439354884	2.3664375377244085
4.979999999999938	0.7015680515765349	0.545415358869807	-0.47030096017351425	0.7422204244192908	-1.4241623428904755	2.3647820451592376
4.989999999999938	0.6911327566435957	0.5373027173121258	-0.464299910934637	0.7327496776204809	-1.4231728576715514	2.3631390324146984
4.999999999999938	0.6807859619267006	0.5292588778855923	-0.45834297256620465	0.7233485457953912	-1.422190847502549	2.3615084317830966
5.009999999999938	0.6705268775135095	0.5212832264939384	-0.4524298116763891	0.7140165027911007	-1.4212162719770973	2.3598901761707745
5.019999999999937	0.6603547207064876	0.5133751546498536	-0.4465600968365541	0.7047530255529609	-1.420249091054827	2.358284199091811
5.029999999999937	0.6502687159648973	0.5055340594298885	-0.44073349859399047	0.6955575941446969	-1.4192892650576199	2.356690434661791
5.039999999999937	0.6402680948469178	0.4977593434294568	-0.4349496894835418	0.6864296917667526	-1.4183367546659087	2.355108817591665
5.049999999999937	0.6303520959519261	0.49005041471796384	-0.4292083440383015	0.6773688047731733	-1.4173915209150274	2.3535392831816866
5.0599999999999365	0.6205199648629441	0.4824066867940633	-0.4235091387993258	0.6683744226869353	-1.4164535251915975	2.351981767315411
5.069999999999936	0.6107709540892566	0.47482757854104685	-0.41785175232442334	0.6594460382138165	-1.4155227292299695	2.3504362064537916
5.079999999999936	0.6011043230092201	0.4673125141823829	-0.4122358651960905	0.6505831472549204	-1.414599095108702	2.3489025376293253
5.089999999999936	0.591519337813264	0.45986092323740396	-0.4066611600285525	0.6417852489177877	-1.4136825852470885	2.347380698440293
5.099999999999936	0.5820152714470951	0.4524722404771529	-0.40112732147396524	0.6330518455261844	-1.4127731624017268	2.345870627045058
5.1099999999999355	0.5725914035551197	0.4451459058803976	-0.395634036227888	0.6243824426287389	-1.4118707896631293	2.3443722621564422
5.119999999999935	0.5632470204240826	0.4378813645898146	-0.39018099303390585	0.6157765490062362	-1.4109754304523792	2.342885543036168
5.129999999999935	0.5539814149269389	0.43067806686835414	-0.3847678826875491	0.607233676677804	-1.4100870485178245	2.3414104094893737
5.139999999999935	0.5447938864669636	0.4235354680557893	-0.3793943980395125	0.5987533409059936	-1.409205607931814	2.339946801859192
5.149999999999935	0.5356837409221037	0.41645302852545407	-0.3740602339981523	0.5903350602007198	-1.4083310730874739	2.338494661021396
5.159999999999934	0.5266502905895826	0.4094302136411775	-0.36876508753133985	0.5819783563221866	-1.4074634086955253	2.3370539283791194
5.169999999999934	0.5176928541307663	0.40246649371442167	-0.3635086576676703	0.5736827542827955	-1.406602579781139	2.3356245458576272
5.179999999999934	0.5088107565162897	0.39556134396162124	-0.35829064549705864	0.5654477823480847	-1.4057485516808315	2.334206455899168
5.189999999999934	0.5000033289714579	0.3887142444617373	-0.35311075417074483	0.5572729720367385	-1.4049012900393918	2.3327996014578676
5.199999999999934	0.4912699089219198	0.3819246801140227	-0.34796868890071453	0.5491578581196725	-1.4040607608068594	2.3314039259947106
5.209999999999933	0.4826098399396289	0.3751921405960111	-0.3428641569586062	0.5411019786183089	-1.403226930235527	2.3300193734725663
5.219999999999933	0.4740224716890882	0.36851612032172565	-0.33779686767405176	0.5331048748019575	-1.4023997648769826	2.3286458883512755
5.229999999999933	0.46550715987388686	0.3618961184001164	-0.3327665324325428	0.5251660911844488	-1.401579231579192	2.3272834155828037
5.239999999999933	0.4570632661835357	0.355331638593728	-0.3277728646727786	0.5172851755199482	-1.4007652974836142	2.3259319006064576
5.2499999999999325	0.44869015824060415	0.34882218927760356	-0.32281557988358295	0.5094616787980903	-1.399957930022348	2.324591289344139
5.259999999999932	0.4403872095481585	0.3423672833984213	-0.3178943956003554	0.5016951552383785	-1.3991570969153218	2.323261528195687
5.269999999999932	0.4321537994375161	0.33596643843387763	-0.3130090314010737	0.49398516228387584	-1.3983627661675078	2.3219425640342446
5.279999999999932	0.4239893130163042	0.3296191763523073	-0.30815920890191595	0.48633126059429593	-1.3975749060661784	2.320634344201708
5.289999999999932	0.4158931411168433	0.3233250235725546	-0.30334465175245956	0.4787330140384266	-1.3967934851781885	2.319336816504212
5.299999999999931	0.40786468024484507	0.3170835109240907	-0.29856508563053064	0.47118998968600057	-1.3960184723472961	2.318049929207682
5.309999999999931	0.39990333252843246	0.3108941736073803	-0.2938202382366445	0.4637017577989221	-1.3952498366915127	2.316773631033433
5.319999999999931	0.3920085056674886	0.3047565511545042	-0.2891098392881549	0.45626789182203314	-1.3944875476004832	2.315507871153819
5.329999999999931	0.3841796128833308	0.298670187390035	-0.28443362051300985	0.44888796837325873	-1.393731574732905	2.31425259918795
5.339999999999931	0.3764160728687149	0.29263463039216914	-0.2797913156432456	0.4415615672333399	-1.392981888013966	2.3130077651974355
5.34999999999993	0.3687173097381736	0.28664943245411895	-0.2751826604081232	0.4342882713350013	-1.3922384576328253	2.3117733196822003
5.35999999999993	0.3610827529786895	0.28071415004576417	-0.27060739252701854	0.42706766675173063	-1.3915012540401157	2.310549213576342
5.36999999999993	0.3535118374006997	0.2748283437755625	-0.26606525170199574	0.4198993426860583	-1.3907702479454813	2.309335398244036
5.37999999999993	0.34600400308944834	0.2689915783527295	-0.26155597961015875	0.4127828914574865	-1.3900454103151385	2.3081318254754906
5.3899999999999295	0.3385586953566667	0.26320342254967377	-0.2570793198956961	0.4057179084899345	-1.3893267123694713	2.3069384474829526
5.399999999999929	0.33117536469260334	0.25746344916470376	-0.25263501816173217	0.3987039922988787	-1.3886141255806546	2.30575521689676
5.409999999999929	0.3238534667183944	0.2517712349849997	-0.24822282196192208	0.3917407444780875	-1.3879076216703006	2.3045820867614353
5.419999999999929	0.3165924621387728	0.2461263607498485	-0.24384248079183768	0.38482776968602705	-1.387207172607141	2.3034190105318344
5.429999999999929	0.30939181669512755	0.2405284111141508	-0.23949374608014787	0.377964675631942	-1.3865127506047286	2.302265942069334
5.4399999999999284	0.30225100111890496	0.23497697461219422	-0.2351763711795786	0.3711510730615891	-1.385824328119171	2.3011228356380635
5.449999999999928	0.29516949108535423	0.22947164362169392	-0.23089011135773366	0.3643865757427502	-1.3851418778468891	2.2999896459011895
5.459999999999928	0.2881467671676244	0.2240120143281066	-0.22663472378767865	0.3576708004503725	-1.3844653727224028	2.2988663279172323
5.469999999999928	0.2811823147912003	0.2185976866892081	-0.22240996753841286	0.35100336695153117	-1.3837947859161428	2.297752837136437
5.479999999999928	0.2742756241886919	0.2132282643999451	-0.218215603565136	0.3443838979900688	-1.3831300908322866	2.2966491293971787
5.489999999999927	0.26742619035496923	0.2079033548575565	-0.21405139469940151	0.3378120192710551	-1.382471261106618	2.2955551609224076
5.499999999999927	0.2606335130026405	0.20262256912696083	-0.20991710563909832	0.3312873594449766	-1.3818182706044213	2.2944708883161535
5.509999999999927	0.2538970965178822	0.19738552190641748	-0.20581250293832973	0.32480955009176365	-1.381171093418385	2.2933962685600457
5.519999999999927	0.2472164499166156	0.1921918314934573	-0.20173735499714107	0.31837822570457863	-1.380529703866543	2.292331259009891
5.5299999999999265	0.240591086801025	0.18704111975107915	-0.19769143205113318	0.31199302367342435	-1.379894076490233	2.2912758173922882
5.539999999999926	0.2340205253164297	0.18193301207422077	-0.19367450616098733	0.3056535842686124	-1.3792641860520818	2.290229901801279
5.549999999999926	0.22750428810849582	0.1768671373564945	-0.18968635120187738	0.29935955062405345	-1.3786400075340075	2.2891934706950328
5.559999999999926	0.2210419022807965	0.17184312795719353	-0.18572674285275204	0.2931105687203429	-1.3780215161352558	2.2881664828925854
5.569999999999926	0.2146328993527179	0.16686061966856702	-0.18179545858559812	0.28690628736781637	-1.3774086872704496	2.2871488975706002
5.5799999999999255	0.20827681521770577	0.16191925168336005	-0.17789227765454704	0.28074635818935756	-1.376801496567665	2.2861406742601744
5.589999999999925	0.20197319010185832	0.15701866656262267	-0.1740169810849608	0.27463043560317424	-1.3761999198665291	2.2851417728436796
5.599999999999925	0.19572156852286293	0.1521585102037865	-0.1701693516624181	0.2685581768054159	-1.375603933216337	2.2841521535516343
5.609999999999925	0.18952149924926964	0.14733843180900283	-0.16634917392164475	0.26252924175270453	-1.3750135128741976	2.283171776959627
5.619999999999925	0.18337253526010952	0.142558083853749	-0.16255623413538223	0.2565432931445666	-1.3744286353031951	2.2822006039852627
5.629999999999924	0.17727423370485343	0.13781712205569963	-0.1587903203032146	0.2505999964058002	-1.373849277170566	2.281238595885134
5.639999999999924	0.17122615586370457	0.13311520534385676	-0.15505122214033096	0.24469901966874025	-1.3732754153459117	2.2802857142518573
5.649999999999924	0.1652278671082344	0.1284519958279477	-0.15133873106625678	0.23884003375547408	-1.3727070268994193	2.2793419210111137
5.659999999999924	0.15927893686234937	0.12382715876807927	-0.14765264019353597	0.23302271215998016	-1.3721440891001078	2.278407178418741
5.6699999999999235	0.1533789385635969	0.11924036254465649	-0.14399274431640274	0.2272467310302499	-1.3715865794140918	2.277481449057847
5.679999999999923	0.14752744962480366	0.11469127862855907	-0.1403588398993838	0.22151176915030002	-1.3710344755028658	2.2765646958359644
5.689999999999923	0.14172405139604416	0.11017958155157499	-0.13675072506592537	0.2158175079222238	-1.3704877552216146	2.2756568819822407
5.699999999999923	0.13596832912694298	0.10570494887709338	-0.13316819958696804	0.21016363134816024	-1.3699463966175265	2.2747579710446426
5.709999999999923	0.13025987192930627	0.10126706117105336	-0.12961106486949675	0.20454982601222374	-1.3694103779281452	2.273867926887214
5.7199999999999225	0.12459827274007776	0.09686560197314516	-0.12607912394512363	0.1989757810624858	-1.3688796775797272	2.2729867136873545
5.729999999999922	0.11898312828462668	0.09250025776826931	-0.12257218145861316	0.19344118819286565	-1.3683542741856207	2.272114295933121
5.739999999999922	0.11341403904035469	0.08817071795824388	-0.1190900436564231	0.1879457416250457	-1.3678341465446677	2.2712506384205784
5.749999999999922	0.1078906092006298	0.08387667483376574	-0.1156325183752558	0.1824891380904035	-1.367319273639615	2.2703957062511626
5.759999999999922	0.1024124466390419	0.07961782354662207	-0.11219941503058888	0.17707107681191098	-1.366809634635554	2.269549464829086
5.769999999999921	0.09697916287397423	0.07539386208214736	-0.10879054460522773	0.1716912594860683	-1.3663052088783678	2.2687118798587593
5.779999999999921	0.09159037303349728	0.07120449123193116	-0.10540571963785396	0.16634939026483117	-1.365805975893203	2.2678829173422583
5.789999999999921	0.08624569582057758	0.06704941456677052	-0.1020447542115969	0.16104517573757454	-1.3653119153829563	2.267062543576805
5.799999999999921	0.08094475347859872	0.06292833840986524	-0.09870746394261178	0.15577832491306715	-1.3648230072267749	2.2662507251522825
5.809999999999921	0.07568717175719954	0.058840971810259685	-0.09539366596867359	0.15054854920147015	-1.3643392314785825	2.2654474289487845
5.81999999999992	0.07047257987841833	0.05478702651652254	-0.09210317893780011	0.1453555623963826	-1.3638605683656082	2.2646526221341734
5.82999999999992	0.06530061050314939	0.050766216950669296	-0.08883582299688195	0.14019908065689718	-1.3633869982869466	2.2638662721616902
5.83999999999992	0.06017089969790685	0.04677826018232368	-0.08559141978034705	0.1350788224897112	-1.3629185018121233	2.2630883467675713
5.84999999999992	0.055083086901890205	0.042822875903113684	-0.08236979239885743	0.1299945087312876	-1.3624550596796803	2.2623188139687
5.8599999999999195	0.05003681489435668	0.03889978640130602	-0.07917076542801318	0.12494586253002794	-1.3619966527957796	2.2615576420602883
5.869999999999919	0.04503172976229486	0.035008716536674894	-0.07599416489711736	0.11993260932854145	-1.3615432622328147	2.2608047996135716
5.879999999999919	0.0400674808683939	0.031149393715600476	-0.07283981827794608	0.11495447684592207	-1.3610948692280487	2.2600602554735447
5.889999999999919	0.03514372081931572	0.027321547866403006	-0.06970755447357053	0.11001119506010756	-1.3606514551822566	2.259323978756712
5.899999999999919	0.03026010543425723	0.023524911414902316	-0.06659720380721315	0.10510249619029265	-1.3602130016583904	2.258595938848866
5.909999999999918	0.025416293713809508	0.01975921926020823	-0.06350859801113617	0.10022811467939298	-1.3597794903802536	2.25787610540289
5.919999999999918	0.020611947809108144	0.01602420875073733	-0.06044157021557848	0.09538778717658557	-1.359350903231194	2.2571644483365856
5.929999999999918	0.015846732991270148	0.012319619660452478	-0.057395954937725244	0.09058125251990083	-1.3589272222528128	2.2564609378305307
5.939999999999918	0.011120317621121072	0.008645194165327993	-0.054371588070739094	0.0858082517189118	-1.3585084296436774	2.25576554432594
5.949999999999918	0.006432373119207343	0.0050006768200365325	-0.051368306872804144	0.08106852793744355	-1.3580945077580644	2.2550782385225796
5.959999999999917	0.0017825739360889127	0.0013858145348539087	-0.04838594995625842	0.0763618264764223	-1.3576854391047048	2.2543989913766826
5.969999999999917	-0.0028294024770839947	-0.002199643447215239	-0.04542435727673478	0.07168789475673773	-1.3572812063455417	2.253727774098887
5.979999999999917	-0.007403875697715108	-0.00575594557309484	-0.04248337012237318	0.06704648230221796	-1.3568817922945147	2.253064558152216
5.989999999999917	-0.011941162360632607	-0.009283338002081991	-0.03956283110308629	0.06243734072268884	-1.356487179916342	2.2524093152500577
5.9999999999999165	-0.016441576186679793	-0.012782064628074012	-0.03666258413985272	0.057860223697076586	-1.356097352325328	2.2517620173541824
6.009999999999916	-0.02090542801103781	-0.016252367101587194	-0.03378247445409417	0.05331488695664311	-1.355712292784175	2.2511226366727723
6.019999999999916	-0.025333025811274393	-0.01969448485156253	-0.0309223485570764	0.0488010882682587	-1.3553319847028176	2.250491145658484
6.029999999999916	-0.029724674735124013	-0.023108655106962677	-0.028082054239386357	0.04431858741779515	-1.3549564116372574	2.2498675170065154
6.039999999999916	-0.03408067712800427	-0.02649511291816382	-0.025261440560458398	0.039867146193596124	-1.3545855572884244	2.249251723652711
6.0499999999999154	-0.038401332560265115	-0.029854091178139863	-0.02246035783814831	0.03544652837002312	-1.354219405501037	2.2486437387716767
6.059999999999915	-0.042686937854175364	-0.03318582064344236	-0.01967865763837415	0.03105649969110681	-1.3538579402624873	2.2480435357749196
6.069999999999915	-0.0469377871106526	-0.036490529954980984	-0.016916192764820214	0.026696827854298055	-1.3535011457017279	2.247451088309006
6.079999999999915	-0.05115417173572971	-0.03976844565859921	-0.014172817248672873	0.022367282494269166	-1.3531490060881821	2.246866370253751
6.089999999999915	-0.05533638046677033	-0.04301979222545484	-0.011448386338458526	0.018067635166876345	-1.352801505830649	2.246289355720398
6.099999999999914	-0.05948469939842692	-0.046244792072200384	-0.008742756489892495	0.013797659333139416	-1.352458629476242	2.2457200190498563
6.109999999999914	-0.06359941200834736	-0.04944366558096798	-0.006055785355836518	0.009557130343392894	-1.352120361709322	2.245158334810934
6.119999999999914	-0.06768079918263377	-0.052616631119161685	-0.003387331776276217	0.005345825421468642	-1.3517866873504465	2.244604277798587
6.129999999999914	-0.07172913924105166	-0.055763905059055645	-0.0007372557683887836	0.0011635236490208428	-1.3514575913553386	2.244057823032212
6.1399999999999135	-0.07574470796199267	-0.05888570179720071	0.0018945814833441694	-0.002989994050077704	-1.351133058813852	2.2435189457539235
6.149999999999913	-0.07972777860719711	-0.06198223377364431	0.004508317636951047	-0.007114944925224554	-1.3508130749489626	2.242987621426884
6.159999999999913	-0.0836786219462305	-0.0650537114909591	0.007104089202731166	-0.011211544414492083	-1.3504976251157588	2.242463825733624
6.169999999999913	-0.08759750628072471	-0.0681003435330886	0.009682031552939938	-0.015280006159912467	-1.3501866948004542	2.2419475345744044
6.179999999999913	-0.09148469746837928	-0.0711223365840063	0.012242278931419102	-0.019320542022675944	-1.3498802696193966	2.2414387240655698
6.1899999999999125	-0.09534045894672664	-0.07411989544619144	0.014784964463172116	-0.023333362098242515	-1.3495783353181017	2.240937370537944
6.199999999999912	-0.09916505175666727	-0.07709322305892566	0.01731022016384663	-0.027318674731307013	-1.3492808777702905	2.240443450535233
6.209999999999912	-0.10295873456577043	-0.08004252051640758	0.019818176949189432	-0.03127668653072074	-1.3489878829769393	2.239956940812447
6.219999999999912	-0.10672176369134599	-0.08296798708568938	0.022308964644404242	-0.03520760238425975	-1.3486993370653342	2.239477818334329
6.229999999999912	-0.11045439312329158	-0.08586982022443874	0.0247827119934595	-0.039111625473314225	-1.3484152262881457	2.2390060602738204
6.239999999999911	-0.11415687454671014	-0.08874821559852218	0.02723954666834328	-0.04298895728749444	-1.3481355370225048	2.238541644010525
6.249999999999911	-0.11782945736430879	-0.0916033670994185	0.029679595278223486	-0.046839797639087195	-1.3478602557690964	2.2380845471292043
6.259999999999911	-0.12147238871857326	-0.09443546686145773	0.0321029833785714	-0.05066434467745445	-1.3475893691512497	2.237634747418269
6.269999999999911	-0.12508591351372317	-0.0972447052788896	0.034509835480197266	-0.05446279490329308	-1.3473228639140604	2.2371922228683165
6.2799999999999105	-0.12867027443745235	-0.10003127102278508	0.036900275058242095	-0.058235343182825645	-1.347060726923495	2.2367569516706505
6.28999999999991	-0.13222571198245167	-0.1027953510577686	0.03927442456108092	-0.06198218276185127	-1.3468029451655317	2.236328912215848
6.29999999999991	-0.13575246446771777	-0.10553713065858407	0.04163240541918411	-0.06570350527973048	-1.3465495057452883	2.235908083092315
6.30999999999991	-0.13925076805965367	-0.1082567934264989	0.043974338053895085	-0.06939950078323799	-1.3463003958861743	2.2354944430848778
6.31999999999991	-0.1427208567929566	-0.11095452130554274	0.046300341886148615	-0.07307035774032174	-1.346055602929044	2.2350879711733764
6.3299999999999095	-0.1461629625912985	-0.11363049459858497	0.04861053534512894	-0.07671626305376704	-1.345815114331364	2.2346886465312816
6.339999999999909	-0.14957731528780385	-0.11628489198325467	0.05090503587685011	-0.0803374020747379	-1.3455789176663855	2.2342964485243226
6.349999999999909	-0.152964142645319	-0.11891789052769836	0.05318395995268964	-0.08393395861624466	-1.3453470006223274	2.2339113567091284
6.359999999999909	-0.1563236703764841	-0.12152966570618451	0.05544742307783615	-0.08750611496647587	-1.3451193510015709	2.2335333508318915
6.369999999999909	-0.15965612216360223	-0.12412039141455021	0.05769553979968755	-0.09105405190205226	-1.3448959567198542	2.2331624108270303
6.379999999999908	-0.16296171967830997	-0.12669023998549353	0.059928423716174475	-0.09457794870116254	-1.3446768058054892	2.232798516815889
6.389999999999908	-0.1662406826010548	-0.12923938220371578	0.06214618748402635	-0.09807798315660876	-1.3444618863985707	2.2324416491054246
6.399999999999908	-0.1694932286403747	-0.13176798732090975	0.06434894282696874	-0.10155433158874329	-1.3442511867502096	2.2320917881869327
6.409999999999908	-0.17271957355198586	-0.1342762230705991	0.06653680054385643	-0.1050071688583042	-1.3440446952217657	2.2317489147347738
6.419999999999908	-0.17591993115768217	-0.13676425568283124	0.06870987051673856	-0.10843666837914365	-1.3438424002840856	2.231413009605109
6.429999999999907	-0.17909451336404034	-0.13923224989871902	0.07086826171887346	-0.11184300213087656	-1.3436442905167607	2.231084053834666
6.439999999999907	-0.18224353018094575	-0.14168036898484326	0.07301208222265425	-0.11522634067138876	-1.3434503546073793	2.230762028639501
6.449999999999907	-0.1853671897399222	-0.14410877474750278	0.07514143920750006	-0.11858685314929088	-1.343260581350798	2.2304469154137827
6.459999999999907	-0.1884656983122891	-0.14651762754682995	0.07725643896766711	-0.12192470731624543	-1.343074959648417	2.2301386957285945
6.4699999999999065	-0.19153926032712906	-0.14890708631075955	0.07935718691998755	-0.12524006953918024	-1.3428934785074582	2.2298373513307337
6.479999999999906	-0.19458807838907843	-0.15127730854885907	0.08144378761157421	-0.1285331048124479	-1.3427161270402586	2.229542864141538
6.489999999999906	-0.19761235329593912	-0.15362845036602096	0.08351634472742908	-0.13180397676983338	-1.3425428944635682	2.2292552162557193
6.499999999999906	-0.20061228405611145	-0.15596066647601506	0.08557496109800936	-0.13505284769649462	-1.3423737700978542	2.2289743899402112
6.509999999999906	-0.20358806790585735	-0.15827411021490953	0.0876197387067375	-0.1382798785408147	-1.3422087433666166	2.2287003676330284
6.519999999999905	-0.2065399003263838	-0.16056893355435195	0.08965077869742516	-0.14148522892611812	-1.342047803795706	2.228433131942136
6.529999999999905	-0.2094679750607598	-0.16284528711472082	0.0916681813816491	-0.14466905716231152	-1.341890941012651	2.2281726656443337
6.539999999999905	-0.21237248413065998	-0.16510332017814258	0.09367204624607776	-0.1478315202574462	-1.3417381447459973	2.2279189516841567
6.549999999999905	-0.21525361785294056	-0.16734318070137816	0.09566247195970834	-0.15097277392913955	-1.3415894048246435	2.227671973172773
6.559999999999905	-0.2181115648560516	-0.16956501532858204	0.09763955638107351	-0.1540929726159486	-1.3414447111771968	2.227431713386914
6.569999999999904	-0.22094651209628002	-0.17176896940393016	0.0996033965653633	-0.15719226948860954	-1.341304053831325	2.2271981557678004
6.579999999999904	-0.22375864487383204	-0.17395518698412274	0.10155408877149429	-0.16027081646119445	-1.3411674229131216	2.226971283920083
6.589999999999904	-0.22654814684875213	-0.17612381085076	0.10349172846913277	-0.16332876420219483	-1.341034808646477	2.2267510816108036
6.599999999999904	-0.22931520005668354	-0.17827498252259477	0.10541641034563412	-0.16636626214547331	-1.3409062013524498	2.226537532768349
6.6099999999999035	-0.23205998492446733	-0.18040884226765957	0.10732822831294156	-0.16938345850115122	-1.340781591448661	2.226330621481444
6.619999999999903	-0.23478268028558857	-0.1825255291152748	0.10922727551441815	-0.17238050026639065	-1.3406609694486726	2.2261303319981223
6.629999999999903	-0.2374834633954632	-0.1846251808679332	0.1111136443316239	-0.17535753323608994	-1.3405443259613954	2.2259366487247405
6.639999999999903	-0.24016250994657276	-0.18670793411306574	0.11298742639102807	-0.17831470201347682	-1.3404316516904822	2.2257495562249727
6.649999999999903	-0.2428199940834469	-0.18877392423468958	0.1148487125706698	-0.1812521500206205	-1.340322937433746	2.225569039218842
6.659999999999902	-0.24545608841749214	-0.19082328542493632	0.1166975930067614	-0.18417001950885234	-1.3402181740825745	2.225395082581751
6.669999999999902	-0.24807096404167672	-0.19285615069546802	0.11853415710022852	-0.18706845156908772	-1.3401173526213497	2.2252276713435157
6.679999999999902	-0.25066479054506247	-0.19487265188877503	0.12035849352320195	-0.18994758614207125	-1.3400204641268796	2.225066790687424
6.689999999999902	-0.25323773602719163	-0.19687291968936035	0.1221706902254459	-0.1928075620285217	-1.3399274997678348	2.2249124259492983
6.699999999999902	-0.2557899671123308	-0.19885708363481336	0.12397083444072685	-0.19564851689918325	-1.3398384508041847	2.22476456261656
6.709999999999901	-0.25832164896356846	-0.20082527212676937	0.12575901269314482	-0.19847058730481745	-1.3397533085866526	2.224623186327326
6.719999999999901	-0.26083294529677087	-0.20277761244175962	0.1275353108033844	-0.20127390868606826	-1.3396720645561624	2.2244882828694874
6.729999999999901	-0.26332401839440034	-0.20471423074195352	0.1292998138949361	-0.20405861538328077	-1.3395947102433035	2.2243598381798226
6.739999999999901	-0.26579502911919073	-0.20663525208579056	0.13105260640023447	-0.206824840646188	-1.3395212372677903	2.2242378383431007
6.7499999999999005	-0.26824613692768595	-0.2085408004385054	0.13279377206676737	-0.20957271664355265	-1.339451637337939	2.224122269591211
6.7599999999999	-0.2706774998836439	-0.21043099868254828	0.13452339396312393	-0.21230237447271172	-1.3393859022501442	2.2240131183022935
6.7699999999999	-0.2730892746713018	-0.21230596862789802	0.13624155448498207	-0.215013944169026	-1.3393240238883581	2.2239103709998767
6.7799999999999	-0.27548161660851156	-0.2141658310222736	0.13794833536104376	-0.21770755471524703	-1.3392659942235816	2.22381401435203
6.7899999999999	-0.27785467965974175	-0.21601070556124227	0.1396438176589319	-0.22038333405082322	-1.3392118053133584	2.223724035170526
6.7999999999998995	-0.2802086164489461	-0.2178407108982237	0.1413280817910119	-0.22304140908108763	-1.3391614493012751	2.2236404204100073
6.809999999999899	-0.28254357827230553	-0.21965596465439616	0.14300120752018505	-0.2256819056864009	-1.339114918416465	2.223563157167166
6.819999999999899	-0.284859715110839	-0.2214565834285002	0.14466327396561152	-0.228304948731183	-1.3390722049731199	2.2234922326799307
6.829999999999899	-0.2871571756428913	-0.22324268280654724	0.1463143596083901	-0.23091066207287722	-1.3390333013700084	2.2234276343266677
6.839999999999899	-0.2894361072564904	-0.22501437737142627	0.14795454229718802	-0.23349916857083466	-1.3389982000899903	2.223369349625374
6.849999999999898	-0.29169665606158357	-0.2267717807124165	0.14958389925381818	-0.23607059009511644	-1.3389668936995534	2.223317366232909
6.859999999999898	-0.29393896690214866	-0.228515005434603	0.15120250707876945	-0.23862504753522135	-1.338939374848338	2.223271671944205
6.869999999999898	-0.2961631833681846	-0.2302441631681986	0.15281044175667707	-0.2411626608087192	-1.338915636268677	2.223232254691502
6.879999999999898	-0.29836944780757896	-0.23195936457776944	0.15440777866176073	-0.24368354886983304	-1.3388956707751387	2.22319910254359
6.8899999999998975	-0.3005579013378605	-0.23366071937137237	0.15599459256319562	-0.24618782971791572	-1.3388794712640748	2.223172203705058
6.899999999999897	-0.3027286838578275	-0.23534833630959456	0.15757095763045367	-0.24867562040587937	-1.338867030713172	2.2231515465155507
6.909999999999897	-0.30488193405906433	-0.23702232321450703	0.1591369474385731	-0.25114703704851143	-1.338858342181008	2.223137119449028
6.919999999999897	-0.30701778943733965	-0.23868278697852577	0.1606926349734088	-0.25360219483076124	-1.3388533988066202	2.223128911113052
6.929999999999897	-0.30913638630388823	-0.24032983357318238	0.1622380926368039	-0.25604120801590113	-1.3388521938090643	2.223126910248053
6.9399999999998965	-0.3112378597965841	-0.24196356805781077	0.16377339225174478	-0.25846418995366244	-1.338854720486997	2.2231311057266363
6.949999999999896	-0.3133223438909974	-0.24358409458814237	0.16529860506744318	-0.2608712530882555	-1.3388609722182447	2.223141486552867
6.959999999999896	-0.31538997141134156	-0.2451915164248173	0.16681380176440036	-0.2632625089663625	-1.3388709424593903	2.2231580418615824
6.969999999999896	-0.3174408740413091	-0.246785935941808	0.16831905245938353	-0.2656380682449905	-1.3388846247453607	2.2231807609177077
6.979999999999896	-0.31947518233480166	-0.24836745463476126	0.16981442671041033	-0.26799804069933825	-1.3389020126890125	2.223209633115568
6.989999999999895	-0.32149302572654753	-0.2499361731292523	0.171299993521641	-0.27034253523051677	-1.338923099980739	2.2232446479782384
6.999999999999895	-0.3234945325426181	-0.25149219118896066	0.1727758213482486	-0.2726716598732357	-1.3389478803880588	2.2232857951568548
7.009999999999895	-0.3254798300108338	-0.25303560772376	0.17424197810124287	-0.27498552180341573	-1.3389763477552288	2.2233330644299767
7.019999999999895	-0.3274490442710685	-0.25456652079772896	0.17569853115225473	-0.2772842273457399	-1.3390084960028543	2.223386445702939
7.0299999999998946	-0.32940230038545004	-0.2560850276370813	0.177145547338254	-0.2795678819810988	-1.3390443191275	2.223445929007203
7.039999999999894	-0.33133972234845577	-0.2575912246380143	0.17858309296625555	-0.28183659035401754	-1.339083811201312	2.2235115044997324
7.049999999999894	-0.3332614330969126	-0.2590852073744833	0.18001123381796105	-0.28409045627998186	-1.3391269663716383	2.2235831624623605
7.059999999999894	-0.3351675545198903	-0.26056707060589274	0.1814300351543631	-0.28632958275270365	-1.3391737788606601	2.2236608933011803
7.069999999999894	-0.33705820746850035	-0.26203690828471404	0.18283956172031163	-0.2885540719513279	-1.3392242429650216	2.223744687545927
7.0799999999998935	-0.3389335117655948	-0.2634948135640257	0.1842398777490327	-0.290764025247564	-1.3392783530554668	2.223834535849377
7.089999999999893	-0.3407935862153654	-0.2649408788049762	0.18563104696661212	-0.2929595432127621	-1.3393361035764808	2.2239304289867534
7.099999999999893	-0.34263854861285353	-0.26637519558417677	0.18701313259642963	-0.29514072562491045	-1.3393974890459357	2.2240323578551333
7.109999999999893	-0.34446851575335835	-0.26779785470101586	0.18838619736355497	-0.29730767147557374	-1.339462504054735	2.2241403134728635
7.119999999999893	-0.34628360344175246	-0.2692089461849012	0.18975030349911273	-0.29946047897678124	-1.3395311432664727	2.2242542869789887
7.129999999999892	-0.34808392650170666	-0.2706085593024312	0.19110551274459409	-0.3015992455678318	-1.3396034014170894	2.2243742696326856
7.139999999999892	-0.34986959878482043	-0.27199678256449367	0.19245188635613453	-0.3037240679220447	-1.3396792733145324	2.224500252812694
7.149999999999892	-0.35164073317965977	-0.27337370373329145	0.19378948510875618	-0.3058350419534549	-1.3397587538384195	2.224632228016761
7.159999999999892	-0.3533974416207095	-0.2747394098293026	0.19511836930056328	-0.3079322628234341	-1.3398418379397135	2.2247701868611016
7.169999999999892	-0.35513983509723146	-0.2760939871381668	0.19643859875690026	-0.31001582494725316	-1.3399285206403928	2.224914121079848
7.179999999999891	-0.3568680236620361	-0.27743752121750453	0.19775023283448212	-0.31208582200060053	-1.3400187970331288	2.225064022524518
7.189999999999891	-0.35858211644016713	-0.27877009690366866	0.19905333042546988	-0.31414234692601395	-1.340112662280968	2.225219883163484
7.199999999999891	-0.36028222163749707	-0.2800917983184273	0.20034794996152144	-0.3161854919392735	-1.3402101116170178	2.2253816950814542
7.209999999999891	-0.361968446549241	-0.28140270887558183	0.20163414941780125	-0.31821534853572964	-1.3403111403441355	2.225549450478952
7.2199999999998905	-0.3636408975683823	-0.2827029112875179	0.20291198631694526	-0.32023200749656056	-1.3404157438346203	2.2257231416718093
7.22999999999989	-0.3652996801940151	-0.2839924875716909	0.20418151773300847	-0.3222355588950021	-1.3405239175299113	2.225902761090663
7.23999999999989	-0.36694489903960453	-0.2852715190570473	0.20544280029535486	-0.324226092102487	-1.3406356569402895	2.226088301280458
7.24999999999989	-0.36857665784116384	-0.28654008639038225	0.20669589019252263	-0.32620369579474445	-1.340750957644578	2.2262797548999536
7.25999999999989	-0.37019505946534975	-0.28779826954263277	0.2079408431760494	-0.32816845795783767	-1.3408698152898548	2.226477114721243
7.269999999999889	-0.37180020591748036	-0.28904614781511123	0.20917771456426956	-0.33012046589415595	-1.34099222559116	2.22668037362927
7.279999999999889	-0.37339219834946774	-0.2902837998456722	0.2104065592460668	-0.3320598062283378	-1.3411181843312154	2.2268895246213614
7.289999999999889	-0.37497113706767754	-0.2915113036148228	0.21162743168459497	-0.3339865649131422	-1.3412476873601424	2.2271045608067577
7.299999999999889	-0.3765371215407072	-0.29272873645176956	0.21284038592096935	-0.3359008272352749	-1.3413807305951817	2.227325475406151
7.309999999999889	-0.3780902504070856	-0.29393617504040437	0.2140454755779228	-0.3378026778211578	-1.3415173100204227	2.2275522617512333
7.319999999999888	-0.3796306214829018	-0.29513369542523515	0.2152427538634152	-0.33969220064262584	-1.3416574216865322	2.2277849132842467
7.329999999999888	-0.3811583317693522	-0.29632137301725353	0.21643227357423023	-0.341569479022603	-1.3418010617104874	2.2280234235575387
7.339999999999888	-0.38267347746021624	-0.2974992825997462	0.21761408709952668	-0.34343459564070716	-1.3419482262753135	2.2282677862331295
7.349999999999888	-0.3841761539492571	-0.2986674983340483	0.21878824642434852	-0.3452876325387897	-1.342098911629822	2.228517995082275
7.3599999999998875	-0.385666455837548	-0.2998260937652399	0.21995480313312468	-0.34712867112645823	-1.3422531140883558	2.2287740439850423
7.369999999999887	-0.3871444769407288	-0.30097514182778634	0.22111380841312525	-0.34895779218653183	-1.3424108300305369	2.229035926929895
7.379999999999887	-0.38861031029618764	-0.3021147148511222	0.22226531305787062	-0.3507750758804209	-1.3425720559010126	2.22930363801327
7.389999999999887	-0.39006404817017376	-0.3032448845651806	0.22340936747053913	-0.35258060175350503	-1.3427367882092174	2.229577171439178
7.399999999999887	-0.39150578206483894	-0.30436572210586754	0.22454602166731996	-0.3543744487404246	-1.3429050235291207	2.2298565215187915
7.4099999999998865	-0.3929356027252097	-0.3054772980204822	0.22567532528073767	-0.3561566951703274	-1.3430767584989924	2.230141682670051
7.419999999999886	-0.3943536001460898	-0.3065796822730829	0.22679732756296478	-0.3579274187720968	-1.3432519898211661	2.230432649417272
7.429999999999886	-0.395759863578897	-0.30767294424980274	0.22791207738907363	-0.3596866966794831	-1.343430714261805	2.230729416390759
7.439999999999886	-0.39715448153842936	-0.30875715276410914	0.229019623260286	-0.3614346054362328	-1.343612928650674	2.2310319783264245
7.449999999999886	-0.39853754180956713	-0.3098323760620145	0.23012001330717233	-0.363171221001137	-1.3437986298809077	2.231340330065405
7.459999999999885	-0.3999091314539074	-0.3108986818272342	0.23121329529283663	-0.3648966187530581	-1.343987814908795	2.231654466553702
7.469999999999885	-0.4012693368163323	-0.31195613718629234	0.23229951661606243	-0.3666108734958945	-1.3441804807535525	2.2319743828418086
7.479999999999885	-0.4026182435315175	-0.3130048087135823	0.23337872431442738	-0.36831405946349594	-1.344376624497109	2.232300074084347
7.489999999999885	-0.40395593653036965	-0.31404476243637097	0.2344509650674084	-0.37000625032456413	-1.3445762432838937	2.232631535539722
7.4999999999998845	-0.40528250004640504	-0.31507606383975745	0.2355162851994245	-0.37168751918745496	-1.3447793343206218	2.232968762569762
