0	-17.6056338028169	1.5000000000000004	134.2	1.5999999999999996	-50.32	9.313222000000001
0.01	-18.14854125566269	1.5430769230769235	128.04818122920526	1.7246153846153849	-50.31999871684004	9.313221762512848
0.02	-18.67977938678822	1.5861538461538465	122.4910526665226	1.8492307692307692	-50.31997946944838	9.313218200206975
0.03	-19.20258536169482	1.62923076923077	117.44531347046609	1.9738461538461545	-50.319896064254685	9.313202763579694
0.04	-19.717872913095192	1.672307692307693	112.84290115567273	2.098461538461539	-50.31967151318437	9.313161203683665
0.05	-20.226057905624117	1.715384615384616	108.62747241379262	2.223076923076924	-50.31919803778128	9.313073572889934
0.060000000000000005	-20.727352655096826	1.758461538461539	104.75192855636197	2.3476923076923084	-50.3183370795962	9.312914226810634
0.07	-21.221867716052245	1.8015384615384615	101.17656890319954	2.472307692307692	-50.316919321456076	9.31265182823549
0.08	-21.709657316135793	1.844615384615385	97.86767965610186	2.5969230769230762	-50.3147447255429	9.312249354179455
0.09	-22.190742789324858	1.887692307692308	94.79643842293198	2.7215384615384615	-50.31158259551807	9.311664107380684
0.09999999999999999	-22.665125854349256	1.930769230769231	91.938053140556	2.846153846153846	-50.30717167122384	9.310847733827876
0.10999999999999999	-23.132796649067807	1.973846153846154	89.27107804373047	2.97076923076923	-50.301220265769274	9.30974624813212
0.11999999999999998	-23.593738827278898	2.016923076923077	86.77686517911876	3.0953846153846154	-50.29340645605505	9.308300068789228
0.12999999999999998	-24.047932904975806	2.0600000000000005	84.43912088827238	3.2199999999999998	-50.283378338997125	9.30644406560158
0.13999999999999999	-24.495358511408195	2.1030769230769235	82.24354440509912	3.344615384615385	-50.270754366856195	9.304107621740883
0.15	-24.935995927593538	2.1461538461538465	80.17753127488585	3.4692307692307693	-50.25512377615022	9.301214713131268
0.16	-25.369827146133037	2.1892307692307695	78.22992836890016	3.5938461538461537	-50.23604712559722	9.297684008011702
0.17	-25.79683660080109	2.2323076923076925	76.39083028114317	3.718461538461539	-50.21305695937725	9.293428989692476
0.18000000000000002	-26.21701166325963	2.275384615384616	74.65140915066411	3.8430769230769233	-50.18565861268759	9.288358105647289
0.19000000000000003	-26.630342972526105	2.318461538461539	73.00377166073893	3.9676923076923085	-50.15333117705571	9.282374946173315
0.20000000000000004	-27.03682464251614	2.361538461538462	71.44083827063915	4.092307692307693	-50.115528643136	9.27537845589993
0.21000000000000005	-27.436454379626493	2.404615384615385	69.95624074045841	4.216923076923077	-50.07168123870589	9.26726318142494
0.22000000000000006	-27.82923353332818	2.447692307692308	68.54423478946701	4.3415384615384625	-50.02119697925093	9.257919558296768
0.23000000000000007	-28.2151670965508	2.4907692307692315	67.199625338446	4.466153846153847	-49.96346344784494	9.247234240434526
0.24000000000000007	-28.594263668299508	2.5338461538461545	65.91770226675047	4.590769230769232	-49.897849819942536	9.23509047487649
0.25000000000000006	-28.966535387851426	2.5769230769230775	64.69418499548055	4.7153846153846155	-49.82370914716689	9.221368524463353
0.26000000000000006	-29.331997847634884	2.62	63.52517451161969	4.840000000000001	-49.74038091215334	9.205946140688525
0.2700000000000001	-29.690669990247834	2.6630769230769236	62.40711169136035	4.964615384615385	-49.647193863966365	9.188699088476879
0.2800000000000001	-30.04257399384376	2.7061538461538466	61.33674097705424	5.0892307692307694	-49.54346914051517	9.16950172408122
0.2900000000000001	-30.387735149189236	2.7492307692307696	60.31107862124647	5.213846153846155	-49.428523680735424	9.148227626608628
0.3000000000000001	-30.726181730991943	2.792307692307693	59.327384840767806	5.338461538461539	-49.301673925077516	9.124750282906565
0.3100000000000001	-31.057944865555356	2.835384615384616	58.38313932983452	5.463076923076924	-49.16223979805621	9.098943824652876
0.3200000000000001	-31.383058396393945	2.878461538461539	57.47601966820791	5.587692307692309	-49.009548961303	9.070683815510419
0.3300000000000001	-31.701558749111705	2.921538461538462	56.603882232362274	5.712307692307693	-48.842941319771434	9.039848085135223
0.34000000000000014	-32.013484796584216	2.964615384615385	55.76474527719711	5.836923076923078	-48.661773757550215	9.006317605680433
0.35000000000000014	-32.31887772527593	3.0076923076923086	54.95677390540724	5.9615384615384635	-48.465425073236595	8.969977405234872
0.36000000000000015	-32.617780903355836	3.0507692307692316	54.17826668303048	6.086153846153847	-48.25330107813677	8.9307175113976
0.37000000000000016	-32.91023975113919	3.0938461538461546	53.427643694395066	6.210769230769232	-48.02483981383635	8.888433916945482
0.38000000000000017	-33.196301614272166	3.1369230769230776	52.703435858876816	6.335384615384617	-47.77951683909311	8.843029558330931
0.3900000000000002	-33.476015639986066	3.1800000000000006	52.00427535650419	6.460000000000002	-47.516850529737646	8.794415296587129
0.4000000000000002	-33.74943265667308	3.223076923076924	51.32888703029797	6.584615384615386	-47.23640732952839	8.742510889155904
0.4100000000000002	-34.01660505697461	3.266153846153847	50.67608065093551	6.709230769230771	-46.93780688491633	8.687245940229616
0.4200000000000002	-34.277586684521346	3.30923076923077	50.04474394440502	6.833846153846156	-46.620726992647135	8.628560816453005
0.4300000000000002	-34.532432724423295	3.352307692307693	49.43383629619165	6.95846153846154	-46.284908286281755	8.566407514304085
0.4400000000000002	-34.781199597571025	3.395384615384616	48.84238305656344	7.083076923076925	-45.93015858624956	8.500750465201676
0.45000000000000023	-35.02394485878173	3.4384615384615396	48.269470380994015	7.2076923076923105	-45.556356838135784	8.431567264403352
0.46000000000000024	-35.260727098797204	3.4815384615384626	47.71424054790977	7.332307692307695	-45.163456565689906	8.358849310087992
0.47000000000000025	-35.49160585012203	3.5246153846153856	47.17588770298388	7.456923076923079	-44.751488768618486	8.282602339679066
0.48000000000000026	-35.71664149667153	3.5676923076923086	46.65365398528453	7.5815384615384644	-44.32056420064134	8.20284685146712
0.49000000000000027	-35.93589518718625	3.6107692307692316	46.14682599586191	7.706153846153849	-43.8708749705255	8.119618400929005
0.5000000000000002	-36.149428752356414	3.6538461538461546	45.65473157394303	7.830769230769233	-43.40269541778975	8.032967762803235
0.5100000000000002	-36.35730462559127	3.6969230769230776	45.17673684989796	7.9553846153846175	-42.916382225344314	7.942960951937315
0.5200000000000002	-36.559585767359245	3.740000000000001	44.71224354762559	8.080000000000002	-42.41237374328561	7.849679098135731
0.5300000000000002	-36.75633559301897	3.783076923076924	44.26068651205596	8.204615384615387	-41.891188511130416	7.753218172655149
0.5400000000000003	-36.947617904055946	3.826153846153847	43.82153144013654	8.329230769230772	-41.35342297962114	7.653688566556304
0.5500000000000003	-37.13349682263486	3.86923076923077	43.394272796015464	8.453846153846156	-40.79974844749689	7.551214523761804
0.5600000000000003	-37.314036729375644	3.912307692307693	42.97843189319697	8.578461538461541	-40.230907242903896	7.4459334343118435
0.5700000000000003	-37.48930220425791	3.9553846153846166	42.57355512826244	8.703076923076926	-39.64770819300636	7.337994995880109
0.5800000000000003	-37.659357970557565	3.9984615384615396	42.17921235235469	8.82769230769231	-39.05102143844579	7.22756025403428
0.5900000000000003	-37.824268841718194	4.041538461538463	41.79499536804213	8.952307692307695	-38.44177266119989	7.114800533928565
0.6000000000000003	-37.98409967105943	4.084615384615386	41.420516540436495	9.07692307692308	-37.82093680476218	6.999896278034993
0.6100000000000003	-38.138915304224554	4.127692307692309	41.055407512552364	9.201538461538465	-37.18953137410541	6.883035806101127
0.6200000000000003	-38.28878053426996	4.170769230769232	40.69931801588802	9.326153846153849	-36.548609409374976	6.7644140147217415
0.6300000000000003	-38.4337600593003	4.213846153846155	40.35191476808862	9.450769230769234	-35.89925223152455	6.644231034701581
0.6400000000000003	-38.57391844255354	4.256923076923078	40.0128804503387	9.57538461538462	-35.242562060078676	6.522690864751393
0.6500000000000004	-38.709320074842225	4.3000000000000025	39.68191275783278	9.699999999999996	-34.57965460288606	6.3999999999999995
0.6600000000000004	-38.840029139258064	4.370000000000003	39.35872351729943	9.579999999999995	-33.91165171519552	6.373333333333333
0.6700000000000004	-38.966109578049505	4.440000000000003	39.04303786611609	9.459999999999996	-33.23967422079337	6.346666666666666
0.6800000000000004	-39.08762506158308	4.5100000000000025	38.73459348805446	9.339999999999995	-32.56483498150397	6.319999999999999
0.6900000000000004	-39.204638959301676	4.580000000000003	38.43313990114835	9.219999999999995	-31.888232293336323	6.293333333333333
0.7000000000000004	-39.3172143125951	4.650000000000003	38.13843779358152	9.099999999999994	-31.21094367826427	6.266666666666666
0.7100000000000004	-39.425413809500135	4.720000000000002	37.85025840385782	8.979999999999995	-30.534020130379815	6.239999999999999
0.7200000000000004	-39.529299761149794	4.790000000000003	37.56838294184573	8.859999999999994	-29.858480864292957	6.213333333333332
0.7300000000000004	-39.62893407989374	4.860000000000003	37.292602047585206	8.739999999999995	-29.18530860249662	6.186666666666666
0.7400000000000004	-39.724378259013946	4.930000000000003	37.02271528501363	8.619999999999994	-28.515445427283314	6.159999999999999
0.7500000000000004	-39.815693353962196	5.0000000000000036	36.75853066800912	8.499999999999995	-27.849789211977054	6.133333333333332
0.7600000000000005	-39.90293996504849	5.070000000000004	36.49986421636925	8.379999999999994	-27.18919063597701	6.106666666666666
0.7700000000000005	-39.98617822151137	5.140000000000003	36.24653953954175	8.259999999999994	-26.534450778609727	6.079999999999999
0.7800000000000005	-40.065467766903645	5.2100000000000035	35.99838744610429	8.139999999999993	-25.88631927821564	6.053333333333332
0.7900000000000005	-40.1408677457298	5.280000000000004	35.755245577153254	8.019999999999994	-25.245493035374366	6.0266666666666655
0.8000000000000005	-40.21243679127274	5.350000000000003	35.516958061911545	7.899999999999993	-24.612615432775048	5.999999999999998
0.8100000000000005	-40.28023301455054	5.4200000000000035	35.283375193999404	7.779999999999993	-23.988276038996936	5.973333333333332
0.8200000000000005	-40.3443139943458	5.490000000000004	35.05435312693647	7.659999999999993	-23.373010759377163	5.946666666666665
0.8300000000000005	-40.40473676825221	5.560000000000004	34.829753587555544	7.539999999999993	-22.767302394170876	5.919999999999998
0.8400000000000005	-40.46155782468557	5.630000000000004	34.60944360611034	7.419999999999993	-22.1715815622904	5.893333333333332
0.8500000000000005	-40.51483309580786	5.700000000000005	34.393295261954556	7.299999999999993	-21.58622794796105	5.866666666666665
0.8600000000000005	-40.56461795131581	5.770000000000004	34.18118544375374	7.179999999999993	-21.01157182755218	5.839999999999998
0.8700000000000006	-40.610967193046804	5.840000000000004	33.972995623271004	7.0599999999999925	-20.44789583452406	5.813333333333332
0.8800000000000006	-40.653935050357006	5.910000000000005	33.76861164183849	6.939999999999992	-19.89543692176076	5.786666666666665
0.8900000000000006	-40.693575176228904	5.980000000000005	33.5679235086931	6.819999999999992	-19.354388482421392	5.759999999999998
0.9000000000000006	-40.72994064406659	6.050000000000004	33.37082521041451	6.699999999999992	-18.82490259272627	5.733333333333332
0.9100000000000006	-40.7630839451396	6.1200000000000045	33.17721453075951	6.579999999999992	-18.307092342695128	5.706666666666664
0.9200000000000006	-40.79305698663727	6.190000000000005	32.986992880237466	6.459999999999992	-17.801034223674062	5.679999999999998
0.9300000000000006	-40.81991109029753	6.260000000000005	32.800065134818176	6.339999999999992	-17.30677054443939	5.6533333333333315
0.9400000000000006	-40.84369699157596	6.3300000000000045	32.61633948320712	6.219999999999992	-16.824311850672643	5.626666666666664
0.9500000000000006	-40.86446483932146	6.400000000000002	32.435727282162034	6.099999999999994	-16.35363932559516	5.5999999999999925
0.9600000000000006	-40.88226419592795	6.422857142857144	32.25814291936201	6.031428571428567	-15.894707152478702	5.494285714285707
0.9700000000000006	-40.8971440379315	6.4457142857142875	32.083503683373415	5.962857142857137	-15.447444822564746	5.388571428571421
0.9800000000000006	-40.909152757024536	6.468571428571431	31.911729640288705	5.89428571428571	-15.011759374594899	5.282857142857136
0.9900000000000007	-40.918338161460035	6.491428571428573	31.7427435166424	5.82571428571428	-14.58753755465259	5.177142857142849
1.0000000000000007	-40.92474747781952	6.514285714285716	31.57647058823528	5.757142857142852	-14.174647887323916	5.071428571428564
1.0100000000000007	-40.92842735312055	6.537142857142859	31.41283857452274	5.688571428571423	-13.772942651291991	4.965714285714277
1.0200000000000007	-40.929423857239826	6.560000000000002	31.25177753824542	5.619999999999995	-13.382259754380703	4.859999999999992
1.0300000000000007	-40.92778248563005	6.5828571428571445	31.09321979000188	5.551428571428566	-13.002424504759578	4.7542857142857065
1.0400000000000007	-40.92354816230918	6.605714285714288	30.937099797482162	5.482857142857138	-12.63325127651671	4.648571428571421
1.0500000000000007	-40.91676524310184	6.628571428571431	30.78335409909961	5.414285714285709	-12.2745450691087	4.542857142857135
1.0600000000000007	-40.90747751911397	6.651428571428573	30.631921221774736	5.34571428571428	-11.926102961315616	4.437142857142849
1.0700000000000007	-40.89572822042278	6.674285714285716	30.482741602640825	5.277142857142852	-11.587715461276318	4.331428571428564
1.0800000000000007	-40.88156001996429	6.697142857142859	30.335757514455437	5.208571428571423	-11.259167754969324	4.225714285714277
1.0900000000000007	-40.86501503760298	6.720000000000002	30.19091299451524	5.139999999999994	-10.940240856148762	4.119999999999992
1.1000000000000008	-40.84613484436744	6.742857142857145	30.04815377688441	5.071428571428566	-10.630712661259038	4.014285714285705
1.1100000000000008	-40.82496046683791	6.765714285714288	29.90742722775835	5.002857142857137	-10.330358913248812	3.9085714285714204
1.1200000000000008	-40.80153239167191	6.788571428571431	29.768682283795464	4.934285714285709	-10.03895407849792	3.8028571428571345
1.1300000000000008	-40.775890570254404	6.811428571428573	29.631869393259713	4.86571428571428	-9.756272141273225	3.6971428571428486
1.1400000000000008	-40.74807442346121	6.834285714285716	29.49694045982624	4.797142857142852	-9.482087320252674	3.5914285714285628
1.1500000000000008	-40.718122846522945	6.857142857142859	29.363848788911206	4.728571428571422	-9.216174711712638	3.485714285714277
1.1600000000000008	-40.68607421397947	6.880000000000002	29.23254903639494	4.659999999999995	-8.958310863971725	3.379999999999991
1.1700000000000008	-40.65196638471382	6.902857142857145	29.102997159615562	4.591428571428565	-8.708274287634758	3.2742857142857056
1.1800000000000008	-40.615836707056374	6.925714285714288	28.97515037051717	4.522857142857137	-8.4658459060914	3.1685714285714197
1.1900000000000008	-40.57772202394979	6.948571428571431	28.84896709084334	4.454285714285708	-8.230809450602731	3.0628571428571343
1.2000000000000008	-40.537658678166395	6.971428571428573	28.724406909273185	4.38571428571428	-8.002951804163043	2.9571428571428484
1.2100000000000009	-40.49568251756962	6.994285714285716	28.60143054040292	4.317142857142851	-7.782063298158275	2.8514285714285625
1.2200000000000009	-40.451828900412075	7.01714285714286	28.479999785481393	4.248571428571423	-7.567937965663011	2.7457142857142767
1.2300000000000009	-40.40613270066312	7.040000000000002	28.360077494813293	4.179999999999994	-7.36037375502837	2.639999999999991
1.2400000000000009	-40.35862831335916	7.062857142857145	28.24162753174843	4.111428571428566	-7.159172707217674	2.534285714285705
1.2500000000000009	-40.309349659970515	7.085714285714288	28.124614738180014	4.042857142857137	-6.964141100148653	2.4285714285714195
1.260000000000001	-40.25833019377881	7.10857142857143	28.009004901479287	3.9742857142857084	-6.775089563102582	2.3228571428571336
1.270000000000001	-40.2056029052597	7.1314285714285734	27.894764722797653	3.90571428571428	-6.591833164064542	2.2171428571428478
1.280000000000001	-40.15120032746551	7.154285714285717	27.781861786671147	3.8371428571428514	-6.414191472666694	2.111428571428562
1.290000000000001	-40.09515454140324	7.17714285714286	27.67026453186582	3.7685714285714225	-6.241988601219418	2.0057142857142765
1.300000000000001	-40.03749718140341	7.200000000000008	27.559942223405653	3.700000000000027	-6.075053226134545	1.9000000000000465
1.310000000000001	-39.97825944047554	7.293333333333342	27.450864925728016	4.0000000000000275	-5.913218591871527	2.41333333333338
1.320000000000001	-39.91747207564662	7.386666666666676	27.3430034769142	4.300000000000027	-5.756322499371859	2.9266666666667147
1.330000000000001	-39.85516541327865	7.480000000000008	27.236329463945633	4.600000000000028	-5.604207280789727	3.4400000000000484
1.340000000000001	-39.791369354362566	7.573333333333342	27.13081519893899	4.900000000000029	-5.45671976217799	3.953333333333382
1.350000000000001	-39.72611337978475	7.666666666666676	27.026433696315276	5.2000000000000295	-5.313711215648375	4.4666666666667165
1.360000000000001	-39.65942655556386	7.760000000000009	26.923158650861268	5.500000000000029	-5.175037302392875	4.98000000000005
1.370000000000001	-39.59133753805525	7.853333333333342	26.82096441664271	5.800000000000029	-5.040558007830116	5.493333333333385
1.380000000000001	-39.52187457912048	7.946666666666676	26.71982598673161	6.10000000000003	-4.9101375700252525	6.006666666666718
1.390000000000001	-39.451065531259886	8.04000000000001	26.619718973711315	6.4000000000000306	-4.783644402424852	6.520000000000053
1.400000000000001	-39.37893785270609	8.133333333333344	26.520619590925225	6.700000000000031	-4.6609510118487325	7.0333333333333865
1.410000000000001	-39.305518612476796	8.226666666666675	26.42250463443648	7.000000000000031	-4.541933912588698	7.54666666666672
1.420000000000001	-39.23083449538505	8.32000000000001	26.325351465667605	7.300000000000032	-4.426473537378968	8.060000000000054
1.430000000000001	-39.154911807005554	8.413333333333343	26.229137994690824	7.600000000000032	-4.31445414592476	8.57333333333339
1.440000000000001	-39.077776478595894	8.506666666666677	26.133842664140772	7.900000000000032	-4.20576373160327	9.086666666666723
1.450000000000001	-38.999454071970916	8.599999999999977	26.039444433723176	8.19999999999998	-4.100293926885227	9.599999999999975
1.460000000000001	-38.91996978432986	8.399999999999977	25.9459227652941	8.022857142857124	-3.9979399079644	9.377142857142832
1.470000000000001	-38.83934845303493	8.199999999999976	25.853257608485375	7.845714285714266	-3.898600299027102	9.154285714285688
1.480000000000001	-38.75761456034041	7.999999999999977	25.761429386853518	7.668571428571408	-3.802177076543102	8.931428571428546
1.490000000000001	-38.67479223807186	7.799999999999978	25.670418984530134	7.491428571428551	-3.708575473913215	8.708571428571403
1.500000000000001	-38.59090527225462	7.5999999999999766	25.580207733352633	7.314285714285694	-3.6177038867670084	8.48571428571426
1.5100000000000011	-38.505977107691095	7.399999999999977	25.490777400455805	7.137142857142837	-3.5294737791659787	8.262857142857117
1.5200000000000011	-38.42003085248636	7.199999999999976	25.402110176304937	6.9599999999999795	-3.443799590933101	8.039999999999974
1.5300000000000011	-38.33308928252195	6.999999999999977	25.31418866315248	6.782857142857122	-3.360598646298544	7.81714285714283
1.5400000000000011	-38.24517484587725	6.799999999999976	25.226995863900925	6.6057142857142646	-3.2797910640231915	7.594285714285688
1.5500000000000012	-38.15630966719852	6.5999999999999766	25.140515171355567	6.4285714285714075	-3.201299669136335	7.371428571428544
1.5600000000000012	-38.066515552015346	6.3999999999999755	25.054730357851152	6.2514285714285505	-3.12504990640112	7.148571428571402
1.5700000000000012	-37.97581399100437	6.199999999999976	24.96962556523753	6.0742857142856925	-3.0509697556009603	6.925714285714259
1.5800000000000012	-37.88422616420053	5.999999999999975	24.885185295210007	5.8971428571428355	-2.978989648721846	6.702857142857115
1.5900000000000012	-37.79177294515556	5.799999999999976	24.80139439997053	5.719999999999978	-2.909042389089225	6.479999999999973
1.6000000000000012	-37.69847490504405	5.599999999999976	24.718238073206617	5.542857142857121	-2.84106307250356	6.25714285714283
1.6100000000000012	-37.60435231671715	5.3999999999999755	24.635701841375635	5.3657142857142635	-2.7749890104058763	6.034285714285686
1.6200000000000012	-37.509425158704126	5.199999999999975	24.553771555282225	5.188571428571407	-2.710759655093122	5.811428571428544
1.6300000000000012	-37.41371311916195	4.999999999999975	24.47243338193754	5.011428571428549	-2.648316526993186	5.5885714285714005
1.6400000000000012	-37.31723559977326	4.799999999999975	24.39167379668935	4.834285714285692	-2.587603144000508	5.365714285714258
1.6500000000000012	-37.22001171959294	4.599999999999975	24.311479575612374	4.657142857142835	-2.528564952865538	5.142857142857115
1.6600000000000013	-37.12206031884369	4.3999999999999755	24.231837788148898	4.479999999999977	-2.4711492626245124	4.919999999999972
1.6700000000000013	-37.0233999626609	4.199999999999974	24.152735789990004	4.302857142857121	-2.415305180050191	4.697142857142829
1.6800000000000013	-36.924048944787295	3.9999999999999747	24.074161216188266	4.125714285714263	-2.360983547099154	4.474285714285686
1.6900000000000013	-36.82402529121768	3.7999999999999745	23.99610197449295	3.948571428571406	-2.3081368803269573	4.251428571428543
1.7000000000000013	-36.723346763794225	3.5999999999999748	23.91854623889938	3.7714285714285487	-2.256719312238771	4.0285714285714
1.7100000000000013	-36.62203086375292	3.3999999999999746	23.841482443404225	3.5942857142856917	-2.206686534540077	3.8057142857142567
1.7200000000000013	-36.520094835221286	3.1999999999999744	23.76489927595918	3.417142857142834	-2.157995743249436	3.5828571428571143
1.7300000000000013	-36.41755566866828	2.9999999999999742	23.688785672615204	3.239999999999977	-2.1106055856332735	3.359999999999971
1.7400000000000013	-36.31443010430666	2.799999999999974	23.61313081185055	3.06285714285712	-2.064476108920954	3.137142857142828
1.7500000000000013	-36.21073463544818	2.599999999999974	23.537924109075473	2.8857142857142626	-2.0195687107571407	2.9142857142856853
1.7600000000000013	-36.10648551181254	2.3999999999999737	23.46315521130708	2.708571428571405	-1.9758460913474563	2.6914285714285424
1.7700000000000014	-36.00169874279023	2.1999999999999735	23.388813992008167	2.531428571428548	-1.9332722072528041	2.4685714285713996
1.7800000000000014	-35.89639010066007	1.9999999999999736	23.314890546083696	2.354285714285691	-1.8918122267872883	2.2457142857142562
1.7900000000000014	-35.79057512376179	1.7999999999999736	23.241375185029334	2.1771428571428335	-1.8514324869744818	2.0228571428571134
1.8000000000000014	-35.684269119624524	1.6000000000000008	23.168258432226313	1.999999999999997	-1.8121004520167847	1.799999999999999
1.8100000000000014	-35.57748716805135	1.6050000000000009	23.095531018377336	1.977499999999997	-1.7737846732328286	1.792499999999999
1.8200000000000014	-35.47024412416074	1.6100000000000008	23.02318387707832	1.954999999999997	-1.7364547504181653	1.784999999999999
1.8300000000000014	-35.3625546213855	1.6150000000000007	22.95120814052096	1.932499999999997	-1.700081294584979	1.777499999999999
1.8400000000000014	-35.25443307442956	1.6200000000000008	22.87959513532149	1.909999999999997	-1.6646358920370954	1.7699999999999991
1.8500000000000014	-35.145893682183356	1.6250000000000007	22.808336378470866	1.887499999999997	-1.630091069737238	1.762499999999999
1.8600000000000014	-35.03695043059826	1.6300000000000008	22.73742357340221	1.864999999999997	-1.5964202619242311	1.754999999999999
1.8700000000000014	-34.92761709552083	1.6350000000000007	22.66684860617102	1.842499999999997	-1.563597777938635	1.747499999999999
1.8800000000000014	-34.81790724548711	1.6400000000000008	22.59660354174426	1.819999999999997	-1.5315987712161736	1.739999999999999
1.8900000000000015	-34.70783424447791	1.6450000000000007	22.52668062039428	1.797499999999997	-1.5003992094092324	1.732499999999999
1.9000000000000015	-34.59741125463533	1.6500000000000008	22.457072254193925	1.7749999999999968	-1.4699758455976122	1.724999999999999
1.9100000000000015	-34.48665123894134	1.6550000000000007	22.38777102360909	1.7524999999999968	-1.4403061905507335	1.717499999999999
1.9200000000000015	-34.37556696385876	1.6600000000000008	22.31876967418525	1.7299999999999969	-1.4113684860044404	1.709999999999999
1.9300000000000015	-34.26417100193532	1.6650000000000007	22.250061113324644	1.707499999999997	-1.3831416789165707	1.702499999999999
1.9400000000000015	-34.15247573437138	1.6700000000000008	22.181638407150874	1.684999999999997	-1.3556053966664596	1.694999999999999
1.9500000000000015	-34.040493353551675	1.6750000000000007	22.113494777457763	1.662499999999997	-1.3287399231645605	1.687499999999999
1.9600000000000015	-33.92823586554184	1.6800000000000008	22.04562359873941	1.639999999999997	-1.3025261758393698	1.679999999999999
1.9700000000000015	-33.815715092550185	1.6850000000000007	21.9780183952988	1.6174999999999968	-1.2769456834698485	1.672499999999999
1.9800000000000015	-33.70294267535508	1.6900000000000008	21.91067283843183	1.5949999999999969	-1.2519805648325248	1.664999999999999
1.9900000000000015	-33.589930075698746	1.6950000000000007	21.84358074368433	1.572499999999997	-1.2276135081334545	1.6574999999999989
2.0000000000000013	-33.47668857864788	1.7000000000000006	21.776736068179492	1.5499999999999974	-1.2038277511961692	1.649999999999999
2.010000000000001	-33.36322929492143	1.7050000000000005	21.71013290801298	1.5274999999999979	-1.1806070623777125	1.6424999999999992
2.020000000000001	-33.249563163186295	1.7100000000000004	21.64376549571356	1.5049999999999983	-1.1579357221857887	1.6349999999999993
2.0300000000000007	-33.135700952321386	1.7150000000000003	21.577628197766913	1.4824999999999988	-1.135798505570973	1.6274999999999995
2.0400000000000005	-33.021653263650414	1.7200000000000002	21.511715512200276	1.4599999999999993	-1.1141806648688215	1.6199999999999997
2.0500000000000003	-32.907430533144016	1.725	21.446022066225797	1.4374999999999998	-1.0930679133676062	1.6124999999999998
2.06	-32.79304303359163	1.73	21.380542613940726	1.4150000000000003	-1.0724464094782444	1.605
2.07	-32.67850087674375	1.7349999999999999	21.31527203408209	1.3925000000000007	-1.052302741483828	1.5975000000000001
2.0799999999999996	-32.56381401542468	1.7399999999999998	21.25020532783429	1.3700000000000012	-1.0326239128469783	1.5900000000000003
2.0899999999999994	-32.448992245616786	1.7449999999999997	21.185337616687516	1.3475000000000017	-1.013397328054016	1.5825000000000005
2.099999999999999	-32.334045208516045	1.7499999999999996	21.120664140345344	1.3250000000000022	-0.9946107789757245	1.5750000000000006
2.109999999999999	-32.218982392559965	1.7549999999999994	21.05618025467962	1.3025000000000027	-0.9762524317252154	1.5675000000000008
2.1199999999999988	-32.10381313542784	1.7599999999999993	20.99188142973123	1.2800000000000031	-0.9583108139941198	1.560000000000001
2.1299999999999986	-31.988546626014156	1.7649999999999992	20.92776324775483	1.2575000000000036	-0.9407748028490369	1.552500000000001
2.1399999999999983	-31.873191906375116	1.7699999999999991	20.86382140130631	1.235000000000004	-0.9236336129708328	1.5450000000000013
2.149999999999998	-31.757757873649272	1.774999999999999	20.800051691371266	1.2125000000000046	-0.9068767853200435	1.5375000000000014
2.159999999999998	-31.642253281952105	1.779999999999999	20.736450025533106	1.190000000000005	-0.8904941762122619	1.5300000000000016
2.1699999999999977	-31.5266867442455	1.7849999999999988	20.673012416179553	1.1675000000000055	-0.8744759467880014	1.5225000000000017
2.1799999999999975	-31.411066734181958	1.7899999999999987	20.609734978745948	1.145000000000006	-0.8588125528621097	1.515000000000002
2.1899999999999973	-31.295401587924452	1.7949999999999986	20.546613929994283	1.1225000000000065	-0.8434947351383774	1.507500000000002
2.199999999999997	-31.179699505941958	1.8	20.483645586326656	1.0999999999999948	-0.8285135097755417	1.5
2.209999999999997	-31.063968554781237	1.8	20.420826362131855	1.1174999999999944	-0.8138601592913961	1.5
2.2199999999999966	-30.948216668815117	1.8	20.358152768164157	1.134999999999994	-0.7995262237922423	1.5
2.2299999999999964	-30.832451651967702	1.8	20.29562140995291	1.1524999999999936	-0.7855034925154014	1.5
2.239999999999996	-30.716681179416867	1.8	20.23322898624213	1.1699999999999933	-0.7717839956729813	1.5
2.249999999999996	-30.600912799274408	1.8	20.170972287458923	1.187499999999993	-0.7583599965855392	1.5
2.259999999999996	-30.48515393424414	1.8	20.10884819420971	1.2049999999999925	-0.7452239840947381	1.5
2.2699999999999956	-30.369411883258266	1.8	20.04685367580342	1.2224999999999921	-0.7323686652444928	1.5
2.2799999999999954	-30.253693823092497	1.8	19.984985788800675	1.2399999999999918	-0.7197869582205277	1.5
2.289999999999995	-30.138006809960057	1.8	19.92324167558804	1.2574999999999914	-0.7074719855386457	1.5
2.299999999999995	-30.022357781085088	1.8	19.8616185629765	1.274999999999991	-0.695417067472391	1.5
2.3099999999999947	-29.906753556255506	1.8	19.8001137608234	1.2924999999999907	-0.683615715711146	1.5
2.3199999999999945	-29.791200839356	1.8	19.73872466067702	1.3099999999999903	-0.672061627240049	1.5
2.3299999999999943	-29.675706219881096	1.8	19.67744873444299	1.32749999999999	-0.6607486784334609	1.5
2.339999999999994	-29.56027617442876	1.8	19.61628353307187	1.3449999999999895	-0.6496709193540167	1.5
2.349999999999994	-29.444917068175005	1.8	19.55522668526713	1.3624999999999892	-0.6388225682496211	1.5
2.3599999999999937	-29.329635156329346	1.8	19.494275896212937	1.3799999999999888	-0.6281980062410343	1.5
2.3699999999999934	-29.214436585571853	1.8	19.433428946321012	1.3974999999999884	-0.6177917721929805	1.5
2.3799999999999932	-29.09932739547178	1.8	19.37268368999602	1.414999999999988	-0.6075985577619923	1.5
2.389999999999993	-28.98431351988816	1.8	19.312038054418764	1.4324999999999877	-0.5976132026144535	1.5
2.399999999999993	-28.869400788352664	1.8	19.251490038346734	1.4499999999999873	-0.5878306898085742	1.5
2.4099999999999926	-28.754594927434862	1.8	19.191037710931436	1.467499999999987	-0.5782461413342561	1.5
2.4199999999999924	-28.6399015620902	1.8	19.130679210551918	1.4849999999999866	-0.5688548138050535	1.5
2.429999999999992	-28.525326216991047	1.8	19.07041274366398	1.5024999999999862	-0.5596520942966524	1.5
2.439999999999992	-28.410874317841007	1.8	19.010236583664625	1.5199999999999858	-0.5506334963265048	1.5
2.4499999999999917	-28.296551192672467	1.8	18.95014906977136	1.5374999999999854	-0.5417946559694685	1.5
2.4599999999999915	-28.18236207312821	1.8	18.890148605915595	1.554999999999985	-0.5331313281044934	1.5
2.4699999999999913	-28.068312095726686	1.8	18.830233659650208	1.5724999999999847	-0.5246393827875893	1.5
2.479999999999991	-27.954406303111636	1.8	18.770402761070297	1.5899999999999843	-0.5163148017464972	1.5
2.489999999999991	-27.840649645286007	1.8	18.710654501747236	1.607499999999984	-0.5081536749926531	1.5
2.4999999999999907	-27.727046980830607	1.8	18.65098753367526	1.6249999999999836	-0.5001521975462102	1.5
2.5099999999999905	-27.613603078107566	1.8	18.59140056823054	1.6424999999999832	-0.4923066662700454	1.5
2.5199999999999902	-27.50032261644876	1.8	18.531892375142153	1.6599999999999828	-0.4846134768088276	1.5
2.52999999999999	-27.38721018732972	1.8	18.472461781474777	1.6774999999999824	-0.4770691206293805	1.5
2.53999999999999	-27.274270295528773	1.8	18.413107670622743	1.694999999999982	-0.46967018215871503	1.5
2.5499999999999896	-27.16150736027201	1.8	18.353828981315132	1.7124999999999817	-0.46241333601624024	1.5
2.5599999999999894	-27.048925716364156	1.8	18.29462470663171	1.7299999999999813	-0.4552953443367986	1.5
2.569999999999989	-26.93652961530543	1.8	18.235493893029297	1.747499999999981	-0.44831305418129874	1.5
2.579999999999989	-26.824323226394604	1.8	18.17643563937849	1.7649999999999806	-0.44146339503183707	1.5
2.5899999999999888	-26.712310637818767	1.8	18.117449096010287	1.7824999999999802	-0.4347433763683209	1.5
2.5999999999999885	-26.600495857729445	1.7999999999999792	18.058533463772676	1.7999999999999958	-0.42815008532371696	1.4999999999999893
2.6099999999999883	-26.48888281530573	1.8181818181817968	17.999687993096565	1.8036363636363595	-0.42168068441515727	1.5090909090908984
2.619999999999988	-26.377475361804287	1.8363636363636147	17.94091198307129	1.807272727272723	-0.41533240934823806	1.5181818181818074
2.629999999999988	-26.266277271596625	1.8545454545454323	17.882204780529122	1.8109090909090866	-0.4091025668919495	1.5272727272727162
2.6399999999999877	-26.155292243193653	1.8727272727272504	17.82356577913886	1.81454545454545	-0.4029885328217657	1.536363636363625
2.6499999999999875	-26.044523900257804	1.890909090909068	17.764994418508245	1.8181818181818137	-0.39698774992852276	1.5454545454545339
2.6599999999999873	-25.93397579260277	1.9090909090908859	17.706490183294893	1.8218181818181771	-0.3910977260907942	1.554545454545443
2.669999999999987	-25.82365139718109	1.9272727272727037	17.648052602325848	1.8254545454545408	-0.3853160324085644	1.5636363636363517
2.679999999999987	-25.713554119059854	1.9454545454545213	17.58968124772544	1.8290909090909042	-0.3796403013960782	1.5727272727272608
2.6899999999999866	-25.603687292384436	1.9636363636363392	17.531375734051288	1.8327272727272679	-0.3740682252318261	1.5818181818181696
2.6999999999999864	-25.494054181330554	1.981818181818157	17.473135717438534	1.8363636363636315	-0.3685975540636984	1.5909090909090784
2.709999999999986	-25.384657981044917	1.9999999999999747	17.414960894751857	1.839999999999995	-0.36322609436741343	1.5999999999999874
2.719999999999986	-25.27550181857435	2.0181818181817928	17.35685100274545	1.8436363636363586	-0.3579517073563993	1.6090909090908962
2.7299999999999858	-25.166588753783753	2.0363636363636104	17.298805817230757	1.847272727272722	-0.3527723074413683	1.6181818181818053
2.7399999999999856	-25.057921780263026	2.054545454545428	17.240825152251755	1.8509090909090857	-0.3476858607378935	1.627272727272714
2.7499999999999853	-24.9495038262229	2.072727272727246	17.182908859267947	1.8545454545454492	-0.34269038362035864	1.636363636363623
2.759999999999985	-24.841337755380117	2.0909090909090637	17.125056826344693	1.8581818181818128	-0.337783941320706	1.645454545454532
2.769999999999985	-24.73342636783183	2.109090909090882	17.067268977351013	1.8618181818181763	-0.33296464657047203	1.6545454545454408
2.7799999999999847	-24.62577240091959	2.1272727272726994	17.009545271164747	1.86545454545454	-0.3282306582846513	1.6636363636363498
2.7899999999999845	-24.518378530082757	2.145454545454517	16.951885700884926	1.8690909090909034	-0.323580180285981	1.6727272727272586
2.7999999999999843	-24.41124736970184	2.1636363636363347	16.894290293051377	1.872727272727267	-0.31901146006829284	1.6818181818181674
2.809999999999984	-24.304381473931546	2.181818181818153	16.83675910687156	1.8763636363636307	-0.31452278759762564	1.6909090909090765
2.819999999999984	-24.197783337523955	2.1999999999999704	16.779292233454356	1.8799999999999941	-0.310112494149839	1.6999999999999853
2.8299999999999836	-24.09145539664159	2.2181818181817885	16.721889795051055	1.8836363636363578	-0.30577895118351434	1.7090909090908943
2.8399999999999834	-23.985400029661037	2.236363636363606	16.664551944303383	1.8872727272727212	-0.30152056924697324	1.7181818181818032
2.849999999999983	-23.879619557966656	2.2545454545454238	16.60727886349842	1.8909090909090849	-0.2973357969182839	1.727272727272712
2.859999999999983	-23.774116246734867	2.272727272727242	16.55007076383059	1.8945454545454483	-0.2932231197771681	1.7363636363636208
2.869999999999983	-23.668892305709072	2.2909090909090595	16.492927884670525	1.898181818181812	-0.2891810594077582	1.7454545454545298
2.8799999999999826	-23.56394988996522	2.3090909090908776	16.43585049284087	1.9018181818181754	-0.2852081724311924	1.7545454545454386
2.8899999999999824	-23.45929110066823	2.327272727272695	16.37883888189903	1.905454545454539	-0.2813030495670722	1.7636363636363477
2.899999999999982	-23.35491798581934	2.345454545454513	16.32189337142675	1.9090909090909025	-0.27746431472283845	1.7727272727272565
2.909999999999982	-23.250832540994555	2.363636363636331	16.265014306326584	1.9127272727272662	-0.2736906241101588	1.7818181818181653
2.9199999999999817	-23.14703671007409	2.3818181818181485	16.208202056125245	1.9163636363636298	-0.26998066538744925	1.7909090909090744
2.9299999999999815	-23.043532385963374	2.399999999999966	16.151457014283803	1.9199999999999933	-0.2663331568276837	1.7999999999999832
2.9399999999999813	-22.94032141130505	2.4181818181817842	16.094779597514727	1.923636363636357	-0.2627468465106736	1.8090909090908922
2.949999999999981	-22.837405579182764	2.436363636363602	16.03817024510583	1.9272727272727204	-0.25922051153903247	1.818181818181801
2.959999999999981	-22.734786633816377	2.4545454545454195	15.981629418251021	1.930909090909084	-0.2557529572770627	1.8272727272727098
2.9699999999999807	-22.63246627124887	2.4727272727272376	15.925157599387905	1.9345454545454475	-0.2523430166118303	1.8363636363636189
2.9799999999999804	-22.53044614002506	2.490909090909055	15.868755291542282	1.9381818181818111	-0.24898954923571998	1.8454545454545277
2.9899999999999802	-22.428727841862116	2.5090909090908733	15.812423017679544	1.9418181818181746	-0.24569144094978618	1.8545454545454365
2.99999999999998	-22.327312932312186	2.527272727272691	15.756161320062812	1.9454545454545382	-0.2424476029872384	1.8636363636363455
3.00999999999998	-22.226202921416956	2.5454545454545086	15.699970759618155	1.9490909090909017	-0.23925697135642404	1.8727272727272544
3.0199999999999796	-22.125399274354418	2.5636363636363266	15.643851915306504	1.9527272727272653	-0.23611850620269145	1.8818181818181634
3.0299999999999794	-22.02490341207789	2.5818181818181443	15.5878053835026	1.956363636363629	-0.2330311911885404	1.8909090909090722
3.039999999999979	-21.92471671194744	2.599999999999962	15.531831777380873	1.9599999999999924	-0.22999403289148201	1.899999999999981
3.049999999999979	-21.82484050835362	2.61818181818178	15.47593172630811	1.963636363636356	-0.22700606021905634	1.90909090909089
3.0599999999999787	-21.725276093333843	2.6363636363635976	15.4201058752432	1.9672727272727195	-0.2240663238404691	1.918181818181799
3.0699999999999785	-21.626024717181306	2.6545454545454152	15.364354884143774	1.9709090909090832	-0.22117389563433051	1.9272727272727077
3.0799999999999783	-21.527087589046626	2.6727272727272333	15.308679427379868	1.9745454545454466	-0.21832786815199512	1.9363636363636167
3.089999999999978	-21.428465877532318	2.690909090909051	15.253080193154496	1.9781818181818103	-0.21552735409601975	1.9454545454545256
3.099999999999978	-21.330160711280012	2.709090909090869	15.197557882931253	1.9818181818181737	-0.21277148581327063	1.9545454545454346
3.1099999999999777	-21.232173179550763	2.7272727272726867	15.142113210868954	1.9854545454545374	-0.21005941480222937	1.9636363636363434
3.1199999999999775	-21.134504332798294	2.7454545454545043	15.08674690326327	1.989090909090901	-0.2073903112340606	1.9727272727272522
3.1299999999999772	-21.03715518323541	2.7636363636363224	15.031459697995405	1.9927272727272645	-0.20476336348701846	1.9818181818181613
3.139999999999977	-20.94012670539358	2.78181818181814	14.976252343987873	1.9963636363636281	-0.20217777769378542	1.99090909090907
3.149999999999977	-20.843419836675803	2.799999999999997	14.921125600667269	1.999999999999981	-0.1996327773013475	1.9999999999999947
3.1599999999999766	-20.747035477902834	2.8011764705882323	14.866080237434154	2.008235294117628	-0.19712760264302473	2.002352941176465
3.1699999999999764	-20.6509744938528	2.802352941176468	14.811117033140063	2.0164705882352747	-0.194661510522289	2.0047058823529356
3.179999999999976	-20.555237713794376	2.803529411764703	14.756236775571594	2.024705882352922	-0.1922337738080113	2.0070588235294062
3.189999999999976	-20.45982593201345	2.804705882352938	14.701440260941565	2.0329411764705685	-0.1898436810407938	2.009411764705877
3.1999999999999758	-20.364739908333622	2.8058823529411736	14.646728293387365	2.0411764705882156	-0.18749053605005403	2.011764705882347
3.2099999999999755	-20.269980368630137	2.8070588235294087	14.592101684476406	2.0494117647058623	-0.18517365758153645	2.014117647058818
3.2199999999999753	-20.175548005337944	2.808235294117644	14.53756125271873	2.057647058823509	-0.1828923789349415	2.0164705882352885
3.229999999999975	-20.08144347795335	2.8094117647058794	14.48310782308675	2.065882352941156	-0.180646047611368	2.018823529411759
3.239999999999975	-19.987667413529792	2.8105882352941145	14.428742226542136	2.074117647058803	-0.1784340249702779	2.0211764705882294
3.2499999999999747	-19.89422040716751	2.8117647058823496	14.374465299569922	2.08235294117645	-0.1762556858957004	2.0235294117647
3.2599999999999745	-19.80110302249736	2.812941176470585	14.320277883719662	2.0905882352940965	-0.17411041847140094	2.0258823529411707
3.2699999999999743	-19.708315792158754	2.8141176470588203	14.26618082515387	2.0988235294117437	-0.1719976236647514	2.028235294117641
3.279999999999974	-19.61585921827176	2.8152941176470554	14.212174974203599	2.107058823529391	-0.16991671501904412	2.0305882352941116
3.289999999999974	-19.523733772903597	2.816470588235291	14.158261184931101	2.1152941176470375	-0.1678671183540023	2.0329411764705823
3.2999999999999736	-19.4319398985293	2.817647058823526	14.104440314699756	2.123529411764684	-0.16584827147424597	2.0352941176470525
3.3099999999999734	-19.340478008486976	2.8188235294117616	14.050713223751137	2.1317647058823312	-0.1638596238854818	2.037647058823523
3.319999999999973	-19.24934848742741	2.8199999999999967	13.99708077478917	2.139999999999978	-0.16190063651819023	2.039999999999994
3.329999999999973	-19.15855169175822	2.821176470588232	13.943543832571562	2.148235294117625	-0.15997078145859375	2.0423529411764645
3.3399999999999728	-19.068087950082646	2.8223529411764674	13.890103263508273	2.1564705882352717	-0.1580695416866931	2.0447058823529347
3.3499999999999726	-18.97795756363294	2.8235294117647025	13.836759935267148	2.164705882352919	-0.15619641082116917	2.0470588235294054
3.3599999999999723	-18.888160806698544	2.8247058823529376	13.783514716386744	2.1729411764705655	-0.15435089287095013	2.049411764705876
3.369999999999972	-18.798697927048952	2.825882352941173	13.730368475896137	2.1811764705882126	-0.15253250199325447	2.0517647058823463
3.379999999999972	-18.709569146351537	2.8270588235294083	13.677322082941968	2.1894117647058593	-0.1507407622579222	2.054117647058817
3.3899999999999717	-18.620774660584075	2.8282352941176434	13.624376406422494	2.197647058823506	-0.14897520741785505	2.0564705882352876
3.3999999999999715	-18.532314640442447	2.829411764705879	13.57153231462874	2.205882352941153	-0.14723538068539146	2.0588235294117583
3.4099999999999713	-18.444189231743213	2.830588235294114	13.518790674892669	2.2141176470588	-0.1455208345144468	2.0611764705882285
3.419999999999971	-18.356398555821215	2.831764705882349	13.466152353242407	2.222352941176447	-0.14383113038825568	2.063529411764699
3.429999999999971	-18.268942709922467	2.8329411764705847	13.413618214064524	2.2305882352940936	-0.14216583861255708	2.06588235294117
3.4399999999999706	-18.18182176759201	2.83411764705882	13.361189119773176	2.2388235294117407	-0.1405245381140693	2.06823529411764
3.4499999999999704	-18.095035779057206	2.8352941176470554	13.308865930486347	2.247058823529388	-0.13890681624410484	2.0705882352941107
3.45999999999997	-18.008584771606127	2.8364705882352905	13.25664950370893	2.2552941176470345	-0.1373122685871814	2.0729411764705814
3.46999999999997	-17.92246874996144	2.8376470588235256	13.2045406940228	2.263529411764681	-0.13574049877448865	2.0752941176470516
3.47999999999997	-17.836687696649552	2.838823529411761	13.152540352783657	2.2717647058823283	-0.134191118302075	2.0776470588235223
3.4899999999999696	-17.75124157236531	2.8399999999999963	13.100649327824794	2.279999999999975	-0.13266374635362296	2.079999999999993
3.4999999999999694	-17.666130316332076	2.8411764705882314	13.04886846316772	2.288235294117622	-0.1311580096276854	2.0823529411764636
3.509999999999969	-17.581353846657464	2.842352941176467	12.997198598739454	2.2964705882352687	-0.12967354216925842	2.084705882352934
3.519999999999969	-17.496912060684597	2.843529411764702	12.945640570096582	2.304705882352916	-0.1282099852055718	2.0870588235294045
3.5299999999999687	-17.41280483533899	2.844705882352937	12.89419520815617	2.3129411764705625	-0.12676698698598005	2.089411764705875
3.5399999999999685	-17.32903202747121	2.8458823529411728	12.842863338933126	2.3211764705882096	-0.12534420262584073	2.0917647058823454
3.5499999999999683	-17.245593474195243	2.847058823529408	12.79164578328438	2.3294117647058563	-0.12394129395427157	2.094117647058816
3.559999999999968	-17.162488993222535	2.848235294117643	12.74054335665951	2.3376470588235034	-0.12255792936567957	2.0964705882352868
3.569999999999968	-17.07971838319209	2.8494117647058785	12.689556868858013	2.34588235294115	-0.12119378367495874	2.0988235294117574
3.5799999999999677	-16.997281423996267	2.8505882352941136	12.638687123793035	2.3541176470587972	-0.1198485379762571	2.1011764705882277
3.5899999999999674	-16.915177877102554	2.851764705882349	12.587934919261544	2.362352941176444	-0.11852187950521581	2.1035294117646983
3.5999999999999672	-16.833407485871373	2.8529411764705843	12.537301046720941	2.3705882352940906	-0.11721350150458584	2.105882352941169
3.609999999999967	-16.751969975869883	2.8541176470588194	12.486786291071994	2.3788235294117377	-0.1159231030931313	2.108235294117639
3.619999999999967	-16.670865055181743	2.855294117647055	12.436391430448126	2.387058823529385	-0.11465038913773071	2.11058823529411
3.6299999999999666	-16.590092414713165	2.85647058823529	12.386117236010927	2.3952941176470315	-0.11339507012858996	2.1129411764705806
3.6399999999999664	-16.509651728495	2.857647058823525	12.33596447175186	2.403529411764678	-0.11215686205748367	2.115294117647051
3.649999999999966	-16.42954265398101	2.8588235294117608	12.285933894300157	2.4117647058823253	-0.11093548629894348	2.1176470588235214
3.659999999999966	-16.34976483234249	2.859999999999996	12.236026252736826	2.419999999999972	-0.10973066949431534	2.119999999999992
3.6699999999999657	-16.270317888759024	2.861176470588231	12.186242288414576	2.428235294117619	-0.10854214343860852	2.122352941176463
3.6799999999999655	-16.191201432705697	2.8623529411764665	12.136582734783914	2.4364705882352657	-0.10736964497006247	2.124705882352933
3.6899999999999653	-16.1124150582366	2.8635294117647017	12.087048317225038	2.444705882352913	-0.10621291586236008	2.1270588235294037
3.699999999999965	-16.03395834426475	2.8647058823529368	12.037639752885603	2.4529411764705595	-0.10507170271941603	2.1294117647058743
3.709999999999965	-15.955830854838458	2.8658823529411723	11.988357750524344	2.4611764705882067	-0.10394575687267398	2.131764705882345
3.7199999999999647	-15.87803213941422	2.8670588235294074	11.93920301036043	2.4694117647058533	-0.10283483428084512	2.1341176470588152
3.7299999999999645	-15.800561733126052	2.8682352941176426	11.890176223928488	2.4776470588235004	-0.10173869543202498	2.136470588235286
3.7399999999999642	-15.723419157051508	2.869411764705878	11.841278073939241	2.485882352941147	-0.10065710524812567	2.1388235294117566
3.749999999999964	-15.646603918474169	2.870588235294113	11.792509234145715	2.4941176470587942	-0.09958983299156353	2.141176470588227
3.759999999999964	-15.570115511142886	2.871764705882349	11.74387036921499	2.502352941176441	-0.09853665217414323	2.1435294117646975
3.7699999999999636	-15.49395341552763	2.872941176470584	11.695362134605224	2.510588235294088	-0.0974973404680809	2.145882352941168
3.7799999999999634	-15.418117099072122	2.874117647058819	11.646985176448245	2.5188235294117347	-0.09647167961911166	2.1482352941176384
3.789999999999963	-15.342606016443128	2.8752941176470546	11.598740131437287	2.527058823529382	-0.09545945536162691	2.150588235294109
3.799999999999963	-15.267419609776658	2.8764705882352897	11.550627626719981	2.5352941176470285	-0.09446045733578928	2.1529411764705797
3.8099999999999627	-15.19255730892089	2.877647058823525	11.502648279796546	2.543529411764675	-0.09347447900657448	2.1552941176470504
3.8199999999999625	-15.118018531676038	2.8788235294117603	11.45480269842303	2.5517647058823223	-0.09250131758469037	2.1576470588235206
3.8299999999999623	-15.043802684031034	2.8799999999999955	11.407091480519624	2.559999999999969	-0.09154077394932546	2.1599999999999913
3.839999999999962	-14.969909160397258	2.8811764705882306	11.359515214083821	2.568235294117616	-0.09059265257267973	2.162352941176462
3.849999999999962	-14.896337343839084	2.882352941176466	11.312074477108583	2.5764705882352628	-0.08965676144623266	2.164705882352932
3.8599999999999617	-14.823086606301603	2.8835294117647012	11.264769837505206	2.58470588235291	-0.08873291200870422	2.167058823529403
3.8699999999999615	-14.750156308835239	2.8847058823529363	11.217601853031026	2.5929411764705566	-0.08782091907566587	2.1694117647058735
3.8799999999999613	-14.677545801817491	2.885882352941172	11.170571071221675	2.6011764705882037	-0.08692060077075985	2.171764705882344
3.889999999999961	-14.6052544251718	2.887058823529407	11.123678029328088	2.6094117647058503	-0.086031778458486	2.1741176470588144
3.899999999999961	-14.533281508583524	2.8882352941176426	11.076923254257823	2.6176470588234975	-0.08515427667851719	2.176470588235285
3.9099999999999606	-14.461626371713068	2.8894117647058777	11.030307262521045	2.625882352941144	-0.0842879230815041	2.1788235294117557
3.9199999999999604	-14.390288324406237	2.890588235294113	10.983830560180717	2.6341176470587913	-0.08343254836633289	2.181176470588226
3.92999999999996	-14.319266666901838	2.8917647058823484	10.937493642807254	2.642352941176438	-0.08258798621879884	2.1835294117646966
3.93999999999996	-14.248560690036497	2.8929411764705835	10.891296995437251	2.650588235294085	-0.08175407325166109	2.1858823529411673
3.9499999999999598	-14.178169675446812	2.8941176470588186	10.84524109253644	2.6588235294117317	-0.08093064894604364	2.188235294117638
3.9599999999999596	-14.108092895768815	2.895294117647054	10.7993263979668	2.667058823529379	-0.08011755559414982	2.190588235294108
3.9699999999999593	-14.038329614834785	2.8964705882352892	10.753553364957531	2.6752941176470255	-0.0793146382432569	2.192941176470579
3.979999999999959	-13.968879087867458	2.8976470588235244	10.707922436080144	2.683529411764672	-0.0785217446409602	2.1952941176470495
3.989999999999959	-13.899740561671639	2.89882352941176	10.66243404322722	2.6917647058823193	-0.07773872518163503	2.1976470588235197
3.9999999999999587	-13.830913274823287	2.900000000000059	10.617088607595122	2.7000000000000477	-0.076965432854087	2.2000000000000908
4.009999999999959	-13.762396457856022	2.8856337202572195	10.571886539670373	2.688504797510213	-0.07620172319036132	2.178169923849128
4.019999999999959	-13.694189333445197	2.8713323753741262	10.526828239219645	2.677046156096037	-0.07544745421568322	2.1566097028153837
4.0299999999999585	-13.626291116589451	2.8570958007554355	10.481914095283365	2.6656241746932245	-0.07470248639950093	2.1353153485211873
4.039999999999958	-13.55870101478984	2.842923830233743	10.4371444861728	2.654238949508982	-0.0739666826076054	2.114282941086552
4.049999999999958	-13.491418228226564	2.828816296106645	10.392519779470579	2.6428905740221458	-0.07323990805530001	2.0935086277905666
4.059999999999958	-13.424441949933298	2.8147730291732866	10.348040332034584	2.6315791389841756	-0.07252203026159477	2.0729886217620717
4.069999999999958	-13.35777136596914	2.8007938587704175	10.303706490005094	2.6203047324209683	-0.0718129190044008	2.052719200698925
4.079999999999957	-13.291405655588308	2.7868786128079717	10.259518588815146	2.6090674396354947	-0.07111244627670014	2.0326967056151513
4.089999999999957	-13.225343991407419	2.7730271178041446	10.215476953204082	2.5978673432112442	-0.07042048624366805	2.012917539615309
4.099999999999957	-13.159585539570573	2.759239198920003	10.171581897234088	2.586704523016431	-0.06973691520072478	1.9933781666954389
4.109999999999957	-13.094129459912171	2.7455146799936276	10.127833724309802	2.575579056208979	-0.06906161153249428	1.974075110569922
4.119999999999957	-13.02897490611748	2.7318533835737773	10.084232727200842	2.5644910172422537	-0.06839445567264851	1.9550049535236627
4.129999999999956	-12.964121025880988	2.7182551309530925	10.04077918806711	2.553440477871493	-0.06773533006461607	1.936164335288974
4.139999999999956	-12.899566961062657	2.7047197422008584	9.997473378486989	2.542427507160984	-0.06708411912313442	1.9175499519465742
4.149999999999956	-12.835311847841945	2.6912470361953003	9.954315559488233	2.531452171491911	-0.06644070919662602	1.899158554850139
4.159999999999956	-12.771354816869716	2.677836830655432	9.911305981581457	2.5205145345708795	-0.06580498853037868	1.880986949573837
4.1699999999999555	-12.707694993418094	2.6644889421724813	9.868444884796258	2.5096146574390965	-0.06517684723051095	1.863031994882308
4.179999999999955	-12.644331497528187	2.651203186240859	9.825732498719857	2.4987525984822008	-0.06455617722870437	1.8452906017225599
4.189999999999955	-12.581263444155788	2.6379793772887132	9.783169042538152	2.4879284134407014	-0.06394287224768432	1.8277597322372656
4.199999999999955	-12.51848994331501	2.624817328708043	9.740754725079158	2.4771421554210256	-0.06333682776743191	1.8104363987989538
4.209999999999955	-12.456010100219975	2.611716852884409	9.698489744858819	2.466393874907167	-0.0627379409921099	1.7933176630646104
4.2199999999999545	-12.393823015424477	2.5986777612262153	9.656374290128989	2.4556836197728926	-0.062146110817685944	1.7764006350502137
4.229999999999954	-12.331927784959655	2.5856998641935784	9.614408538927645	2.4450114352945063	-0.06156123780023659	1.7596824722247277
4.239999999999954	-12.2703235004698	2.572782971326801	9.57259265913123	2.434377364164163	-0.0609832241249169	1.7431603786231213
4.249999999999954	-12.209009249346192	2.559926891274434	9.530926808509008	2.4237814465036926	-0.06041197357557936	1.7268316039779477
4.259999999999954	-12.147984114859074	2.547131431820951	9.489411134779477	2.4132237198789426	-0.05984739150502787	1.7106934428690754
4.269999999999953	-12.0872471762877	2.5343963999140118	9.448045775668652	2.4027042193146038	-0.05928938480589143	1.6947432338911366
4.279999999999953	-12.026797509048624	2.5217216016913637	9.406830858970242	2.392222977309512	-0.058737861882103844	1.6789783588382925
4.289999999999953	-11.966634184822077	2.5091068425073417	9.365766502607682	2.3817800238524223	-0.058192732620975046	1.6633962419059154
4.299999999999953	-11.906756271676565	2.4965519269589898	9.324852814697824	2.3713753864382072	-0.057653908365840716	1.6479943489087967
4.3099999999999525	-11.847162834191682	2.4840566589118134	9.284089893616395	2.361009090084504	-0.05712130188927694	1.6327701865155084
4.319999999999952	-11.787852933579194	2.471620841525169	9.243477828065068	2.350681157348768	-0.05659482736686681	1.61772130149854
4.329999999999952	-11.728825627802278	2.4592442772772634	9.203016697140084	2.3403916083457292	-0.05607440035150654	1.6028452799998596
4.339999999999952	-11.670079971693152	2.4469267679898197	9.162706570402399	2.3301404607652247	-0.0555599377482389	1.588139746811544
4.349999999999952	-11.611615017068896	2.43466811485236	9.12254750794931	2.319927729890418	-0.055051357789601754	1.5736023646711361
4.3599999999999515	-11.553429812845682	2.4224681184461585	9.082539560487465	2.3097534286163657	-0.0545485800114803	1.5592308335713991
4.369999999999951	-11.495523405151275	2.41032657876783	9.042682769407255	2.2996175674689336	-0.05405152522945137	1.545022890084135
4.379999999999951	-11.437894837435893	2.398243295252574	9.002977166858406	2.289520154624022	-0.05356011551560902	1.530976306697762
4.389999999999951	-11.380543150581467	2.3862180667970825	8.96342277582696	2.2794611959271425	-0.0530742741758601	1.5170888911683253
4.399999999999951	-11.32346738300927	2.37425069178211	8.924019610213309	2.269440694913263	-0.052593925727679874	1.503358485883657
4.40999999999995	-11.266666570785972	2.362340968094708	8.884767674911448	2.2594586528269596	-0.05211899587831681	1.4897829672403766
4.41999999999995	-11.210139747728116	2.3504886931501323	8.845666965889258	2.249515068642837	-0.05164941150343685	1.4763602450334543
4.42999999999995	-11.153885945505031	2.3386936639134217	8.806717470269904	2.239609939086225	-0.051185100626197175	1.4630882618580476
4.43999999999995	-11.097904193740234	2.326955676920658	8.767919166414096	2.229743258654101	-0.05072599239674009	1.449964992523352
4.4499999999999496	-11.042193520111294	2.315274528299907	8.729272024003421	2.2199150196362805	-0.050272017072097545	1.436988443478184
4.459999999999949	-10.98675295044821	2.303650013791844	8.690776004124439	2.210125212136803	-0.0498231059964971	1.424156652248044
4.469999999999949	-10.931581508830325	2.292081928770075	8.65243105935374	2.2003738240955624	-0.049379191582060854	1.411467686883407
4.479999999999949	-10.876678217681718	2.2805700682611385	8.614237133843698	2.190660841310118	-0.04894020728988813	1.398919645418988
4.489999999999949	-10.822042097865214	2.269114226964217	8.576194163409014	2.1809862474576964	-0.04850608761151403	1.3865106553437465
4.4999999999999485	-10.767672168774949	2.2577141992705436	8.538302075613986	2.1713500241173933	-0.04807676805073503	1.374238873081384
4.509999999999948	-10.713567448427488	2.2463697792825124	8.500560789860382	2.1617521507925126	-0.0476521851057941	1.3621024834811208
4.519999999999948	-10.659726953551585	2.235080760832491	8.462970217475991	2.15219260493309	-0.047232276251917005	1.3500996993185084
4.529999999999948	-10.60614969967656	2.2238469375013588	8.425530261803736	2.1426713619585542	-0.046816979924192564	1.3382287608060732
4.539999999999948	-10.552834701219291	2.212668102636742	8.388240818291244	2.1331883952805044	-0.0464062355007891	1.3264879351135732
4.549999999999947	-10.499780971569884	2.201544049370979	8.351101774581064	2.123743676325653	-0.04599998328649966	1.314875515897648
4.559999999999947	-10.446987523175993	2.190474570638799	8.314113010601165	2.1143371745588424	-0.045598164496609375	1.3033898228406808
4.569999999999947	-10.394453367625845	2.17945945919473	8.277274398655987	2.1049688575061967	-0.04520072124107742	1.292029201198651
4.579999999999947	-10.342177515729949	2.1684985076302326	8.24058580351777	2.0956386907783497	-0.04480759650902703	1.2807920213577921
4.589999999999947	-10.290158977601521	2.157591508390562	8.204047082518287	2.086346638093772	-0.044418734153537066	1.2696766783998723
4.599999999999946	-10.23839676273567	2.1467382537913724	8.167658085640847	2.0770926613021676	-0.0440340788767284	1.2586815916758953
4.609999999999946	-10.186889880087275	2.135938536035044	8.131418655612569	2.067876720407942	-0.04365357621513888	1.2478052043880594
4.619999999999946	-10.135637338147685	2.1251921472267665	8.09532862799687	2.0586987735937203	-0.04327717252538074	1.2370459831797822
4.629999999999946	-10.084638145020163	2.1144988793903585	8.059387831286195	2.0495587772439294	-0.04290481497007443	1.2264024177336297
4.6399999999999455	-10.033891308494104	2.1038585244838273	8.023596086994855	2.040456685968409	-0.042536451504052816	1.2158730203769754
4.649999999999945	-9.98339583611812	2.0932708744146944	7.987953209752029	2.0313924526260605	-0.0421720308608302	1.205456325695225
4.659999999999945	-9.933150735271862	2.082735721055054	7.952459007394836	2.022366028348517	-0.041811502539330414	1.1951508901524501
4.669999999999945	-9.883155013236749	2.0722528562564033	7.917113281061511	2.0133773625638396	-0.04145481679086844	1.1849552917192672
4.679999999999945	-9.83340767726551	2.0618220718642255	7.881915825284583	2.004426403020211	-0.041101924606380465	1.1748681295078178
4.689999999999944	-9.78390773465059	2.0514431597323286	7.846866428084054	1.9955130958096323	-0.04075277770389669	1.1648880234136891
4.699999999999944	-9.734654192791444	2.0411159117369606	7.811964871060591	1.986637385391624	-0.04040732851625225	1.1550136137646378
4.709999999999944	-9.68564605926071	2.0308401197906805	7.77721092948863	1.9777992146169006	-0.04006553017903082	1.145243560975969
4.719999999999944	-9.636882341869276	2.0206155758560014	7.742604372409403	1.9689985247510295	-0.039727336518736424	1.1355765452124347
4.729999999999944	-9.588362048730305	2.0104420719588183	7.708144962723881	1.9602352554980675	-0.03939270204118825	1.126011266056509
4.739999999999943	-9.540084188322131	2.0003194002015916	7.673832457285573	1.9515093450241587	-0.03906158192013419	1.1165464421829137
4.749999999999943	-9.49204776955014	1.9902473527763245	7.639666606993143	1.9428207299810885	-0.038733931986078364	1.1071808110392622
4.759999999999943	-9.444251801807596	1.9802257219773163	7.605647156882863	1.9341693455297946	-0.03840970871531804	1.097913128532688
4.769999999999943	-9.396695295035414	1.970254300213695	7.57177384622087	1.9255551253638294	-0.038088869219185924	1.0887421687223422
4.7799999999999425	-9.349377259780969	1.9603328800217483	7.538046408595179	1.9169780017327593	-0.037771371233493396	1.0796667235176383
4.789999999999942	-9.302296707255811	1.9504612540770254	7.504464572007411	1.9084379054654916	-0.037457173108170386	1.0706856023821134
4.799999999999942	-9.255452649392488	1.94063921520625	7.471028058964309	1.8999347659935468	-0.03714623379709808	1.061797632042806
4.809999999999942	-9.208844098900293	1.9308665563990102	7.437736586568889	1.8914685113742409	-0.03683851284813042	1.053001656205025
4.819999999999942	-9.162470069320099	1.9211430708192567	7.404589866611324	1.8830390683137952	-0.03653397039330039	1.0442965352724074
4.8299999999999415	-9.116329575078222	1.9114685518165948	7.371587605659434	1.8746463621903517	-0.036232567139207424	1.035681146072146
4.839999999999941	-9.070421631539332	1.90184279293738	7.338729505148892	1.8662903170769112	-0.03593426435758228	1.0271543815852948
4.849999999999941	-9.02474525505843	1.8922655879356147	7.30601526147298	1.8579708557641574	-0.03563902387602542	1.0187151506820333
4.859999999999941	-8.979299463031897	1.8827367307836538	7.2734445660719675	1.8496878997831905	-0.03534680806891596	1.0103623778618034
4.869999999999941	-8.934083273947659	1.8732560156827223	7.241017105522113	1.8414413694281575	-0.035057579848487015	1.0020950029982072
4.87999999999994	-8.889095707434402	1.8638232370732335	7.208732561624181	1.8332311837787638	-0.03477130265606463	0.9939119810885755
4.88999999999994	-8.844335784309955	1.854438189644935	7.176590611491554	1.8250572607226812	-0.034487940453466655	0.985812282008114
4.89999999999994	-8.799802526628739	1.8451006683468574	7.144590927637839	1.816919516977826	-0.03420745771455853	0.9777948902685294
4.90999999999994	-8.7554949577284	1.835810468397091	7.112733178064029	1.808817868114525	-0.03392981941696254	0.969858804781046
4.9199999999999395	-8.711412102275542	1.8265673852923763	7.08101702634516	1.8007522285775535	-0.033654991033917815	0.9620030386237286
4.929999999999939	-8.66755298631065	1.8173712148175227	7.0494421317164475	1.7927225117080403	-0.03338293852628769	0.9542266188130197
4.939999999999939	-8.62391663729215	1.8082217530546467	7.018008149158911	1.7847286297652414	-0.033113628334711764	0.9465285860794119
4.949999999999939	-8.580502084139647	1.799118796392237	6.986714729484466	1.7767704939481812	-0.03284702737189948	0.9389079946471648
4.959999999999939	-8.537308357276402	1.790062141534063	6.955561519420432	1.7688480144171428	-0.03258310301506268	0.931363912017996
4.9699999999999385	-8.494334488670901	1.7810515855078886	6.924548161693563	1.760961100315037	-0.03232182309848411	0.9238954187586566
4.979999999999938	-8.451579511877735	1.772086925674045	6.893674295113386	1.753109659788597	-0.03206315590621933	0.9165016082923219
4.989999999999938	-8.409042462077624	1.7631679597338221	6.862939554655064	1.745293600009449	-0.031807070164929334	0.9091815866937153
4.999999999999938	-8.366722376116716	1.7542944857377092	6.832343571541602	1.737512827195021	-0.031553535036841204	0.9019344724878957
5.009999999999938	-8.32461829254509	1.7454663020934675	6.801885973325456	1.729767246629294	-0.03130252011283449	0.8947593964526355
5.019999999999937	-8.282729251654516	1.7366832075740481	6.771566383969567	1.7220567626834087	-0.03105399540565054	0.8876555014243145
5.029999999999937	-8.241054295515463	1.7279450013253503	6.74138442392771	1.7143812788361024	-0.030807931343222513	0.8806219421072641
5.039999999999937	-8.199592468013385	1.7192514828738321	6.711339710224229	1.7067406976939834	-0.030564298762123767	0.8736578848864932
5.049999999999937	-8.158342814884294	1.7106024521339662	6.68143185653319	1.69913492101166	-0.03032306890113214	0.8667625076437285
5.0599999999999365	-8.117304383749564	1.70199770941554	6.651660473256777	1.6915638497116792	-0.03008421339490794	0.8599349995767048
5.069999999999936	-8.076476224150076	1.6934370554308138	6.622025167603135	1.6840273839043205	-0.02984770426778341	0.8531745610216404
5.079999999999936	-8.035857387579659	1.6849202913015329	6.592525543663478	1.6765254229072075	-0.029613513927661494	0.8464804032788391
5.089999999999936	-7.99544692751781	1.6764472185657873	6.563161202488537	1.6690578652647456	-0.029381615160021732	0.8398517484413525
5.099999999999936	-7.955243899461795	1.668017639184744	6.53393174216438	1.6616246087674071	-0.029151981122031274	0.8332878292266475
5.1099999999999355	-7.915247360957998	1.6596313555492195	6.50483675788747	1.6542255504708168	-0.02892458533675889	0.8267878888112185
5.119999999999935	-7.87545637163267	1.6512881704861255	6.475875842039119	1.6468605867146877	-0.028699401687490037	0.8203511806680877
5.129999999999935	-7.835869993222016	1.6429878872647803	6.4470485842591785	1.6395296131415598	-0.028476404412141013	0.8139769684071372
5.139999999999935	-7.796487289601605	1.6347303096030725	6.418354571519033	1.6322325247153622	-0.02825556809777027	0.8076645256182202
5.149999999999935	-7.757307326815166	1.6265152416735018	6.389793388193978	1.6249692157398223	-0.028036867675185075	0.8014131357169952
5.159999999999934	-7.718329173102754	1.6183424881090818	6.361364616134745	1.6177395798766516	-0.027820278413641503	0.7952220917934298
5.169999999999934	-7.679551898928303	1.6102118540091186	6.333067834738475	1.610543510163597	-0.027605775915636278	0.7890906964629291
5.179999999999934	-7.640974577006541	1.6021231449448545	6.30490262101884	1.6033808990322729	-0.027393336111788433	0.7830182617200319
5.189999999999934	-7.602596282329322	1.5940761669649888	6.276868549675521	1.596251638325829	-0.027182935255809122	0.7770041087946264
5.199999999999934	-7.564416092191367	1.5860707266010743	6.248965193162957	1.589155619316434	-0.026974549919558034	0.7710475680106418
5.209999999999933	-7.526433086215388	1.5781066308727862	6.221192121758356	1.5820927327225724	-0.026768156988184664	0.765147978647164
5.219999999999933	-7.488646346376666	1.5701836872930757	6.193548903628975	1.5750628687261528	-0.026563733655352726	0.7593046888019306
5.229999999999933	-7.451054957027031	1.5623017038731963	6.16603510489871	1.5680659169894429	-0.02636125741854636	0.7535170552571611
5.239999999999933	-7.413658004918289	1.5544604891276184	6.138650289713885	1.5611017666717997	-0.026160706074456426	0.7477844433476777
5.2499999999999325	-7.376454579225087	1.5466598520788215	6.111394020308416	1.554170306446242	-0.025962057714445347	0.742106226831272
5.259999999999932	-7.339443771567234	1.538899602261974	6.084265857068118	1.5472714245158032	-0.025765290720089134	0.7364817877612759
5.269999999999932	-7.302624676031464	1.5311795497294998	6.057265358594406	1.5404050086297312	-0.025570383758795074	0.7309105163612973
5.279999999999932	-7.265996389192685	1.5234995050555287	6.030392081767152	1.533570946099474	-0.025377315779493623	0.7253918109020757
5.289999999999932	-7.229558010134682	1.5158592793402417	6.003645581806901	1.5267691238145005	-0.02518606600840324	0.7199250775804229
5.299999999999931	-7.19330864047032	1.5082586842141044	5.977025412336265	1.5199994282579141	-0.024996613944866592	0.7145097304002048
5.309999999999931	-7.157247384361196	1.5006975318419882	5.950531125440692	1.5132617455219077	-0.024808939357256976	0.7091451910553288
5.319999999999931	-7.121373348536822	1.4931756349271932	5.924162271728375	1.5065559613229957	-0.024623022278953608	0.7038308888147001
5.329999999999931	-7.0856856423132974	1.485692806715363	5.897918400389543	1.4998819610170966	-0.024438843004384436	0.6985662604091096
5.339999999999931	-7.050183377611477	1.4782488609982936	5.871799059254971	1.493239629614409	-0.024256382085135194	0.6933507499200131
5.34999999999993	-7.014865668974658	1.4708436121176418	5.845803794853724	1.4866288517940978	-0.02407562032612367	0.6881838086701757
5.35999999999993	-6.9797316335857955	1.4634768749685358	5.819932152470262	1.4800495119188162	-0.023896538781837704	0.6830648951161382
5.36999999999993	-6.944780391284231	1.4561484650030823	5.794183676200737	1.473501494049022	-0.023719118752635954	0.6779934747424772
5.37999999999993	-6.910011064581978	1.4488581982337807	5.768557909008594	1.4669846819571188	-0.023543341781110137	0.6729690199578214
5.3899999999999295	-6.875422778679514	1.4416058912368352	5.743054392779473	1.4604989591414153	-0.023369189648507704	0.6679910099925981
5.399999999999929	-6.841014661481143	1.4343913611553751	5.717672668375347	1.454044208839895	-0.023196644371213763	0.6630589307984703
5.409999999999929	-6.806785843609907	1.427214425702582	5.692412275687961	1.4476203140438062	-0.023025688197291207	0.6581722749494391
5.419999999999929	-6.772735458422059	1.420074903164724	5.667272753691563	1.4412271575110709	-0.022856303603078	0.65333054154458
5.429999999999929	-6.738862642021082	1.412972612404095	5.642253640494905	1.4348646217795096	-0.02268847328984048	0.6485332361123798
5.4399999999999284	-6.705166533271303	1.4059073728618705	5.617354473392544	1.4285325891798866	-0.02252218018048176	0.6437798705166483
5.449999999999928	-6.671646273811075	1.3988790045608694	5.592574788915412	1.4222309418487722	-0.022357407416304192	0.6390699628639765
5.459999999999928	-6.6383010080655405	1.391887328108232	5.56791412288073	1.4159595617412337	-0.02219413835382488	0.6344030374127098
5.469999999999928	-6.605129883258982	1.3849321646980088	5.543372010441152	1.4097183306433358	-0.02203235656164331	0.6297786244834116
5.479999999999928	-6.572132049426786	1.378013336113669	5.518947986133282	1.4035071301844761	-0.021872045817360106	0.6251962603707885
5.489999999999927	-6.539306659426973	1.3711306647305188	5.494641583925422	1.3973258418495293	-0.021713190104546084	0.620655487257053
5.499999999999927	-6.506652868951371	1.3642839735180432	5.470452337264687	1.3911743469908293	-0.02155577360976057	0.6161558531266934
5.509999999999927	-6.474169836536383	1.3574730860421638	5.446379779123407	1.3850525268399678	-0.021399780719618223	0.6116969116826324
5.519999999999927	-6.44185672357336	1.3506978264674148	5.4224234420448365	1.3789602625194204	-0.02124519601790334	0.6072782222637411
5.5299999999999265	-6.40971269431863	1.3439580195590448	5.398582858188215	1.3728974350540046	-0.021092004282730947	0.6028993497636901
5.539999999999926	-6.37773691590314	1.337253490685039	5.374857559373099	1.3668639253821548	-0.020940190483753725	0.598559864551113
5.549999999999926	-6.345928558341706	1.3305840658180583	5.351247077123073	1.3608596143670364	-0.020789739779414	0.5942593423910556
5.559999999999926	-6.314286794541949	1.323949571537313	5.327750942708765	1.3548843828074872	-0.020640637514239966	0.5899973643676907
5.569999999999926	-6.28281080031285	1.3173498350303576	5.304368687190211	1.3489381114487895	-0.020492869216185365	0.5857735168082746
5.5799999999999255	-6.251499754372953	1.3107846840948087	5.28109984145854	1.343020680993272	-0.020346420594011882	0.5815873912083254
5.589999999999925	-6.220352838358233	1.3042539471399963	5.257943936277026	1.337131972110748	-0.020201277534713413	0.5774385841579965
5.599999999999925	-6.189369236829626	1.2977574531885434	5.234900502321469	1.3312718654487865	-0.020057426100981574	0.5733266972696314
5.609999999999925	-6.158548137280209	1.2912950318778686	5.2119690702199595	1.3254402416428228	-0.019914852528711578	0.5692513371064702
5.619999999999925	-6.127888730142068	1.2848665134616293	5.189149170591972	1.3196369813261017	-0.019773543224547916	0.5652121151124948
5.629999999999924	-6.097390208792833	1.2784717288110898	5.166440334086819	1.313861965139456	-0.019633484763469055	0.5612086475433892
5.639999999999924	-6.067051769561897	1.2721105094164262	5.1438420914215275	1.3081150737409384	-0.019494663886410468	0.5572405553985962
5.649999999999924	-6.036872611736311	1.2657826873879623	5.12135397341801	1.302396187815275	-0.019357067497925307	0.5533074643544484
5.659999999999924	-6.0068519375663865	1.259488095457344	5.098975511039675	1.2967051880831748	-0.019220682663882167	0.5494090046983615
5.6699999999999235	-5.976988952270973	1.2532265669786464	5.076706235427385	1.2910419553104757	-0.01908549660919913	0.5455448112640632
5.679999999999923	-5.947282864042446	1.2469979359294197	5.054545677934846	1.285406370317142	-0.01895149671561354	0.5417145233678435
5.689999999999923	-5.917732884051403	1.2408020369116721	5.032493370163317	1.2797983139860933	-0.018818670519486925	0.5379177847458111
5.699999999999923	-5.888338226451052	1.2346387051527932	5.010548843995801	1.2742176672718983	-0.01868700570964441	0.5341542434921329
5.709999999999923	-5.85909810838133	1.2285077765064143	4.988711631630589	1.2686643112093052	-0.01855649012524789	0.5304235519982423
5.7199999999999225	-5.830011749972727	1.2224090874532123	4.966981265614226	1.263138126921627	-0.018427111753702673	0.5267253668930003
5.729999999999922	-5.801078374349844	1.216342475101655	4.94535727887388	1.2576389956289704	-0.018298858728596726	0.5230593489837915
5.739999999999922	-5.772297207634651	1.2103077771886839	4.923839204749183	1.252166798656335	-0.01817171932767212	0.5194251631985387
5.749999999999922	-5.743667478949526	1.2043048320803518	4.902426577023403	1.2467214174415404	-0.01804568197082806	0.5158224785286217
5.759999999999922	-5.715188420419966	1.1983334787723916	4.8811189299541455	1.2413027335430336	-0.01792073521815498	0.5122509679726828
5.769999999999921	-5.686859267177079	1.192393556890738	4.859915798303421	1.235910628647535	-0.017796867767999075	0.5087103084813026
5.779999999999921	-5.658679257359813	1.1864849066919958	4.83881671736719	1.2305449845775522	-0.017674068455056976	0.5052001809025387
5.789999999999921	-5.63064763211692	1.1806073690638503	4.817821223004357	1.2252056832987537	-0.01755232624849976	0.5017202699283011
5.799999999999921	-5.602763635608684	1.1747607855254312	4.796928851665165	1.2198926069271891	-0.017431630250126	0.49827026404155866
5.809999999999921	-5.5750265150083935	1.1689449982276199	4.7761391404191444	1.2146056377363978	-0.017311969692543252	0.4948498554643583
5.81999999999992	-5.547435520503567	1.1631598499533082	4.755451626982413	1.2093446581643505	-0.01719333393737757	0.4914587401066455
5.82999999999992	-5.519989905296983	1.1574051841176125	4.734865849744551	1.204109550820284	-0.0170757124735105	0.4880966175158697
5.83999999999992	-5.492688925607417	1.1516808447680293	4.714381347794855	1.1989001984913774	-0.016959094915343125	0.4847631908273636
5.84999999999992	-5.465531840670187	1.1459866765845497	4.693997660948155	1.1937164841493195	-0.01684347100108668	0.4814581667154817
5.8599999999999195	-5.438517912737476	1.1403225248797255	4.673714329770061	1.1885582909567265	-0.01672883059107935	0.4781812553454867
5.869999999999919	-5.411646407078403	1.1346882355986867	4.653530895601721	1.1834255022734395	-0.016615163666128658	0.4749321703261688
5.879999999999919	-5.384916591978913	1.1290836553191164	4.633446900584079	1.1783180016626935	-0.01650246032587921	0.47171062866318797
5.889999999999919	-5.358327738741423	1.1235086312511768	4.613461887681623	1.173235672897157	-0.016390710787205175	0.4685163507131247
5.899999999999919	-5.331879121684266	1.117963011237394	4.593575400705668	1.1681783999648516	-0.01627990538262727	0.4653490601382305
5.909999999999918	-5.305570018140945	1.1124466437524994	4.57378698433711	1.1631460670749398	-0.016170034558753665	0.4622084838618625
5.919999999999918	-5.279399708459149	1.1069593779032252	4.554096184148721	1.1581385586633948	-0.016061088874744455	0.45909435202459126
5.929999999999918	-5.253367475999606	1.1015010634280635	4.534502546627004	1.1531557593985577	-0.015953059000799488	0.45600639794097675
5.939999999999918	-5.227472607134701	1.0960715506969756	4.515005619193491	1.1481975541865537	-0.015845935716668806	0.4529443580569901
5.949999999999918	-5.2017143912469495	1.0906706907110728	4.495604950225679	1.143263828176617	-0.015739709910185647	0.4499079719080808
5.959999999999917	-5.176092120727216	1.0852983351022438	4.476300089077425	1.138354466766277	-0.015634372575821433	0.4468969820778719
5.969999999999917	-5.150605090972809	1.0799543361327522	4.457090586098919	1.1334693556064377	-0.015529914813262501	0.4439111341574771
5.979999999999917	-5.125252600385357	1.0746385466947947	4.437975992656229	1.1286083806063474	-0.01542632782600809	0.4409501767054252
5.989999999999917	-5.100033950368504	1.0693508203100155	4.4189558611503745	1.1237714279384503	-0.015323602919989389	0.4380138612081863
5.9999999999999165	-5.074948445325446	1.064091011128991	4.400029745035963	1.118958384043125	-0.015221731502209087	0.435101942041285
6.009999999999916	-5.049995392656274	1.058858973930672	4.381197198839399	1.1141691356333165	-0.015120705079401334	0.43221417643099563
6.019999999999916	-5.02517410275517	1.053654564121796	4.362457778176701	1.1094035696990647	-0.015020515256711556	0.42935032441660637
6.029999999999916	-5.000483889007395	1.048477637736256	4.343811039770825	1.1046615735119132	-0.014921153736395944	0.4265101488132446
6.039999999999916	-4.9759240677861705	1.0433280514344458	4.325256541468651	1.099943034629226	-0.01482261231654017	0.4236934151752527
6.0499999999999154	-4.951493958449336	1.0382056625025604	4.306793842257499	1.0952478408983901	-0.014724882889797201	0.42089989176010933
6.059999999999915	-4.927192883335882	1.0331103288518677	4.288422502281266	1.0905758804609171	-0.014627957442143605	0.4181293494928791
6.069999999999915	-4.9030201677623415	1.0280419090179531	4.270142082856167	1.085927041756448	-0.014531828051654408	0.415381561931193
6.079999999999915	-4.878975140018978	1.023000262159919	4.251952146486074	1.0813012135266524	-0.014436486887295832	0.41265630523073993
6.089999999999915	-4.85505713136588	1.017985248059567	4.233852256877453	1.0766982848190294	-0.014341926207735944	0.40995335811126926
6.099999999999914	-4.831265476028867	1.012996727120539	4.215841978953951	1.0721181449906145	-0.014248138360172673	0.40727250182309155
6.109999999999914	-4.807599511195267	1.0080345603674312	4.197920878870551	1.0675606837115814	-0.014155115779179083	0.4046135201140704
6.119999999999914	-4.784058577009558	1.0030986094448824	4.180088524027422	1.0630257909687622	-0.014062850985565513	0.40197619919709876
6.129999999999914	-4.760642016568849	0.9981887366166237	4.1623444830833245	1.0585133570690592	-0.013971336585258377	0.39936032771804925
6.1399999999999135	-4.737349175918246	0.9933048047645086	4.144688325968716	1.054023272642775	-0.013880565268195328	0.39676569672419376
6.149999999999913	-4.714179404046082	0.9884466773875125	4.127119623898457	1.049555428646845	-0.013790529807236518	0.3941920996330826
6.159999999999913	-4.691132052879	0.9836142186007018	4.10963794938419	1.0451097163679857	-0.013701223057091682	0.3916393322018758
6.169999999999913	-4.66820647727692	0.9788072931341777	4.092242876246336	1.040686027425745	-0.013612637953262832	0.38910719249712095
6.179999999999913	-4.645402035027875	0.9740257663319948	4.0749339796257855	1.0362842537754757	-0.0135247675110023	0.38659548086496953
6.1899999999999125	-4.6227180868427284	0.9692695041510532	4.0577108359952225	1.0319042877112146	-0.013437604824285805	0.3841039999018229
6.199999999999912	-4.600153996349765	0.9645383731599632	4.040573023170137	1.0275460218684833	-0.013351143064800435	0.38163255442540445
6.209999999999912	-4.5777091300891675	0.9598322405378883	4.023520120319474	1.0232093492269974	-0.013265375480947186	0.37918095144624786
6.219999999999912	-4.555382857507363	0.9551509740733597	4.006551707975993	1.018894163113299	-0.013180295396857921	0.3767490001395977
6.229999999999912	-4.53317455095128	0.9504944421630717	3.989667368046289	1.0146003572033069	-0.013095896211426409	0.37433651181771244
6.239999999999911	-4.511083585662473	0.9458625138106498	3.972866683820503	1.0103278255247852	-0.013012171397353363	0.3719432999025672
6.249999999999911	-4.489109339771153	0.9412550586253995	3.9561492399817206	1.0060764624597331	-0.012929114500205103	0.36956917989894694
6.259999999999911	-4.467251194290082	0.9366719468210262	3.939514622615066	1.001846162746699	-0.012846719137485745	0.36721396936792516
6.269999999999911	-4.4455085331084065	0.9321130492143412	3.9229624192164834	0.9976368214830117	-0.01276497899772261	0.3648774879007212
6.2799999999999105	-4.423880742985355	0.9275782372239412	3.906492218701248	0.9934483341269466	-0.012683887839564749	0.36255955709293225
6.28999999999991	-4.4023672135438465	0.9230673828688681	3.890103611412151	0.9892805964998057	-0.012603439490894252	0.36026000051913065
6.29999999999991	-4.380967337263996	0.9185803587672468	3.8737961891274306	0.9851335047879358	-0.012523627847950249	0.35797864370782434
6.30999999999991	-4.3596805094765365	0.9141170381349059	3.857569545068387	0.9810069555446643	-0.012444446874465328	0.3557153141167716
6.31999999999991	-4.338506128356127	0.9096772947839757	3.8414232739067398	0.9769008456921703	-0.01236589060081422	0.35346984110864743
6.3299999999999095	-4.3174435949145895	0.9052610031214687	3.825356971771705	0.9728150725232846	-0.012287953123174522	0.35124205592705293
6.339999999999909	-4.296492312994043	0.9008680381478406	3.8093702362568025	0.9687495337032205	-0.012210628602699319	0.34903179167286547
6.349999999999909	-4.27565168925995	0.8964982754555326	3.7934626664263864	0.9647041272712351	-0.012133911264701437	0.3468388832809213
6.359999999999909	-4.254921133194081	0.8921515912274957	3.777633862821936	0.9606787516422285	-0.012057795397849258	0.3446631674970282
6.369999999999909	-4.234300057087401	0.8878278622356994	3.76188342746806	0.9566733056082711	-0.01198227535337379	0.34250448285530055
6.379999999999908	-4.213787876032859	0.88352696583962	3.746210963878278	0.9526876883400739	-0.011907345544286923	0.3403626696558135
6.389999999999908	-4.193384007918113	0.8792487799847153	3.730616077060519	0.9487217993883861	-0.011833000444610647	0.3382375699425709
6.399999999999908	-4.173087873418166	0.8749931832008796	3.7150983735224146	0.9447755386853427	-0.011759234588617034	0.33612902748178053
6.409999999999908	-4.152898895987934	0.8707600546008868	3.6996574612763022	0.9408488065457353	-0.011686042570078908	0.33403688774043516
6.419999999999908	-4.132816501854726	0.8665492738788126	3.6842929498440395	0.936941503668237	-0.011613419041530923	0.3319609978651911
6.429999999999907	-4.112840120010676	0.8623607213084487	3.6690044502615473	0.9330535311365583	-0.01154135871354098	0.32990120666154216
6.439999999999907	-4.092969182205077	0.8581942777416932	3.653791575083139	0.9291847904205469	-0.011469856353991776	0.3278573645732832
6.449999999999907	-4.073203122936664	0.8540498246069358	3.6386539383856333	0.925335183377235	-0.011398906787372336	0.325829323662259
6.459999999999907	-4.053541379445824	0.8499272439074219	3.623591155772225	0.9215046122518221	-0.011328504894079399	0.32381693758839514
6.4699999999999065	-4.033983391706744	0.845826418219607	3.608602844376144	0.9176929796786071	-0.01125864560972843	0.32182006159000365
6.479999999999906	-4.014528602419482	0.8417472306914949	3.593688622864111	0.913900188681866	-0.011189323924474274	0.31983855246436443
6.489999999999906	-3.9951764570019974	0.8376895650409653	3.5788481114395747	0.9101261426766755	-0.01112053488234105	0.3178722685485706
6.499999999999906	-3.975926403582103	0.833653305554087	3.5640809318457194	0.9063707454696777	-0.011052273580561421	0.3159210697006424
6.509999999999906	-3.956777892989366	0.8296383370834205	3.549386707368325	0.9026339012598079	-0.010984535168924893	0.3139848172808984
6.519999999999905	-3.9377303787469584	0.8256445450463079	3.5347650628383653	0.898915514638955	-0.010917314849135076	0.3120633741335836
6.529999999999905	-3.918783317063425	0.8216718154231479	3.5202156246344463	0.8952154905925813	-0.010850607874175827	0.3101566045687509
6.539999999999905	-3.899936166824441	0.8177200347556669	3.5057380206850395	0.8915337345002909	-0.010784409547686011	0.3082643743443889
6.549999999999905	-3.8811883895844703	0.81378909014517	3.4913318804705336	0.8878701521363518	-0.010718715223342874	0.30638655064879683
6.559999999999905	-3.8625394495584118	0.80987886925079	3.476996835025084	0.8842246496701646	-0.010653520304253821	0.30452300208319805
6.569999999999904	-3.8439888136131675	0.805989260287719	3.4627325169383014	0.8805971336666943	-0.010588820242356516	0.3026735986445929
6.579999999999904	-3.8255359512591833	0.8021201520254349	3.4485385603567376	0.8769875110868462	-0.010524610537827113	0.3008382117088435
6.589999999999904	-3.8071803346419273	0.7982714337859139	3.4344146009852152	0.8733956892878051	-0.010460886738496608	0.29901671401399005
6.599999999999904	-3.788921438533338	0.7944429954418389	3.4203602760879734	0.8698215760233263	-0.010397644439275067	0.29720897964379345
6.6099999999999035	-3.77075874032321	0.7906347274147918	3.4063752244896404	0.8662650794439827	-0.010334879281583671	0.2954148840115002
6.619999999999903	-3.7526917200105636	0.7868465206734444	3.392459086576056	0.8627261080973746	-0.010272586952794488	0.2936343038438291
6.629999999999903	-3.734719860194942	0.7830782667317343	3.3786115042949123	0.8592045709282922	-0.01021076318567779	0.29186711716517305
6.639999999999903	-3.7168426460676947	0.7793298576470362	3.3648321211562395	0.8557003772788389	-0.010149403757856845	0.2901132032820145
6.649999999999903	-3.699059565403211	0.7756011860183246	3.351120582232742	0.8522134368885175	-0.010088504491270077	0.2883724427675522
6.659999999999902	-3.6813701085501207	0.7718921449843285	3.3374765341599706	0.8487436598942735	-0.010028061251640425	0.2866447174465326
6.669999999999902	-3.6637737684224523	0.768202628221677	3.32389962513635	0.845290956830502	-0.009968069947951906	0.2849299103802882
6.679999999999902	-3.6462700404907644	0.7645325299430407	3.3103895049230485	0.8418552386290151	-0.00990852653193313	0.2832279058519741
6.689999999999902	-3.628858422773242	0.7608817448952643	3.296945824843717	0.8384364166189747	-0.009849426997547794	0.28153858935200404
6.699999999999902	-3.6115384158267605	0.7572501683574931	3.2835682377840727	0.8350344025267874	-0.00979076738049198	0.2798618475636813
6.709999999999901	-3.59430952273791	0.7536376961392905	3.2702563981913415	0.8316491084759623	-0.009732543757698152	0.27819756834902054
6.719999999999901	-3.5771712491140173	0.7500442245787566	3.257009962073578	0.8282804469869383	-0.009674752246845811	0.27654564073476035
6.729999999999901	-3.560123103074101	0.7464696505406304	3.243828586998841	0.8249283309768739	-0.009617389005878638	0.2749059548985612
6.739999999999901	-3.54316459523983	0.742913871414395	3.230711932094225	0.8215926737594019	-0.00956045023252808	0.2732784021553873
6.7499999999999005	-3.5262952387264446	0.7393767851123741	3.2176596580447985	0.8182733890443584	-0.009503932163843262	0.2716628749440698
6.7599999999999	-3.5095145491336557	0.7358582900678224	3.2046714270923724	0.8149703909374704	-0.009447831075727135	0.27005926681404774
6.7699999999999	-3.492822044536511	0.7323582852330124	3.1917469030341787	0.8116835939400185	-0.009392143282478772	0.2684674724122847
6.7799999999999	-3.476217245476253	0.7288766700773158	3.1788857512214093	0.8084129129484672	-0.00933686513634172	0.2668873874703592
6.7899999999999	-3.4596996749511466	0.7254133445852816	3.1660876385576384	0.8051582632540619	-0.009281993027058313	0.2653189087917248
6.7999999999998995	-3.4432688584072864	0.7219682092547078	3.1533522334971456	0.801919560542404	-0.009227523381429865	0.2637619342391387
6.809999999999899	-3.4269243237293856	0.7185411650947104	3.140679206043102	0.7986967208929882	-0.009173452662882659	0.26221636272225557
6.819999999999899	-3.410665601231552	0.7151321136237894	3.128068227745654	0.7954896607787162	-0.009119777371039656	0.2606820941853855
6.829999999999899	-3.3944922236480366	0.7117409568678885	3.1155189716999043	0.7922982970653827	-0.009066494041297786	0.25915902959541104
6.839999999999899	-3.3784037261239708	0.7083675973584539	3.1030311125437766	0.7891225470111328	-0.009013599244410853	0.2576470709298648
6.849999999999898	-3.362399646206092	0.7050119381304886	3.0906043264557863	0.7859623282658948	-0.008961089586077818	0.2561461211651608
6.859999999999898	-3.3464795238334473	0.7016738827206037	3.0782382911527075	0.7828175588707871	-0.00890896170653655	0.2546560842649823
6.869999999999898	-3.3306429013280896	0.6983533351650683	3.0659326858871165	0.7796881572574929	-0.008857212280162804	0.253176865168819
6.879999999999898	-3.3148893233857604	0.6950501999978542	3.0536871914448858	0.7765740422476236	-0.008805838015074497	0.25170836978065486
6.8899999999998975	-3.2992183370665504	0.6917643822486795	3.0415014901425454	0.7734751330520478	-0.008754835652741074	0.2502505049578031
6.899999999999897	-3.283629491785573	0.688495787441052	3.0293752658245463	0.7703913492701948	-0.008704201967598	0.2488031784998859
6.909999999999897	-3.268122339303601	0.6852443215903058	3.017308203860473	0.7673226108893461	-0.008653933766666233	0.2473662991379579
6.919999999999897	-3.252696433717714	0.6820098912016411	3.005299991142128	0.7642688382838939	-0.008604027889176639	0.24593977652377005
6.929999999999897	-3.237351331451922	0.6787924032681579	2.9933503160805373	0.7612299522145798	-0.008554481206199255	0.24452352121917248
6.9399999999998965	-3.2220865912478054	0.6755917652688928	2.9814588686029015	0.7582058738277188	-0.008505290620277372	0.243117444685655
6.949999999999896	-3.2069017741551114	0.6724078851668482	2.969625340149416	0.7551965246543911	-0.0084564530650663	0.24172145927402153
6.959999999999896	-3.1917964435223913	0.6692406714070289	2.9578494236700514	0.752201826609624	-0.008407965504976841	0.2403354782141989
6.969999999999896	-3.176770164987589	0.6660900329144681	2.946130813621232	0.7492217019915457	-0.008359824934823297	0.2389594156051756
6.979999999999896	-3.161822506468652	0.6629558790922598	2.9344692059624475	0.7462560734805248	-0.008312028379476052	0.23759318640507102
6.989999999999895	-3.1469530381541344	0.6598381198195878	2.9228642981527817	0.7433048641382873	-0.00826457289351856	0.23623670642133063
6.999999999999895	-3.132161332493792	0.6567366654497541	2.9113157891473804	0.740367997407018	-0.008217455560908787	0.2348898923010485
7.009999999999895	-3.1174469641891807	0.6536514268082068	2.8998233793938453	0.7374453971084439	-0.008170673494644945	0.233552661521413
7.019999999999895	-3.102809510184248	0.6505823151905686	2.8883867708285345	0.7345369874428931	-0.00812422383643549	0.23222493238027328
7.0299999999998946	-3.0882485496559346	0.6475292423606656	2.877005666872833	0.7316426929883463	-0.008078103756373396	0.23090662398682904
7.039999999999894	-3.0737636640047667	0.6444921205485541	2.865679772429346	0.728762438699469	-0.008032310452614488	0.2295976562524359
7.049999999999894	-3.0593544368454517	0.6414708624485499	2.8544087938779943	0.7258961499066185	-0.007986841151059952	0.22829794988153007
7.059999999999894	-3.045020453997481	0.6384653812172574	2.8431924390721033	0.7230437523148492	-0.007941693105042823	0.22700742636266683
7.069999999999894	-3.0307613034757273	0.6354755904715979	2.8320304173343835	0.7202051720028901	-0.007896863595018472	0.22572600795967349
7.0799999999998935	-3.016576575481052	0.6325014042868403	2.8209224394528825	0.7173803354221163	-0.00785234992825903	0.2244536177029145
7.089999999999893	-3.002465862390915	0.6295427371946326	2.8098682176768643	0.7145691693954996	-0.007808149438551649	0.2231901793806667
7.099999999999893	-2.988428758749984	0.6265995041810324	2.7988674657126333	0.7117716011165481	-0.007764259485900596	0.22193561753060376
7.109999999999893	-2.9744648612607554	0.6236716206845407	2.7879198987193106	0.7089875581482314	-0.007720677456233108	0.22068985743138816
7.119999999999893	-2.9605737687741778	0.6207590025941354	2.7770252333045544	0.7062169684218917	-0.007677400761108936	0.219452825094369
7.129999999999892	-2.946755082280284	0.6178615662473079	2.766183187520227	0.7034597602361425	-0.0076344268374335675	0.21822444725538445
7.139999999999892	-2.933008404898827	0.6149792284280987	2.755393480858013	0.7007158622557549	-0.007591753147175026	0.21700465136666672
7.149999999999892	-2.919333341869922	0.612111906365136	2.7446558342449987	0.6979852035105315	-0.007549377177084257	0.2157933655888496
7.159999999999892	-2.905729500544709	0.6092595177296773	2.7339699700391784	0.6952677133941663	-0.007507296438418978	0.21459051878307475
7.169999999999892	-2.892196490376006	0.6064219806336506	2.7233356120249526	0.6925633216630969	-0.007465508466671028	0.21339604050319833
7.179999999999891	-2.8787339229089803	0.6035992136276972	2.7127524854085454	0.6898719584353418	-0.007424010821297089	0.21220986098809383
7.189999999999891	-2.8653414117718357	0.6007911356992195	2.702220316813408	0.6871935541893295	-0.007382801085452787	0.21103191115405145
7.199999999999891	-2.8520185726665015	0.5979976662704292	2.6917388342755633	0.6845280397627156	-0.007341876865730101	0.2098621225872724
7.209999999999891	-2.8387650233593353	0.5952187251963971	2.6813077672389163	0.6818753463511905	-0.007301235791898031	0.2087004275364557
7.2199999999998905	-2.825580383671833	0.5924542327631056	2.6709268465505285	0.6792354055072761	-0.007260875516646521	0.20754675890547872
7.22999999999989	-2.8124642754713585	0.5897041096855056	2.6605958044558484	0.6766081491391149	-0.007220793715333508	0.20640105024616662
7.23999999999989	-2.799416322661883	0.5869682771055733	2.6503143745939117	0.6739935095092476	-0.00718098808573516	0.20526323575115313
7.24999999999989	-2.7864361511747338	0.5842466565903717	2.640082291992503	0.6713914192333843	-0.00714145634779917	0.20413325024682857
7.25999999999989	-2.773523388959359	0.5815391701301136	2.6298992930632874	0.6688018112791647	-0.007102196243401105	0.20301102918637545
7.269999999999889	-2.760677665974105	0.5788457401362282	2.619765115596904	0.6662246189649118	-0.007063205536103781	0.2018965086428902
7.279999999999889	-2.7478986141770125	0.5761662894394308	2.6096794987580347	0.6636597759583773	-0.0070244820109195815	0.2007896253025892
7.289999999999889	-2.735185867516623	0.5735007412877957	2.599642183080435	0.6611072162754777	-0.006986023474075711	0.19969031645809893
7.299999999999889	-2.722539061922796	0.5708490193448303	2.5896529104619432	0.6585668742790255	-0.006947827752782332	0.1985985200018282
7.309999999999889	-2.7099578352975593	0.5682110476875573	2.5797114241594605	0.6560386846774523	-0.006909892695003567	0.1975141744194223
7.319999999999888	-2.697441827505948	0.5655867508045926	2.5698174687838993	0.6535225825235241	-0.00687221616923126	0.1964372187832964
7.329999999999888	-2.6849906803668913	0.562976053594236	2.5599707902951065	0.6510185032130508	-0.0068347960642615654	0.1953675927462493
7.339999999999888	-2.6726040376440885	0.5603788813625571	2.550171135996773	0.6485263824835908	-0.006797630288974234	0.19430523653515458
7.349999999999888	-2.6602815450369195	0.5577951598214901	2.5404182545312985	0.6460461564131459	-0.0067607167721146	0.19325009094472884
7.3599999999998875	-2.6480228501713654	0.5552248150869294	2.5307118958746586	0.6435777614188553	-0.006724053462078221	0.19220209733137578
7.369999999999887	-2.6358276025909517	0.5526677736768312	2.521051811331229	0.6411211342556795	-0.006687638326698162	0.19116119760710584
7.379999999999887	-2.6236954537477044	0.5501239625093169	2.5114377535285994	0.6386762120150824	-0.0066514693530348385	0.1901273342335292
7.389999999999887	-2.611626056993133	0.5475933089007825	2.501869476412374	0.6362429321237073	-0.006615544547168428	0.18910045021592167
7.399999999999887	-2.599619067569224	0.5450757405640103	2.4923467352409316	0.6338212323420457	-0.006579861933993803	0.18808048909736338
7.4099999999998865	-2.587674142599457	0.5425711856062851	2.4828692865801862	0.6314110507631044	-0.0065444195570179215	0.18706739495294708
7.419999999999886	-2.5757909410798425	0.5400795725275153	2.4734368882983384	0.6290123258110709	-0.006509215478159712	0.18606111238405806
7.429999999999886	-2.563969123869981	0.5376008302183573	2.4640492995605805	0.6266249962399666	-0.0064742477775523236	0.18506158651272178
7.439999999999886	-2.5522083536841405	0.535134887958346	2.4547062808238085	0.6242490011323022	-0.006439514553347807	0.18406876297602048
7.449999999999886	-2.5405082950823457	0.5326816754140254	2.4454075938313315	0.6218842798977325	-0.0064050139215241254	0.1830825879205771
7.459999999999885	-2.5288686144615125	0.5302411226370904	2.4361530016075235	0.6195307722716958	-0.006370744015694478	0.1821030079971047
7.469999999999885	-2.517288980046574	0.5278131600625257	2.4269422684525215	0.6171884183140661	-0.006336702986918949	0.18112997035502265
7.479999999999885	-2.505769061881653	0.5253977185067548	2.4177751599368524	0.6148571584077863	-0.006302889003518377	0.18016342263713617
7.489999999999885	-2.494308531821243	0.5229947291657913	2.4086514428961014	0.6125369332575125	-0.006269300250890486	0.17920331297438072
7.4999999999998845	-2.482907063521415	0.5206041236133953	2.399570885425531	0.6102276838882454	-0.006235934931328189	0.17824958998062823
