0	27.36	10.	0.	0	-7.25	3.6487498646494596
0.01	27.33894900926287	9.96888888888889	0.	0	-7.249468613950598	3.6484824308872765
0.02	27.300542452010504	9.937777777777779	0.	0	-7.248497214678258	3.647993549099211
0.03	27.250967859349135	9.906666666666666	0.	0	-7.247239686041547	3.6473606653139705
0.04	27.192494235509265	9.875555555555556	0.	0	-7.245751091559909	3.646611491670744
0.05	27.126471954174786	9.844444444444445	0.	0	-7.24406335306973	3.6457620936586608
0.060000000000000005	27.053841346212412	9.813333333333333	0.	0	-7.24219808437192	3.6448233489816033
0.07	26.975315822866506	9.782222222222224	0.	0	-7.240171214187347	3.6438032741799993
0.08	26.8914669834169	9.751111111111111	0.	0	-7.237995136065118	3.6427081066277305
0.09	26.802770403315076	9.72	0.	0	-7.235679865977244	3.6415428871215574
0.09999999999999999	26.709632782053486	9.68888888888889	0.	0	-7.233233729313621	3.640311805629101
0.10999999999999999	26.612409204445317	9.657777777777778	0.	0	-7.230663798144615	3.63901842135254
0.11999999999999998	26.51141471297242	9.626666666666669	0.	0	-7.227976184679129	3.6376658104189645
0.12999999999999998	26.406932396673003	9.595555555555556	0.	0	-7.225176246584292	3.636256669212817
0.13999999999999999	26.299219239666257	9.564444444444446	0.	0	-7.222268735551071	3.6347933891453788
0.15	26.188510470251803	9.533333333333335	0.	0	-7.219257907818969	3.6332781122791733
0.16	26.07502287282708	9.502222222222223	0.	0	-7.2161476083397575	3.6317127736855466
0.17	25.958957362161573	9.471111111111112	0.	0	-7.21294133615367	3.6300991343469238
0.18000000000000002	25.840501020470747	9.440000000000001	0.	0	-7.209642296049913	3.6284388071562956
0.19000000000000003	25.719828735165265	9.408888888888889	0.	0	-7.2062534400035725	3.6267332777714123
0.20000000000000004	25.597104534404245	9.377777777777778	0.	0	-7.20277750085194	3.624983921563267
0.21000000000000005	25.472482690319193	9.346666666666668	0.	0	-7.199217019984576	3.6231920175518355
0.22000000000000006	25.346108641098347	9.315555555555555	0.	0	-7.195574370349343	3.6213587599844534
0.23000000000000007	25.21811977005385	9.284444444444446	0.	0	-7.1918517757462475	3.6194852680459446
0.24000000000000007	25.088646070479943	9.253333333333334	0.	0	-7.18805132714532	3.6175725940710146
0.25000000000000006	24.95781071835804	9.222222222222223	0.	0	-7.18417499659371	3.615621730543356
0.26000000000000006	24.825730569995596	9.191111111111113	0.	0	-7.180224649151326	3.6136336161025677
0.2700000000000001	24.692516597978578	9.16	0.	0	-7.17620205320027	3.611609140732643
0.2800000000000001	24.558274276016473	9.12888888888889	0.	0	-7.172108889402154	3.609549150269972
0.2900000000000001	24.42310392111937	9.097777777777779	0.	0	-7.167946758523013	3.6074544503414314
0.3000000000000001	24.28710099989476	9.066666666666666	0.	0	-7.1637171883033295	3.6053258098219008
0.3100000000000001	24.150356404463956	9.035555555555556	0.	0	-7.159421639517906	3.603163963884051
0.3200000000000001	24.01295670248614	9.004444444444445	0.	0	-7.155061511344314	3.6009696167001555
0.3300000000000001	23.874984364975475	8.973333333333333	0.	0	-7.150638146138093	3.5987434438453283
0.34000000000000014	23.73651797495605	8.942222222222224	0.	0	-7.146152833696331	3.5964860944432884
0.35000000000000014	23.59763241948427	8.911111111111111	0.	0	-7.141606815077989	3.59419819308903
0.36000000000000015	23.45839906715138	8.879999999999999	0.	0	-7.13700128603841	3.5918803415773337
0.37000000000000016	23.318885932839613	8.84888888888889	0.	0	-7.132337400126715	3.589533120461604
0.38000000000000017	23.17915783122738	8.817777777777778	0.	0	-7.127616271487366	3.587157090463836
0.3900000000000002	23.039276520310747	8.786666666666667	0.	0	-7.122838977401298	3.584752793753501
0.4000000000000002	22.899300836019307	8.755555555555556	0.	0	-7.118006560596841	3.5823207551105782
0.4100000000000002	22.759286818847848	8.724444444444444	0.	0	-7.113120031356589	3.5798614829858915
0.4200000000000002	22.61928783329429	8.693333333333333	0.	0	-7.108180369442772	3.5773754704701055
0.4300000000000002	22.47935468078508	8.662222222222223	0.	0	-7.103188525860732	3.5748631961812336
0.4400000000000002	22.339535706677093	8.63111111111111	0.	0	-7.09814542447758	3.572325125079276
0.45000000000000023	22.199876901847706	8.6	0.	0	-7.093051963510959	3.569761709215475
0.46000000000000024	22.060421999318923	8.568888888888889	0.	0	-7.087909016901001	3.5671733884227885
0.47000000000000025	21.92121256630609	8.537777777777777	0.	0	-7.0827174355770035	3.5645605909533735
0.48000000000000026	21.782288092034058	8.506666666666668	0.	0	-7.077478048628969	3.561923734068203
0.49000000000000027	21.643686071623513	8.475555555555555	0.	0	-7.072191664392998	3.5592632245833085
0.5000000000000002	21.50544208631543	8.444444444444445	0.	0	-7.066859071458525	3.5565794593767035
0.5100000000000002	21.36758988027211	8.413333333333334	0.	0	-7.061481039604464	3.553872825859519
0.5200000000000002	21.230161434167492	8.382222222222222	0.	0	-7.056058320670593	3.5511437024145547
0.5300000000000002	21.09318703575773	8.351111111111111	0.	0	-7.050591649369839	3.5483924588050773
0.5400000000000003	20.956695347603706	8.32	0.	0	-7.045081744046496	3.5456194565564183
0.5500000000000003	20.82071347210083	8.288888888888888	0.	0	-7.039529307384947	3.5428250493126527
0.5600000000000003	20.68526701395707	8.257777777777777	0.	0	-7.03393502707295	3.540009583170417
0.5700000000000003	20.55038014024766	8.226666666666667	0.	0	-7.028299576423171	3.5371733969917103
0.5800000000000003	20.41607563816403	8.195555555555554	0.	0	-7.022623614956313	3.5343168226973716
0.5900000000000003	20.282374970564977	8.164444444444444	0.	0	-7.016907788948808	3.5314401855427175
0.6000000000000003	20.149298329429545	8.133333333333333	0.	0	-7.0111527319478295	3.5285438043767354
0.6100000000000003	20.01686468730398	8.102222222222222	0.	0	-7.005359065256073	3.5256279918860636
0.6200000000000003	19.885091846828193	8.071111111111112	0.	0	-6.999527398388593	3.5226930548249054
0.6300000000000003	19.753996488421723	8.04	0.	0	-6.993658329503683	3.5197392942318797
0.6400000000000003	19.623594216203806	8.008888888888889	0.	0	-6.987752445809739	3.5167670056347884
0.6500000000000004	19.493899602217684	7.977777777777778	0.	0	-6.98181032394975	3.5137764792441173
0.6600000000000004	19.3649262290251	7.946666666666665	0.	0	-6.975832530365024	3.5107680001360935
0.6700000000000004	19.236686730733197	7.915555555555555	0.	0	-6.969819621639561	3.507741848426
0.6800000000000004	19.10919283251286	7.884444444444444	0.	0	-6.96377214482637	3.504698299432399
0.6900000000000004	18.982455388664313	7.853333333333333	0.	0	-6.9576906377569765	3.5016376238329077
0.7000000000000004	18.856484419283106	7.822222222222221	0.	0	-6.951575629335193	3.498560087812037
0.7100000000000004	18.731289145577275	7.79111111111111	0.	0	-6.945427639816192	3.4954659532016477
0.7200000000000004	18.606878023883844	7.76	0.	0	-6.939247181071825	3.492355477614478
0.7300000000000004	18.483258778431058	7.728888888888888	0.	0	-6.933034756843036	3.4892289145711763
0.7400000000000004	18.36043843289052	7.697777777777777	0.	0	-6.926790862980217	3.4860865136212666
0.7500000000000004	18.23842334076181	7.666666666666666	0.	0	-6.9205159876721885	3.482928520458389
0.7600000000000005	18.117219214630257	7.6355555555555545	0.	0	-6.9142106116645605	3.4797551770301967
0.7700000000000005	17.996831154337208	7.604444444444443	0.	0	-6.90787520846805	3.4765667216431937
0.7800000000000005	17.877263674100465	7.573333333333332	0.	0	-6.901510244557398	3.4733633890628504
0.7900000000000005	17.75852072862121	7.542222222222222	0.	0	-6.895116179561409	3.47014541060924
0.8000000000000005	17.640605738212617	7.51111111111111	0.	0	-6.888693466444624	3.4669130142484743
0.8100000000000005	17.5235216129838	7.479999999999999	0.	0	-6.8822425516811325	3.463666424680177
0.8200000000000005	17.40727077611178	7.448888888888888	0.	0	-6.875763875420913	3.4604058634212
0.8300000000000005	17.29185518623312	7.417777777777777	0.	0	-6.869257871649188	3.4571315488858216
0.8400000000000005	17.17727635898544	7.386666666666665	0.	0	-6.862724968339116	3.4538436964625956
0.8500000000000005	17.063535387728457	7.355555555555554	0.	0	-6.856165587598211	3.450542518588035
0.8600000000000005	16.950632963472888	7.324444444444444	0.	0	-6.849580145808835	3.4472282248173256
0.8700000000000006	16.83856939404478	7.293333333333332	0.	0	-6.84296905376305	3.4439010218921893
0.8800000000000006	16.727344622511847	7.262222222222221	0.	0	-6.836332716792152	3.4405611138060745
0.8900000000000006	16.61695824489761	7.23111111111111	0.	0	-6.829671534891164	3.4372087018668136
0.9000000000000006	16.507409527208164	7.199999999999999	0.	0	-6.822985902838504	3.43384398475685
0.9100000000000006	16.398697421795802	7.168888888888888	0.	0	-6.816276210311152	3.4304671585911928
0.9200000000000006	16.290820583082652	7.137777777777776	0.	0	-6.809542841995459	3.4270784169731905
0.9300000000000006	16.183777382667063	7.106666666666666	0.	0	-6.802786177693868	3.4236779510482367
0.9400000000000006	16.077565923834428	7.075555555555554	0.	0	-6.79600659242774	3.420265949555524
0.9500000000000006	15.97218405549368	7.0444444444444425	0.	0	-6.78920445653645	3.4168425988779147
0.9600000000000006	15.867629385559828	7.013333333333332	0.	0	-6.78238013577297	3.413408083090043
0.9700000000000006	15.763899293802377	6.982222222222221	0.	0	-6.775533991396072	3.409962584004722
0.9800000000000006	15.660990944178693	6.95111111111111	0.	0	-6.768666380259343	3.406506281217742
0.9900000000000007	15.558901296670875	6.919999999999998	0.	0	-6.761777654897127	3.4030393521511217
1.0000000000000007	15.457627118644059	6.8888888888888875	0.	0	-6.754868163607564	3.3995619720949026
1.0100000000000007	15.357164995743362	6.857777777777777	0.	0	-6.747938250532856	3.3960743142475405
1.0200000000000007	15.257511342346348	6.826666666666664	0.	0	-6.740988255736857	3.3925765497549594
1.0300000000000007	15.1586624115871	6.795555555555554	0.	0	-6.734018515280162	3.3890688477483377
1.0400000000000007	15.060614304967624	6.764444444444443	0.	0	-6.727029361292747	3.3855513753806687
1.0500000000000007	14.963362981571661	6.733333333333332	0.	0	-6.720021122044308	3.3820242978621624
1.0600000000000007	14.86690426689558	6.70222222222222	0.	0	-6.712994122012386	3.378487778494526
1.0700000000000007	14.771233861310435	6.671111111111109	0.	0	-6.705948681948375	3.3749419787041877
1.0800000000000007	14.676347348168932	6.639999999999999	0.	0	-6.698885118941504	3.3713870580744953
1.0900000000000007	14.582240201570368	6.608888888888887	0.	0	-6.69180374648088	3.3678231743769462
1.1000000000000008	14.488907793796447	6.577777777777776	0.	0	-6.684704874515671	3.3642504836014675
1.1100000000000008	14.396345402430152	6.546666666666665	0.	0	-6.67758880951352	3.3606691399858213
1.1200000000000008	14.304548217169652	6.5155555555555535	0.	0	-6.670455854517227	3.3570792960441285
1.1300000000000008	14.21351134634867	6.484444444444442	0.	0	-6.663306309199831	3.3534811025945896
1.1400000000000008	14.123229823174437	6.453333333333331	0.	0	-6.656140469918084	3.3498747087864
1.1500000000000008	14.033698611693925	6.422222222222221	0.	0	-6.648958629764452	3.346260262125917
1.1600000000000008	13.944912612498662	6.391111111111109	0.	0	-6.641761078617652	3.3426379085020974
1.1700000000000008	13.856866668178139	6.359999999999998	0.	0	-6.634548103191798	3.3390077922112282
1.1800000000000008	13.769555568531379	6.328888888888887	0.	0	-6.627319987084225	3.335370055980997
1.1900000000000008	13.682974055546012	6.2977777777777755	0.	0	-6.620077010822019	3.331724840993909
1.2000000000000008	13.597116828153743	6.266666666666665	0.	0	-6.612819451907328	3.328072286910093
1.2100000000000009	13.511978546770898	6.235555555555553	0.	0	-6.605547584861469	3.324412531889497
1.2200000000000009	13.42755383763232	6.204444444444443	0.	0	-6.5982616812679105	3.320745712613518
1.2300000000000009	13.343837296926754	6.173333333333331	0.	0	-6.59096200981415	3.317071964306084
1.2400000000000009	13.260823494741288	6.14222222222222	0.	0	-6.583648836332538	3.3133914207541957
1.2500000000000009	13.178506978822517	6.111111111111109	0.	0	-6.576322423840081	3.309704214327959
1.260000000000001	13.096882278161457	6.079999999999997	0.	0	-6.568983032577271	3.3060104760001265
1.270000000000001	13.01594390640925	6.048888888888887	0.	0	-6.56163092004596	3.30231033536516
1.280000000000001	12.935686365130294	6.017777777777775	0.	0	-6.554266341046334	3.298603920657838
1.290000000000001	12.856104146899236	5.986666666666665	0.	0	-6.546889547713009	3.2948913587714213
1.300000000000001	12.777191738248067	5.955555555555553	0.	0	-6.539500789550272	3.2911727752753914
1.310000000000001	12.698943622469276	5.9244444444444415	0.	0	-6.532100313466512	3.2874482944327768
1.320000000000001	12.621354282280794	5.893333333333331	0.	0	-6.524688363807864	3.2837180392170824
1.330000000000001	12.544418202358328	5.86222222222222	0.	0	-6.517265182391087	3.2799821313288438
1.340000000000001	12.468129871740375	5.831111111111109	0.	0	-6.5098310085357145	3.276240691211799
1.350000000000001	12.392483786111091	5.799999999999997	0.	0	-6.5023860790954835	3.2724938380687143
1.360000000000001	12.317474449965973	5.7688888888888865	0.	0	-6.49493062848909	3.2687416898768547
1.370000000000001	12.243096378665033	5.737777777777775	0.	0	-6.487464888730284	3.264984363403138
1.380000000000001	12.16934410037824	5.706666666666664	0.	0	-6.479989089457299	3.2612219742189374
1.390000000000001	12.096212157927399	5.675555555555553	0.	0	-6.472503457961699	3.257454636714608
1.400000000000001	12.023695110528944	5.644444444444442	0.	0	-6.465008219216597	3.253682464113683
1.410000000000001	11.951787535441587	5.613333333333331	0.	0	-6.457503595904304	3.24990556848679
1.420000000000001	11.880484029522854	5.582222222222219	0.	0	-6.449989808443423	3.2461240607652875
1.430000000000001	11.809779210698192	5.551111111111108	0.	0	-6.4424670750153865	3.24233805075462
1.440000000000001	11.739667719346414	5.519999999999997	0.	0	-6.434935611590481	3.238547647147415
1.450000000000001	11.670144219604891	5.488888888888886	0.	0	-6.427395631953354	3.2347529575363216
1.460000000000001	11.601203400597887	5.457777777777775	0.	0	-6.419847347728027	3.2309540884265973
1.470000000000001	11.532839977591316	5.426666666666664	0.	0	-6.41229096840244	3.227151145248463
1.480000000000001	11.465048693076984	5.3955555555555526	0.	0	-6.404726701352515	3.223344232369209
1.490000000000001	11.39782431778936	5.364444444444442	0.	0	-6.3971547518657905	3.2195334531050968
1.500000000000001	11.331161651657725	5.33333333333333	0.	0	-6.389575323164599	3.2157189097330146
1.5100000000000011	11.265055524696495	5.30222222222222	0.	0	-6.381988616428842	3.2119007035019487
1.5200000000000011	11.199500797836363	5.271111111111108	0.	0	-6.374394830818336	3.2080789346442233
1.5300000000000011	11.134492363698858	5.239999999999997	0.	0	-6.366794163494772	3.2042537023865543
1.5400000000000011	11.070025147316704	5.208888888888886	0.	0	-6.359186809643283	3.200425104960905
1.5500000000000012	11.00609410680246	5.1777777777777745	0.	0	-6.351572962493644	3.196593239615152
1.5600000000000012	10.942694233967602	5.146666666666664	0.	0	-6.343952813341084	3.192758202623564
1.5700000000000012	10.879820554894309	5.115555555555552	0.	0	-6.3363265515667795	3.188920089297112
1.5800000000000012	10.817468130462014	5.084444444444442	0.	0	-6.328694364657972	3.185078993993596
1.5900000000000012	10.755632056830743	5.05333333333333	0.	0	-6.321056438227764	3.1812350101276072
1.6000000000000012	10.694307465883204	5.022222222222219	0.	0	-6.3134129560345915	3.1773882301803256
1.6100000000000012	10.63348952562743	4.991111111111108	0.	0	-6.305764100001371	3.173538745709162
1.6200000000000012	10.573173440561837	4.959999999999996	0.	0	-6.298110050234346	3.1696866473572376
1.6300000000000012	10.513354452004357	4.928888888888886	0.	0	-6.290450985041635	3.1658320248627208
1.6400000000000012	10.454027838387313	4.897777777777774	0.	0	-6.282787080951475	3.1619749670680095
1.6500000000000012	10.395188915519611	4.866666666666664	0.	0	-6.275118512730199	3.158115561928777
1.6600000000000013	10.336833036817808	4.835555555555552	0.	0	-6.267445453399924	3.1542538965228752
1.6700000000000013	10.27895559350743	4.804444444444441	0.	0	-6.2597680742559705	3.150390057059101
1.6800000000000013	10.221552014796044	4.77333333333333	0.	0	-6.252086544884029	3.1465241288858357
1.6900000000000013	10.16461776801934	4.742222222222218	0.	0	-6.244401033177062	3.142656196499552
1.7000000000000013	10.108148358761575	4.711111111111108	0.	0	-6.236711705351955	3.138786343553193
1.7100000000000013	10.05213933095156	4.679999999999996	0.	0	-6.22901872596594	3.134914652864438
1.7200000000000013	9.99658626693543	4.6488888888888855	0.	0	-6.2213222579327585	3.131041206423838
1.7300000000000013	9.941484787527326	4.617777777777774	0.	0	-6.213622462538613	3.1271660854028425
1.7400000000000013	9.886830552039015	4.586666666666663	0.	0	-6.205919499457886	3.1232893701617113
1.7500000000000013	9.832619258289624	4.555555555555552	0.	0	-6.198213526768642	3.119411140257315
1.7600000000000013	9.778846642596351	4.524444444444441	0.	0	-6.190504700967903	3.115531474450825
1.7700000000000014	9.725508479747251	4.49333333333333	0.	0	-6.1827931769867375	3.1116504507153047
1.7800000000000014	9.672600582956893	4.462222222222218	0.	0	-6.175079108205118	3.1077681462431905
1.7900000000000014	9.620118803805886	4.4311111111111074	0.	0	-6.167362646466603	3.1038846374536755
1.8000000000000014	9.568059032165054	4.399999999999998	0.	0	-6.159643942092808	3.099999999999999
1.8100000000000014	9.516417196105092	4.379999999999997	0.	0	-6.15192314389769	3.0949999999999993
1.8200000000000014	9.465189261792508	4.359999999999998	0.	0	-6.144200399201649	3.0899999999999994
1.8300000000000014	9.414371233372554	4.339999999999998	0.	0	-6.136475853845446	3.0849999999999995
1.8400000000000014	9.3639591528399	4.319999999999998	0.	0	-6.128749652203939	3.079999999999999
1.8500000000000014	9.31394909989772	4.299999999999997	0.	0	-6.121021937199648	3.0749999999999993
1.8600000000000014	9.264337191805854	4.279999999999998	0.	0	-6.113292850316158	3.0699999999999994
1.8700000000000014	9.215119583218673	4.259999999999998	0.	0	-6.105562531611332	3.0649999999999995
1.8800000000000014	9.166292466013246	4.2399999999999975	0.	0	-6.097831119730389	3.059999999999999
1.8900000000000015	9.117852069108396	4.219999999999997	0.	0	-6.090098751918805	3.0549999999999993
1.9000000000000015	9.069794658275189	4.1999999999999975	0.	0	-6.08236556403506	3.0499999999999994
1.9100000000000015	9.022116535939391	4.179999999999998	0.	0	-6.074631690563239	3.0449999999999995
1.9200000000000015	8.97481404097639	4.1599999999999975	0.	0	-6.0668972646254735	3.039999999999999
1.9300000000000015	8.927883548499079	4.139999999999997	0.	0	-6.05916241799425	3.0349999999999993
1.9400000000000015	8.881321469639163	4.119999999999997	0.	0	-6.051427281104552	3.0299999999999994
1.9500000000000015	8.835124251322311	4.099999999999998	0.	0	-6.043691983065894	3.0249999999999995
1.9600000000000015	8.789288376037616	4.079999999999997	0.	0	-6.035956651674182	3.019999999999999
1.9700000000000015	8.743810361601724	4.059999999999997	0.	0	-6.028221413423461	3.0149999999999992
1.9800000000000015	8.698686760918058	4.039999999999997	0.	0	-6.0204863935175315	3.0099999999999993
1.9900000000000015	8.653914161731477	4.019999999999998	0.	0	-6.012751715881418	3.0049999999999994
2.0000000000000013	8.609489186378743	3.999999999999998	0.	0	-6.005017503172729	2.9999999999999996
2.010000000000001	8.56540849153513	3.979999999999998	0.	0	-5.997283876792875	2.9949999999999997
2.020000000000001	8.521668767957488	3.9599999999999986	0.	0	-5.98955095689818	2.9899999999999998
2.0300000000000007	8.478266740224072	3.939999999999999	0.	0	-5.98181886241086	2.985
2.0400000000000005	8.435199166471447	3.9199999999999995	0.	0	-5.974087711029886	2.98
2.0500000000000003	8.392462838128736	3.9	0.	0	-5.966357619241736	2.975
2.06	8.350054579649456	3.8800000000000003	0.	0	-5.958628702331027	2.97
2.07	8.307971248241248	3.8600000000000008	0.	0	-5.950901074391038	2.9650000000000003
2.0799999999999996	8.266209733593707	3.840000000000001	0.	0	-5.943174848334117	2.9600000000000004
2.0899999999999994	8.224766957604537	3.8200000000000016	0.	0	-5.9354501359019896	2.9550000000000005
2.099999999999999	8.183639874104296	3.800000000000002	0.	0	-5.927727047675954	2.9500000000000006
2.109999999999999	8.142825468579888	3.7800000000000025	0.	0	-5.920005693086973	2.9450000000000007
2.1199999999999988	8.102320757897042	3.760000000000003	0.	0	-5.912286180425667	2.940000000000001
2.1299999999999986	8.06212279002195	3.7400000000000033	0.	0	-5.904568616852196	2.935000000000001
2.1399999999999983	8.022228643742237	3.7200000000000037	0.	0	-5.896853108406054	2.930000000000001
2.149999999999998	7.98263542838747	3.700000000000004	0.	0	-5.889139760015758	2.925000000000001
2.159999999999998	7.9433402835493325	3.6800000000000046	0.	0	-5.88142867550845	2.9200000000000013
2.1699999999999977	7.904340378801633	3.660000000000005	0.	0	-5.8737199576193815	2.9150000000000014
2.1799999999999975	7.865632913420299	3.6400000000000055	0.	0	-5.866013708001339	2.9100000000000015
2.1899999999999973	7.827215116103509	3.620000000000006	0.	0	-5.85831002723395	2.9050000000000016
2.199999999999997	7.789084244692055	3.5999999999999988	0.	0	-5.85060901483291	2.9
2.209999999999997	7.751237585890111	3.6049999999999986	0.	0	-5.842910769259119	2.9
2.2199999999999966	7.713672454986498	3.6099999999999985	0.	0	-5.835215387927734	2.9
2.2299999999999964	7.676386195576549	3.614999999999998	0.	0	-5.827522967217126	2.9
2.239999999999996	7.6393761792847235	3.619999999999998	0.	0	-5.819833602477765	2.9
2.249999999999996	7.60263980548803	3.624999999999998	0.	0	-5.812147388041009	2.9
2.259999999999996	7.566174501040365	3.6299999999999977	0.	0	-5.80446441722782	2.9
2.2699999999999956	7.52997771999787	3.6349999999999976	0.	0	-5.796784782357391	2.9
2.2799999999999954	7.494046943345388	3.6399999999999975	0.	0	-5.789108574755704	2.9
2.289999999999995	7.458379678724079	3.6449999999999974	0.	0	-5.781435884763991	2.9
2.299999999999995	7.42297346016031	3.6499999999999972	0.	0	-5.773766801747141	2.9
2.3099999999999947	7.38782584779584	3.654999999999997	0.	0	-5.766101414102005	2.9
2.3199999999999945	7.352934427619421	3.659999999999997	0.	0	-5.758439809265648	2.9
2.3299999999999943	7.318296811199831	3.664999999999997	0.	0	-5.750782073723512	2.9
2.339999999999994	7.283910635420433	3.669999999999997	0.	0	-5.743128293017511	2.9
2.349999999999994	7.249773562215279	3.6749999999999967	0.	0	-5.735478551754049	2.9
2.3599999999999937	7.215883278306858	3.6799999999999966	0.	0	-5.727832933611972	2.9
2.3699999999999934	7.182237494945485	3.6849999999999965	0.	0	-5.720191521350449	2.9
2.3799999999999932	7.148833947650417	3.6899999999999964	0.	0	-5.712554396816775	2.9
2.389999999999993	7.1156703959527015	3.6949999999999963	0.	0	-5.704921640954119	2.9
2.399999999999993	7.082744623139841	3.699999999999996	0.	0	-5.697293333809189	2.9
2.4099999999999926	7.050054436002248	3.704999999999996	0.	0	-5.689669554539841	2.9
2.4199999999999924	7.017597664581597	3.709999999999996	0.	0	-5.6820503814226155	2.9
2.429999999999992	6.9853721619210285	3.714999999999996	0.	0	-5.674435891860211	2.9
2.439999999999992	6.953375803817297	3.7199999999999958	0.	0	-5.666826162388897	2.9
2.4499999999999917	6.921606488574838	3.7249999999999956	0.	0	-5.6592212686858545	2.9
2.4599999999999915	6.89006213676182	3.7299999999999955	0.	0	-5.651621285576453	2.9
2.4699999999999913	6.858740690968164	3.7349999999999954	0.	0	-5.64402628704148	2.9
2.479999999999991	6.827640115565572	3.7399999999999953	0.	0	-5.636436346224293	2.9
2.489999999999991	6.796758396469589	3.744999999999995	0.	0	-5.6288515354379145	2.9
2.4999999999999907	6.7660935409036815	3.749999999999995	0.	0	-5.621271926172072	2.9
2.5099999999999905	6.735643577165373	3.754999999999995	0.	0	-5.613697589100175	2.9
2.5199999999999902	6.705406554394444	3.759999999999995	0.	0	-5.60612859408623	2.9
2.52999999999999	6.6753805423431904	3.764999999999995	0.	0	-5.598565010191703	2.9
2.53999999999999	6.645563631148775	3.7699999999999947	0.	0	-5.591006905682327	2.9
2.5499999999999896	6.61595393110765	3.7749999999999946	0.	0	-5.5834543480348335	2.9
2.5599999999999894	6.586549572452076	3.7799999999999945	0.	0	-5.575907403943659	2.9
2.569999999999989	6.5573487051287325	3.7849999999999944	0.	0	-5.568366139327567	2.9
2.579999999999989	6.528349498579429	3.7899999999999943	0.	0	-5.560830619336235	2.9
2.5899999999999888	6.499550141523912	3.794999999999994	0.	0	-5.553300908356773	2.9
2.5999999999999885	6.470948841744763	3.8000000000000083	0.	0	-5.545777070020195	2.899999999999996
2.6099999999999883	6.442543825874408	3.792727272727281	0.	0	-5.538259167207842	2.9036363636363594
2.619999999999988	6.414333339184213	3.785454545454554	0.	0	-5.530747262057744	2.907272727272723
2.629999999999988	6.386315645375678	3.7781818181818267	0.	0	-5.523241415970927	2.9109090909090862
2.6399999999999877	6.358489026373711	3.7709090909091	0.	0	-5.515741689617682	2.91454545454545
2.6499999999999875	6.3308517821219965	3.7636363636363726	0.	0	-5.508248142943775	2.9181818181818135
2.6599999999999873	6.303402230380446	3.7563636363636457	0.	0	-5.500760835176597	2.921818181818177
2.669999999999987	6.276138706524704	3.7490909090909184	0.	0	-5.493279824831286	2.9254545454545404
2.679999999999987	6.249059563347744	3.7418181818181915	0.	0	-5.48580516971678	2.9290909090909043
2.6899999999999866	6.222163170863498	3.734545454545464	0.	0	-5.47833692694183	2.9327272727272677
2.6999999999999864	6.195447916112559	3.7272727272727373	0.	0	-5.470875152920957	2.936363636363631
2.709999999999986	6.168912202969913	3.72000000000001	0.	0	-5.4634199033803785	2.939999999999995
2.719999999999986	6.142554451954698	3.7127272727272826	0.	0	-5.45597123336386	2.9436363636363585
2.7299999999999858	6.116373100041996	3.7054545454545558	0.	0	-5.448529197238549	2.947272727272722
2.7399999999999856	6.090366600476635	3.6981818181818285	0.	0	-5.441093848700737	2.950909090909086
2.7499999999999853	6.064533422588974	3.6909090909091016	0.	0	-5.433665240781593	2.9545454545454493
2.759999999999985	6.038872051612701	3.6836363636363743	0.	0	-5.426243425852841	2.9581818181818127
2.769999999999985	6.013380988504589	3.6763636363636474	0.	0	-5.418828455632398	2.961818181818176
2.7799999999999847	5.988058749766226	3.66909090909092	0.	0	-5.411420381189961	2.96545454545454
2.7899999999999845	5.962903867267693	3.6618181818181927	0.	0	-5.404019252952556	2.9690909090909035
2.7999999999999843	5.937914888073175	3.654545454545466	0.	0	-5.3966251207100395	2.972727272727267
2.809999999999984	5.913090374268508	3.6472727272727385	0.	0	-5.389238033620558	2.9763636363636303
2.819999999999984	5.888428902790627	3.6400000000000117	0.	0	-5.38185804021596	2.979999999999994
2.8299999999999836	5.863929065258916	3.6327272727272844	0.	0	-5.374485188407168	2.9836363636363576
2.8399999999999834	5.839589467808439	3.6254545454545575	0.	0	-5.367119525489512	2.987272727272721
2.849999999999983	5.81540873092504	3.61818181818183	0.	0	-5.359761098148017	2.990909090909085
2.859999999999983	5.7913854892823045	3.6109090909091033	0.	0	-5.352409952462641	2.9945454545454484
2.869999999999983	5.767518391580333	3.603636363636376	0.	0	-5.345066133913488	2.998181818181812
2.8799999999999826	5.743806100386381	3.596363636363649	0.	0	-5.337729687385969	3.0018181818181753
2.8899999999999824	5.7202472919772696	3.5890909090909218	0.	0	-5.33040065717592	3.005454545454539
2.899999999999982	5.696840656183601	3.5818181818181944	0.	0	-5.32307908699469	3.0090909090909026
2.909999999999982	5.673584896235769	3.5745454545454676	0.	0	-5.315765019974183	3.012727272727266
2.9199999999999817	5.6504787286116995	3.5672727272727403	0.	0	-5.308458498671855	3.01636363636363
2.9299999999999815	5.62752088288637	3.5600000000000134	0.	0	-5.301159565075685	3.0199999999999934
2.9399999999999813	5.604710101583028	3.552727272727286	0.	0	-5.293868260609096	3.023636363636357
2.949999999999981	5.582045140026159	3.545454545454559	0.	0	-5.286584626135839	3.0272727272727202
2.959999999999981	5.559524766196115	3.538181818181832	0.	0	-5.279308701964841	3.030909090909084
2.9699999999999807	5.537147760585466	3.530909090909105	0.	0	-5.272040527855025	3.0345454545454476
2.9799999999999804	5.514912916056976	3.5236363636363777	0.	0	-5.264780143020065	3.038181818181811
2.9899999999999802	5.492819037703264	3.516363636363651	0.	0	-5.257527586133132	3.041818181818175
2.99999999999998	5.470864942708089	3.5090909090909235	0.	0	-5.2502828953315905	3.0454545454545383
3.00999999999998	5.44904946020924	3.501818181818196	0.	0	-5.243046108221659	3.0490909090909017
3.0199999999999796	5.427371431163049	3.4945454545454693	0.	0	-5.235817261883033	3.052727272727265
3.0299999999999794	5.405829708210473	3.487272727272742	0.	0	-5.228596392873476	3.056363636363629
3.039999999999979	5.384423155544764	3.480000000000015	0.	0	-5.221383537233369	3.0599999999999925
3.049999999999979	5.363150648780673	3.4727272727272878	0.	0	-5.214178730490233	3.063636363636356
3.0599999999999787	5.342011074825206	3.465454545454561	0.	0	-5.206982007663207	3.06727272727272
3.0699999999999785	5.3210033317499015	3.4581818181818336	0.	0	-5.1997934032674955	3.0709090909090833
3.0799999999999783	5.300126328664609	3.4509090909091067	0.	0	-5.192612951318786	3.0745454545454467
3.089999999999978	5.279378985592756	3.4436363636363794	0.	0	-5.185440685337618	3.07818181818181
3.099999999999978	5.2587602333481	3.4363636363636525	0.	0	-5.1782766383537355	3.081818181818174
3.1099999999999777	5.238269013412932	3.429090909090925	0.	0	-5.171120842910397	3.0854545454545375
3.1199999999999775	5.217904277817717	3.421818181818198	0.	0	-5.163973331068647	3.089090909090901
3.1299999999999772	5.1976649890221776	3.414545454545471	0.	0	-5.1568341344115565	3.0927272727272648
3.139999999999977	5.177550119797776	3.4072727272727437	0.	0	-5.149703284048452	3.096363636363628
3.149999999999977	5.1575586531115984	3.3999999999999972	0.	0	-5.1425808106190685	3.099999999999992
3.1599999999999766	5.1376895820116175	3.4011764705882324	0.	0	-5.135466744297715	3.103529411764698
3.1699999999999764	5.117941909513324	3.402352941176468	0.	0	-5.128361114797373	3.1070588235294037
3.179999999999976	5.098314648487706	3.403529411764703	0.	0	-5.121263951373788	3.1105882352941094
3.189999999999976	5.078806821550563	3.404705882352938	0.	0	-5.11417528282951	3.114117647058815
3.1999999999999758	5.059417460953144	3.4058823529411737	0.	0	-5.1070951375179225	3.117647058823521
3.2099999999999755	5.04014560847409	3.407058823529409	0.	0	-5.100023543347218	3.121176470588227
3.2199999999999753	5.020990315312657	3.408235294117644	0.	0	-5.0929605277843555	3.1247058823529326
3.229999999999975	5.001950641983236	3.4094117647058795	0.	0	-5.085906117858993	3.1282352941176383
3.239999999999975	4.983025658211112	3.4105882352941146	0.	0	-5.078860340167371	3.131764705882344
3.2499999999999747	4.964214442829483	3.4117647058823497	0.	0	-5.071823220876189	3.13529411764705
3.2599999999999745	4.94551608367771	3.4129411764705853	0.	0	-5.064794785726422	3.1388235294117557
3.2699999999999743	4.926929677500775	3.4141176470588204	0.	0	-5.0577750600371445	3.1423529411764615
3.279999999999974	4.9084543298499606	3.415294117647056	0.	0	-5.050764068709289	3.1458823529411672
3.289999999999974	4.890089154984699	3.416470588235291	0.	0	-5.043761836229399	3.149411764705873
3.2999999999999736	4.87183327577562	3.417647058823526	0.	0	-5.036768386673346	3.152941176470579
3.3099999999999734	4.853685823608736	3.4188235294117617	0.	0	-5.029783743710009	3.156470588235285
3.319999999999973	4.835645938290793	3.419999999999997	0.	0	-5.022807930604937	3.159999999999991
3.329999999999973	4.817712767955754	3.421176470588232	0.	0	-5.0158409702239855	3.1635294117646966
3.3399999999999728	4.799885468972395	3.4223529411764675	0.	0	-5.008882885036906	3.1670588235294024
3.3499999999999726	4.782163205853019	3.4235294117647026	0.	0	-5.001933697120926	3.170588235294108
3.3599999999999723	4.764545151163263	3.4247058823529377	0.	0	-4.994993428164295	3.174117647058814
3.369999999999972	4.747030485432978	3.4258823529411733	0.	0	-4.988062099469801	3.1776470588235197
3.379999999999972	4.72961839706819	3.4270588235294084	0.	0	-4.981139731958259	3.1811764705882255
3.3899999999999717	4.712308082264111	3.4282352941176435	0.	0	-4.974226346171978	3.1847058823529313
3.3999999999999715	4.69509874491919	3.429411764705879	0.	0	-4.967321962278196	3.188235294117637
3.4099999999999713	4.677989596550207	3.430588235294114	0.	0	-4.960426600072487	3.191764705882343
3.419999999999971	4.660979856208363	3.4317647058823493	0.	0	-4.953540278982145	3.1952941176470486
3.429999999999971	4.644068750396407	3.432941176470585	0.	0	-4.946663018069547	3.1988235294117544
3.4399999999999706	4.627255512986728	3.43411764705882	0.	0	-4.939794836035467	3.20235294117646
3.4499999999999704	4.610539385140438	3.4352941176470555	0.	0	-4.932935751222398	3.205882352941166
3.45999999999997	4.593919615227439	3.4364705882352906	0.	0	-4.926085781617819	3.2094117647058718
3.46999999999997	4.577395458747427	3.4376470588235257	0.	0	-4.919244944857452	3.2129411764705775
3.47999999999997	4.560966178251855	3.4388235294117613	0.	0	-4.912413258228487	3.2164705882352833
3.4899999999999696	4.544631043266822	3.4399999999999964	0.	0	-4.905590738672785	3.219999999999989
3.4999999999999694	4.528389330216899	3.4411764705882315	0.	0	-4.898777402790055	3.2235294117646953
3.509999999999969	4.5122403223498475	3.442352941176467	0.	0	-4.891973266841003	3.227058823529401
3.519999999999969	4.496183309662258	3.443529411764702	0.	0	-4.885178346750464	3.230588235294107
3.5299999999999687	4.480217588826063	3.4447058823529373	0.	0	-4.878392658110498	3.2341176470588127
3.5399999999999685	4.4643424631159405	3.445882352941173	0.	0	-4.871616216183478	3.2376470588235184
3.5499999999999683	4.448557242337575	3.447058823529408	0.	0	-4.8648490359051335	3.2411764705882242
3.559999999999968	4.4328612427567835	3.448235294117643	0.	0	-4.858091131887587	3.24470588235293
3.569999999999968	4.417253787029481	3.4494117647058786	0.	0	-4.8513425184223555	3.248235294117636
3.5799999999999677	4.401734204132494	3.4505882352941137	0.	0	-4.84460320948334	3.2517647058823416
3.5899999999999674	4.386301829295181	3.4517647058823493	0.	0	-4.837873218729776	3.2552941176470473
3.5999999999999672	4.370956003931889	3.4529411764705844	0.	0	-4.831152559509179	3.258823529411753
3.609999999999967	4.355696075575198	3.4541176470588195	0.	0	-4.824441244860246	3.262352941176459
3.619999999999967	4.3405213978099715	3.455294117647055	0.	0	-4.817739287515754	3.2658823529411647
3.6299999999999666	4.325431330208191	3.45647058823529	0.	0	-4.811046699905424	3.2694117647058705
3.6399999999999664	4.3104252382645605	3.4576470588235253	0.	0	-4.804363494158765	3.2729411764705763
3.649999999999966	4.295502493332885	3.458823529411761	0.	0	-4.797689682107896	3.276470588235282
3.659999999999966	4.280662472563199	3.459999999999996	0.	0	-4.791025275290343	3.279999999999988
3.6699999999999657	4.265904558839645	3.461176470588231	0.	0	-4.784370284951824	3.2835294117646936
3.6799999999999655	4.25122814071909	3.4623529411764666	0.	0	-4.777724722048991	3.2870588235293994
3.6899999999999653	4.236632612370469	3.4635294117647017	0.	0	-4.771088597252183	3.2905882352941056
3.699999999999965	4.222117373514852	3.464705882352937	0.	0	-4.764461920948115	3.2941176470588114
3.709999999999965	4.207681829366212	3.4658823529411724	0.	0	-4.757844703242587	3.297647058823517
3.7199999999999647	4.193325390572908	3.4670588235294075	0.	0	-4.751236953963148	3.301176470588223
3.7299999999999645	4.1790474731598515	3.4682352941176426	0.	0	-4.744638682661735	3.3047058823529287
3.7399999999999642	4.164847498471356	3.469411764705878	0.	0	-4.738049898617312	3.3082352941176345
3.749999999999964	4.150724893114669	3.4705882352941133	0.	0	-4.73147061083847	3.3117647058823403
3.759999999999964	4.13667908890417	3.471764705882349	0.	0	-4.724900828066014	3.315294117647046
3.7699999999999636	4.12270952280622	3.472941176470584	0.	0	-4.718340558775527	3.318823529411752
3.7799999999999634	4.108815636884669	3.474117647058819	0.	0	-4.711789811179913	3.3223529411764576
3.789999999999963	4.094996878247007	3.4752941176470546	0.	0	-4.705248593231923	3.3258823529411634
3.799999999999963	4.081252698991139	3.4764705882352898	0.	0	-4.6987169126266615	3.329411764705869
3.8099999999999627	4.067582556152799	3.477647058823525	0.	0	-4.692194776804063	3.332941176470575
3.8199999999999625	4.053985911653575	3.4788235294117604	0.	0	-4.68568219295136	3.3364705882352808
3.8299999999999623	4.0404622322495465	3.4799999999999955	0.	0	-4.679179168005534	3.3399999999999865
3.839999999999962	4.027010989480527	3.4811764705882307	0.	0	-4.67268570865573	3.3435294117646923
3.849999999999962	4.0136316596199	3.482352941176466	0.	0	-4.666201821345664	3.347058823529398
3.8599999999999617	4.000323723625042	3.4835294117647013	0.	0	-4.65972751227602	3.350588235294104
3.8699999999999615	3.9870866670883323	3.4847058823529364	0.	0	-4.653262787406797	3.3541176470588097
3.8799999999999613	3.9739199801887266	3.485882352941172	0.	0	-4.64680765245968	3.357647058823516
3.889999999999961	3.9608231576439077	3.487058823529407	0.	0	-4.640362112920352	3.3611764705882217
3.899999999999961	3.947795698662987	3.4882352941176427	0.	0	-4.633926174040812	3.3647058823529274
3.9099999999999606	3.9348371068997614	3.4894117647058778	0.	0	-4.627499840841667	3.3682352941176332
3.9199999999999604	3.921946890406518	3.490588235294113	0.	0	-4.621083118114403	3.371764705882339
3.92999999999996	3.9091245615883725	3.4917647058823484	0.	0	-4.6146760104236435	3.375294117647045
3.93999999999996	3.89636963715814	3.4929411764705836	0.	0	-4.608278522109384	3.3788235294117506
3.9499999999999598	3.883681638091739	3.4941176470588187	0.	0	-4.601890657289213	3.3823529411764564
3.9599999999999596	3.871060089584099	3.495294117647054	0.	0	-4.595512419860513	3.385882352941162
3.9699999999999593	3.858504521005596	3.4964705882352893	0.	0	-4.589143813502643	3.389411764705868
3.979999999999959	3.8460144658589788	3.4976470588235244	0.	0	-4.582784841679105	3.3929411764705737
3.989999999999959	3.833589461736808	3.49882352941176	0.	0	-4.576435507639691	3.3964705882352795
3.9999999999999587	3.821229050279381	3.5000000000000466	0.	0	-4.5700958144226185	3.4000000000000195
4.009999999999959	3.8089327771331387	3.4887374047864204	0.	0	-4.563765764856638	3.3952906526693987
4.019999999999959	3.7967001919095695	3.477533143613078	0.	0	-4.5574453615631345	3.3905884818461756
4.0299999999999585	3.784530848144567	3.466386807547619	0.	0	-4.5511346069582075	3.3858934893278487
4.039999999999958	3.7724243032582745	3.4552979912153643	0.	0	-4.544833503254727	3.38120567676072
4.049999999999958	3.7603801185153802	3.444266292762991	0.	0	-4.538542052464387	3.3765250456414226
4.059999999999958	3.7483978589858804	3.433291313822594	0.	0	-4.532260256399733	3.371851597318431
4.069999999999958	3.7364770935062803	3.422372659476147	0.	0	-4.525988116676173	3.367185332993555
4.079999999999957	3.7246173946412577	3.4115099382203917	0.	0	-4.519725634713974	3.362526253723427
4.089999999999957	3.7128183386457505	3.4007027619321093	0.	0	-4.513472811740246	3.357874360420975
4.099999999999957	3.701079505427491	3.3899507458338056	0.	0	-4.507229648790901	3.353229653856884
4.109999999999957	3.6894004785099623	3.379253508459783	0.	0	-4.500996146712606	3.3485921346610468
4.119999999999957	3.677780844995786	3.3686106716226023	0.	0	-4.4947723061647125	3.3439618033239973
4.129999999999956	3.6662201955305185	3.3580218603799263	0.	0	-4.488558127621172	3.3393386601983406
4.139999999999956	3.6547181242668687	3.3474867030017443	0.	0	-4.482353611372438	3.3347227055001656
4.149999999999956	3.643274228829326	3.337004830937972	0.	0	-4.4761587575273545	3.3301139393104475
4.159999999999956	3.631888110279184	3.326575878786416	0.	0	-4.469973566015018	3.325512361576437
4.1699999999999555	3.620559373079965	3.3161994842611078	0.	0	-4.463798036586643	3.3209179721130444
4.179999999999955	3.6092876250632426	3.3058752881609963	0.	0	-4.457632168817387	3.316330770604203
4.189999999999955	3.5980724773948465	3.295602934338993	0.	0	-4.451475962108189	3.31175075660423
4.199999999999955	3.5869135445414577	3.285382069671379	0.	0	-4.44532941568757	3.3071779295391703
4.209999999999955	3.5758104442375758	3.275212344027546	0.	0	-4.439192528613427	3.3026122887081324
4.2199999999999545	3.5647627974528624	3.2650934102400853	0.	0	-4.433065299774818	3.2980538332846105
4.229999999999954	3.55377022835986	3.2550249240752227	0.	0	-4.426947727893726	3.293502562317802
4.239999999999954	3.5428323643020656	3.2450065442035734	0.	0	-4.420839811526801	3.2889584747339033
4.249999999999954	3.531948835762376	3.235037932171241	0.	0	-4.4147415490671085	3.284421569337408
4.259999999999954	3.52111927633188	3.225118752371232	0.	0	-4.408652938745838	3.27989184481238
4.269999999999953	3.5103433226790077	3.215248672015202	0.	0	-4.402573978634026	3.2753692997237325
4.279999999999953	3.4996206145190225	3.205427361105508	0.	0	-4.396504666644229	3.2708539325184796
4.289999999999953	3.4889507945838667	3.1956544924075914	0.	0	-4.390445000532225	3.266345741526992
4.299999999999953	3.4783335085923253	3.185929741422649	0.	0	-4.38439497789866	3.2618447249642313
4.3099999999999525	3.4677684052205526	3.176252786360638	0.	0	-4.378354596190713	3.2573508809309817
4.319999999999952	3.457255136072902	3.166623308113557	0.	0	-4.372323852703721	3.252864207415065
4.329999999999952	3.446793355653102	3.1570409902290475	0.	0	-4.366302744582817	3.2483847022925536
4.339999999999952	3.436382721335741	3.1475055188842718	0.	0	-4.360291268824531	3.2439123633289655
4.349999999999952	3.426022893338084	3.138016582860102	0.	0	-4.354289422278389	3.2394471881804527
4.3599999999999515	3.415713534692191	3.1285738735155815	0.	0	-4.3482972016485	3.2349891743949812
4.369999999999951	3.4054543112173543	3.119177084762679	0.	0	-4.342314603495127	3.2305383194135
4.379999999999951	3.3952448914928373	3.1098259130413197	0.	0	-4.336341624236237	3.226094620571096
4.389999999999951	3.3850849468309243	3.100520057294699	0.	0	-4.330378260149057	3.2216580750981487
4.399999999999951	3.3749741512502616	3.0912592189448667	0.	0	-4.324424507371596	3.217228680121465
4.40999999999995	3.3649121814494953	3.08204310186858	0.	0	-4.318480361904171	3.2128064326654124
4.41999999999995	3.3548987167812103	3.0728714123734333	0.	0	-4.312545819610908	3.208391329653039
4.42999999999995	3.3449334392261467	3.0637438591742407	0.	0	-4.306620876221242	3.2039833679071843
4.43999999999995	3.3350160333677046	3.0546601533696887	0.	0	-4.300705527331388	3.1995825441515793
4.4499999999999496	3.3251461863667364	3.0456200084192404	0.	0	-4.294799768405822	3.195188855011943
4.459999999999949	3.3153235879366076	3.036623140120299	0.	0	-4.28890359477873	3.1908022970170653
4.469999999999949	3.305547930318543	3.027669266585624	0.	0	-4.283017001655448	3.1864228665998744
4.479999999999949	3.295818908257233	3.018758108220989	0.	0	-4.277139984113907	3.182050560098514
4.489999999999949	3.286136218976719	3.0098893877030912	0.	0	-4.27127253710604	3.17768537375739
4.4999999999999485	3.276499562156536	3.0010628299577045	0.	0	-4.265414655459199	3.1733273037282217
4.509999999999948	3.266908639908119	2.992278162138065	0.	0	-4.259566333877543	3.168976346071081
4.519999999999948	3.2573631567514707	2.9835351136035038	0.	0	-4.25372756694343	3.16463249675542
4.529999999999948	3.2478628195920813	2.9748334158983027	0.	0	-4.247898349118786	3.160295751661095
4.539999999999948	3.238407337698102	2.966172802730791	0.	0	-4.242078674746464	3.155966106579378
4.549999999999947	3.2289964226777674	2.9575530099526626	0.	0	-4.236268538051597	3.151643557213956
4.559999999999947	3.2196297884570644	2.9489737755385246	0.	0	-4.230467933142938	3.1473280991819386
4.569999999999947	3.2103071512576395	2.94043483956566	0.	0	-4.2246768540141755	3.1430197280148273
4.579999999999947	3.201028229574965	2.9319359441940285	0.	0	-4.218895294545265	3.138718439159513
4.589999999999947	3.19179274415671	2.9234768336464603	0.	0	-4.21312324850372	3.134424227979231
4.599999999999946	3.1826004179813814	2.9150572541890867	0.	0	-4.207360709545913	3.130137089754533
4.609999999999946	3.1734509762371688	2.906676954111968	0.	0	-4.201607671218353	3.125857019684235
4.619999999999946	3.1643441463010364	2.8983356837099405	0.	0	-4.195864126958959	3.1215840128863666
4.629999999999946	3.1552796577180313	2.8900331952636646	0.	0	-4.19013007009832	3.1173180643991056
4.6399999999999455	3.146257242180819	2.881769243020882	0.	0	-4.184405493860947	3.1130591691817133
4.649999999999945	3.1372766335094413	2.873543583177873	0.	0	-4.178690391366506	3.108807322115449
4.659999999999945	3.128337567631287	2.8653559738611127	0.	0	-4.17298475563105	3.104562518004487
4.669999999999945	3.1194397825612863	2.8572061751091313	0.	0	-4.167288579568241	3.100324751576827
4.679999999999945	3.1105830183823064	2.849093948854554	0.	0	-4.161601855990549	3.096094017485184
4.689999999999944	3.101767017225772	2.841019058906354	0.	0	-4.155924577610456	3.091870310307886
4.699999999999944	3.0929915232524836	2.832981270932282	0.	0	-4.150256737041636	3.087653624549751
4.709999999999944	3.0842562826336426	2.824980352441487	0.	0	-4.144598326800142	3.08344395464297
4.719999999999944	3.0755610435320837	2.8170160727673252	0.	0	-4.138949339305561	3.079241294947967
4.729999999999944	3.066905556083703	2.8090882030503503	0.	0	-4.133309766882176	3.075045639754263
4.739999999999943	3.0582895723790897	2.801196516221491	0.	0	-4.127679601760116	3.07085698328133
4.749999999999943	3.049712846445348	2.7933407869853952	0.	0	-4.122058836076485	3.066675319679435
4.759999999999943	3.041175134228116	2.7855207918039686	0.	0	-4.1164474618764935	3.062500643030477
4.769999999999943	3.0326761935737743	2.7777363088800726	0.	0	-4.1108454711145725	3.058332947348819
4.7799999999999425	3.0242157842118473	2.769987118141407	0.	0	-4.105252855655488	3.0541722265821165
4.789999999999942	3.0157936677375865	2.762273001224558	0.	0	-4.099669607275429	3.0500184746121266
4.799999999999942	3.007409607594739	2.7545937414592165	0.	0	-4.094095717663102	3.0458716852555217
4.809999999999942	2.9990633690585033	2.746949123852562	0.	0	-4.088531178420808	3.0417318522646917
4.819999999999942	2.9907547192186588	2.7393389350738153	0.	0	-4.082975981065513	3.0375989693285406
4.8299999999999415	2.982483426962876	2.73176296343895	0.	0	-4.077430117029906	3.033473030073273
4.839999999999941	2.9742492629602086	2.724220998895571	0.	0	-4.071893577663455	3.0293540280631777
4.849999999999941	2.9660519996447476	2.716712833007945	0.	0	-4.066366354233441	3.0252419568014024
4.859999999999941	2.957891411199458	2.7092382589421935	0.	0	-4.060848437925998	3.0211368097307214
4.869999999999941	2.94976727354018	2.7017970714516415	0.	0	-4.0553398198471315	3.0170385802342983
4.87999999999994	2.941679364299797	2.694389066862314	0.	0	-4.049840491023737	3.01294726163644
4.88999999999994	2.9336274628125794	2.687014043058598	0.	0	-4.044350442404605	3.0088628472033467
4.89999999999994	2.9256113500986776	2.6796717994690376	0.	0	-4.0388696648614175	3.004785330143851
4.90999999999994	2.9176308088487874	2.6723621370522883	0.	0	-4.0333981491897335	3.0007147036101545
4.9199999999999395	2.909685623408972	2.665084858283218	0.	0	-4.027935886109977	2.9966509606985583
4.929999999999939	2.9017755797656477	2.6578397671391496	0.	0	-4.022482866268397	2.9925940944501828
4.939999999999939	2.8939004655307126	2.6506266690862446	0.	0	-4.017039080238041	2.9885440978516877
4.949999999999939	2.886060069926848	2.6434453710660386	0.	0	-4.011604518519699	2.9845009638359743
4.959999999999939	2.878254183772958	2.6362956814821024	0.	0	-4.006179171542863	2.980464685282901
4.9699999999999385	2.870482599469767	2.6291774101868555	0.	0	-4.000763029666643	2.976435255019966
4.979999999999938	2.8627451109855677	2.622090368468506	0.	0	-3.9953560831807224	2.9724126658230143
4.989999999999938	2.8550415138421124	2.615034369038134	0.	0	-3.989958322306253	2.968396910416907
4.999999999999938	2.847371605100651	2.608009226016897	0.	0	-3.9845697371967903	2.9643879814762153
5.009999999999938	2.839735183348117	2.601014754923385	0.	0	-3.9791903179391803	2.960385871625881
5.019999999999937	2.832132048683453	2.5940507726610864	0.	0	-3.9738200545544697	2.956390573441892
5.029999999999937	2.824562002704077	2.5871170975060007	0.	0	-3.9684589369987857	2.9524020794519408
5.039999999999937	2.8170248484924896	2.580213549094364	0.	0	-3.96310695516422	2.948420382136078
5.049999999999937	2.809520390603016	2.573339948410511	0.	0	-3.957764098879705	2.9444454739273653
5.0599999999999365	2.8020484350486874	2.5664961177748578	0.	0	-3.9524303579118714	2.940477347212515
5.069999999999936	2.7946087892882576	2.5596818808320076	0.	0	-3.947105721965915	2.9365159943325345
5.079999999999936	2.7872012622133475	2.5528970625389795	0.	0	-3.941790180686438	2.932561407583349
5.089999999999936	2.7798256641357257	2.546141489153556	0.	0	-3.9364837236582986	2.928613579216439
5.099999999999936	2.7724818067747177	2.5394149882227497	0.	0	-3.931186340407439	2.9246725014394523
5.1099999999999355	2.765169503244742	2.53271738857139	0.	0	-3.92589802040172	2.920738166416825
5.119999999999935	2.7578885680429788	2.5260485202908276	0.	0	-3.920618753051734	2.916810566270389
5.129999999999935	2.750638817037154	2.519408214727744	0.	0	-3.915348527711625	2.91288969307998
5.139999999999935	2.7434200674534606	2.512796304473089	0.	0	-3.9100873336798845	2.9089755388840297
5.149999999999935	2.7362321378645897	2.5062126233511193	0.	0	-3.9048351602001583	2.9050680956801664
5.159999999999934	2.7290748481778904	2.49965700640855	0.	0	-3.8995919964620325	2.9011673554258004
5.169999999999934	2.7219480196236536	2.4931292899038286	0.	0	-3.8943578316018206	2.8972733100387082
5.179999999999934	2.714851474743501	2.486629311296496	0.	0	-3.8891326547033356	2.8933859513976086
5.189999999999934	2.707785037378902	2.48015690923667	0.	0	-3.883916454798666	2.8895052713427387
5.199999999999934	2.7007485326598095	2.4737119235546356	0.	0	-3.878709220868931	2.8856312616764144
5.209999999999933	2.693741786993395	2.467294195250529	0.	0	-3.8735109418450433	2.881763914163603
5.219999999999933	2.686764628052914	2.4609035664841383	0.	0	-3.8683216066084545	2.8779032205324713
5.229999999999933	2.6798168847666712	2.454539880564795	0.	0	-3.8631412039918973	2.874049172474943
5.239999999999933	2.672898387307109	2.44820298194138	0.	0	-3.8579697227801244	2.8702017616472446
5.2499999999999325	2.666008967079987	2.441892716192415	0.	0	-3.8528071517106315	2.8663609796704463
5.259999999999932	2.659148456713689	2.4356089300162664	0.	0	-3.8476534794743857	2.862526818131002
5.269999999999932	2.6523166900486266	2.4293514712214392	0.	0	-3.842508694716535	2.8586992685812773
5.279999999999932	2.645513502126748	2.42312018871697	0.	0	-3.8373727860371236	2.8548783225400824
5.289999999999932	2.6387387291811595	2.4169149325029187	0.	0	-3.8322457419917906	2.8510639714931916
5.299999999999931	2.6319922086258405	2.410735553660949	0.	0	-3.827127551092468	2.8472562068938636
5.309999999999931	2.6252737790454685	2.404581904345009	0.	0	-3.822018201808069	2.84345502016335
5.319999999999931	2.6185832801853404	2.398453837772099	0.	0	-3.8169176825651707	2.839660402691409
5.329999999999931	2.611920552941399	2.392351208213138	0.	0	-3.8118259817486977	2.835872345836808
5.339999999999931	2.6052854393503524	2.3862738709839117	0.	0	-3.806743087702584	2.8320908409278194
5.34999999999993	2.5986777825798946	2.3802216824361166	0.	0	-3.8016689887304453	2.8283158792627208
5.35999999999993	2.592097426919025	2.374194499948493	0.	0	-3.7966036730962345	2.8245474521102825
5.36999999999993	2.585544217768458	2.3681921819180394	0.	0	-3.7915471290248934	2.8207855507102497
5.37999999999993	2.5790180016311335	2.3622145877513234	0.	0	-3.786499344703002	2.8170301662738297
5.3899999999999295	2.572518626102815	2.356261577855868	0.	0	-3.7814603082794207	2.8132812899841664
5.399999999999929	2.5660459398627835	2.3503330136316287	0.	0	-3.7764300078659176	2.80953891299681
5.409999999999929	2.5595997926646255	2.3444287574625555	0.	0	-3.7714084315378082	2.8058030264401888
5.419999999999929	2.5531800353271046	2.3385486727082325	0.	0	-3.7663955673345666	2.8020736214160675
5.429999999999929	2.5467865197251283	2.332692623695604	0.	0	-3.761391403260455	2.7983506890000154
5.4399999999999284	2.540419098780803	2.326860475710779	0.	0	-3.7563959272851255	2.794634220241851
5.449999999999928	2.5340776264545704	2.3210520949909186	0.	0	-3.7514091273442314	2.7909242061660997
5.459999999999928	2.5277619577364416	2.3152673487162	0.	0	-3.7464309913400267	2.787220637772439
5.469999999999928	2.521471948637306	2.30950610500186	0.	0	-3.7414615071419584	2.783523506036139
5.479999999999928	2.51520745618033	2.303768232890317	0.	0	-3.7365006625872583	2.7798328019085035
5.489999999999927	2.5089683383924384	2.2980536023433666	0.	0	-3.7315484454815264	2.776148516317302
5.499999999999927	2.5027544542958817	2.292362084234459	0.	0	-3.726604843599308	2.7724706401672004
5.509999999999927	2.4965656638998794	2.286693550341045	0.	0	-3.7216698446846657	2.768799164340188
5.519999999999927	2.4904018281923483	2.2810478733369974	0.	0	-3.716743436451749	2.7651340796959984
5.5299999999999265	2.484262809131713	2.2754249267851145	0.	0	-3.7118256065853554	2.7614753770725278
5.539999999999926	2.4781484696387888	2.26982458512968	0.	0	-3.7069163427414873	2.757823047286252
5.549999999999926	2.4720586735887484	2.2642467236891095	0.	0	-3.702015632547902	2.7541770811326307
5.559999999999926	2.4659932858031675	2.258691218648661	0.	0	-3.697123463604661	2.7505374693865208
5.569999999999926	2.459952172042141	2.2531579470532184	0.	0	-3.6922398234846683	2.7469042028025745
5.5799999999999255	2.453935198996481	2.2476467868001393	0.	0	-3.6873646997342084	2.7432772721156393
5.589999999999925	2.447942234279986	2.24215761663218	0.	0	-3.682498079873477	2.739656668041154
5.599999999999925	2.4419731464217858	2.2366903161304807	0.	0	-3.677639951397105	2.7360423812755377
5.609999999999925	2.436027804858761	2.2312447657076224	0.	0	-3.672790301774682	2.732434402496581
5.619999999999925	2.4301060799280334	2.2258208466007496	0.	0	-3.667949118451271	2.7288327223638245
5.629999999999924	2.4242078428595293	2.220418440864759	0.	0	-3.663116388847921	2.7252373315189464
5.639999999999924	2.4183329657686117	2.2150374313655488	0.	0	-3.6582921003621705	2.7216482205861325
5.649999999999924	2.412481321648786	2.2096777017733396	0.	0	-3.6534762403685503	2.7180653801724515
5.659999999999924	2.406652784364476	2.204339136556059	0.	0	-3.6486687962190807	2.7144888008682244
5.6699999999999235	2.4008472286438605	2.1990216209727755	0.	0	-3.643869755243763	2.710918473247393
5.679999999999923	2.395064530071791	2.1937250410672178	0.	0	-3.639079104751067	2.707354387867878
5.689999999999923	2.3893045650827656	2.188449283661334	0.	0	-3.6342968320284132	2.7037965352719415
5.699999999999923	2.383567210953974	2.183194236348925	0.	0	-3.629522924342647	2.7002449059865374
5.709999999999923	2.3778523457984106	2.1779597874893337	0.	0	-3.62475736894052	2.696699490523672
5.7199999999999225	2.3721598485580477	2.1727458262011945	0.	0	-3.620000153049151	2.693160279380743
5.729999999999922	2.366489598997076	2.16755224235624	0.	0	-3.6152512638764933	2.689627263040893
5.739999999999922	2.3608414776952125	2.162378926573173	0.	0	-3.6105106886117952	2.6861004319733457
5.749999999999922	2.3552153660410617	2.1572257702115865	0.	0	-3.6057784144260547	2.6825797766337485
5.759999999999922	2.3496111462255516	2.1520926653659473	0.	0	-3.601054428472467	2.679065287464504
5.769999999999921	2.3440287012354206	2.146979504859636	0.	0	-3.5963387178868755	2.675556954895105
5.779999999999921	2.338467914846773	2.1418861822390403	0.	0	-3.5916312697882122	2.6720547693424646
5.789999999999921	2.3329286716186926	2.136812591767706	0.	0	-3.586932071278936	2.668558721211238
5.799999999999921	2.3274108568869125	2.131758628420542	0.	0	-3.5822411094454627	2.6650688008941463
5.809999999999921	2.3219143567575524	2.1267241878780796	0.	0	-3.577558371358599	2.6615849987722977
5.81999999999992	2.3164390581009053	2.1217091665207852	0.	0	-3.572883844073966	2.658107305215503
5.82999999999992	2.310984848545289	2.1167134614234264	0.	0	-3.568217514632418	2.6546357105825864
5.83999999999992	2.3055516164709515	2.11173697034949	0.	0	-3.5635593700604633	2.6511702052216997
5.84999999999992	2.3001392510040337	2.1067795917456538	0.	0	-3.5589093973706727	2.647710779470626
5.8599999999999195	2.294747642010592	2.10184122473631	0.	0	-3.554267583562091	2.6442574236570846
5.869999999999919	2.2893766800906667	2.0969217691181328	0.	0	-3.549633915620639	2.6408101280990315
5.879999999999919	2.2840262565724196	2.0920211253547087	0.	0	-3.5450083805195183	2.6373688831049593
5.889999999999919	2.278696263506311	2.0871391945712046	0.	0	-3.540390965219601	2.6339336789741896
5.899999999999919	2.2733865936593447	2.0822758785490927	0.	0	-3.535781656669832	2.630504505997169
5.909999999999918	2.268097140509355	2.077431079720922	0.	0	-3.531180441807609	2.627081354455753
5.919999999999918	2.2628277982393494	2.0726047011651354	0.	0	-3.5265873075591716	2.623664214623498
5.929999999999918	2.2575784617319123	2.06779664660094	0.	0	-3.522002240839982	2.6202530767659393
5.939999999999918	2.252349026563645	2.063006820383222	0.	0	-3.5174252285551	2.6168479311408768
5.949999999999918	2.247139388999669	2.058235127497504	0.	0	-3.5128562575995637	2.6134487679986513
5.959999999999917	2.2419494459881766	2.0534814735549602	0.	0	-3.508295314858748	2.6100555775824166
5.969999999999917	2.236779095155026	2.0487457647874616	0.	0	-3.5037423872087414	2.6066683501284165
5.979999999999917	2.2316282347983956	2.0440279080426826	0.	0	-3.4991974615167014	2.6032870758662514
5.989999999999917	2.226496763883479	2.0393278107792394	0.	0	-3.4946605246412163	2.599911745019146
5.9999999999999165	2.221384582037234	2.034645381061882	0.	0	-3.4901315634326626	2.5965423478042147
6.009999999999916	2.216291589543175	2.029980527556724	0.	0	-3.4856105647335487	2.5931788744327204
6.019999999999916	2.2112176873362177	2.025333159526521	0.	0	-3.4810975153788704	2.589821315110336
6.029999999999916	2.2061627769975654	2.0207031868259864	0.	0	-3.476592402196454	2.5864696600373995
6.039999999999916	2.2011267607496494	2.016090519897157	0.	0	-3.4720952120072974	2.58312389940917
6.0499999999999154	2.196109541451105	2.0114950697647913	0.	0	-3.467605931625902	2.5797840234160723
6.059999999999915	2.191111022591805	2.0069167480318217	0.	0	-3.4631245478606174	2.5764500222439564
6.069999999999915	2.1861311082879267	2.0023554668748336	0.	0	-3.4586510475139605	2.573121886074331
6.079999999999915	2.181169703277073	1.9978111390396	0.	0	-3.4541854173829534	2.569799605084618
6.089999999999915	2.176226712913432	1.993283677836645	0.	0	-3.4497276442594376	2.566483169448384
6.099999999999914	2.1713020431629833	1.9887729971368553	0.	0	-3.4452777149304037	2.5631725693355882
6.109999999999914	2.166395600598744	1.9842790113671245	0.	0	-3.440835616178302	2.559867794912811
6.119999999999914	2.161507292396064	1.9798016355060442	0.	0	-3.43640133478136	2.556568836343491
6.129999999999914	2.1566370263279544	1.975340785079625	0.	0	-3.431974857513893	2.553275683788157
6.1399999999999135	2.1517847107604684	1.9708963761570666	0.	0	-3.4275561711466116	2.549988327404655
6.149999999999913	2.1469502546481136	1.9664683253465542	0.	0	-3.423145262446923	2.5467067573483746
6.159999999999913	2.1421335675293154	1.9620565497911053	0.	0	-3.4187421181792397	2.543430963772477
6.169999999999913	2.137334559521912	1.9576609671644414	0.	0	-3.4143467251052666	2.540160936828108
6.179999999999913	2.1325531413186933	1.9532814956669025	0.	0	-3.409959069984308	2.5368966666646293
6.1899999999999125	2.1277892241829854	1.948918054021404	0.	0	-3.4055791395735526	2.533638143429827
6.199999999999912	2.1230427199442636	1.9445705614694169	0.	0	-3.401206920628364	2.5303853572701303
6.209999999999912	2.118313540993812	1.940238937766993	0.	0	-3.396842399902566	2.5271382983308226
6.219999999999912	2.1136016002804205	1.935923103180824	0.	0	-3.3924855641487257	2.5238969567562526
6.229999999999912	2.108906811306119	1.9316229784843326	0.	0	-3.3881364001184355	2.520661322690043
6.239999999999911	2.1042290881219508	1.9273384849538044	0.	0	-3.3837948945625866	2.5174313862752964
6.249999999999911	2.099568345323782	1.9230695443645462	0.	0	-3.379461034231648	2.514207137654799
6.259999999999911	2.094924498048149	1.9188160789870838	0.	0	-3.3751348058759305	2.510988566971222
6.269999999999911	2.090297461968143	1.9145780115833941	0.	0	-3.370816196245863	2.5077756643673226
6.2799999999999105	2.0856871532893284	1.9103552654031641	0.	0	-3.366505192092252	2.5045684199861387
6.28999999999991	2.0810934887457027	1.9061477641800915	0.	0	-3.3622017801665462	2.5013668239711877
6.29999999999991	2.0765163855956876	1.901955432128214	0.	0	-3.357905947221097	2.498170866466657
6.30999999999991	2.071955761618155	1.8977781939382663	0.	0	-3.353617680009416	2.4949805376175984
6.31999999999991	2.0674115351084907	1.8936159747740784	0.	0	-3.3493369652864273	2.491795827570113
6.3299999999999095	2.0628836248746922	1.8894687002689983	0.	0	-3.345063789808719	2.4886167264715415
6.339999999999909	2.0583719502334983	1.885336296522349	0.	0	-3.3407981403347957	2.4854432244706497
6.349999999999909	2.053876431006557	1.8812186900959178	0.	0	-3.3365400036253203	2.482275311717808
6.359999999999909	2.0493969875166225	1.8771158080104737	0.	0	-3.332289366443361	2.4791129783651784
6.369999999999909	2.044933540583788	1.8730275777423144	0.	0	-3.3280462155546275	2.4759562145668865
6.379999999999908	2.040486011521751	1.8689539272198494	0.	0	-3.3238105377277147	2.4728050104792056
6.389999999999908	2.0360543221341105	1.864894784820205	0.	0	-3.3195823197343373	2.469659356260728
6.399999999999908	2.031638394710699	1.8608500793658667	0.	0	-3.3153615483495584	2.4665192420725397
6.409999999999908	2.0272381520239415	1.856819740121344	0.	0	-3.3111482103520253	2.463384658078392
6.419999999999908	2.022853517325253	1.8528036967898698	0.	0	-3.306942292524194	2.4602555944448685
6.429999999999907	2.0184844143414593	1.848801879510123	0.	0	-3.302743781652559	2.4571320413415596
6.439999999999907	2.0141307672712556	1.844814218852985	0.	0	-3.29855266452787	2.45401398894122
6.449999999999907	2.0097925007816944	1.8408406458183206	0.	0	-3.294368927945357	2.4509014274199377
6.459999999999907	2.0054695400047	1.8368810918317902	0.	0	-3.29019255870495	2.4477943469572985
6.4699999999999065	2.001161810533617	1.8329354887416824	0.	0	-3.28602354361149	2.4446927377365397
6.479999999999906	1.9968692384197884	1.8290037688157859	0.	0	-3.2818618694749446	2.441596589944714
6.489999999999906	1.992591750169161	1.825085864738274	0.	0	-3.2777075231106187	2.4385058937728457
6.499999999999906	1.988329272738921	1.8211817096066287	0.	0	-3.273560491339365	2.4354206394160847
6.509999999999906	1.9840817335341612	1.8172912369285847	0.	0	-3.269420760987786	2.4323408170738596
6.519999999999905	1.9798490604045718	1.8134143806190997	0.	0	-3.265288318888441	2.42926641695003
6.529999999999905	1.9756311816411651	1.8095510749973536	0.	0	-3.261163151880051	2.4261974292530404
6.539999999999905	1.9714280259730235	1.8057012547837707	0.	0	-3.257045246807688	2.4231338441960597
6.549999999999905	1.967239522564078	1.8018648550970684	0.	0	-3.252934590522983	2.4200756519971374
6.559999999999905	1.9630656010099143	1.7980418114513324	0.	0	-3.2488311698843146	2.4170228428793408
6.569999999999904	1.9589061913346062	1.7942320597531152	0.	0	-3.244734971757004	2.4139754070709047
6.579999999999904	1.9547612239875725	1.7904355362985587	0.	0	-3.2406459830135024	2.4109333348053665
6.589999999999904	1.950630629840468	1.786652177770546	0.	0	-3.2365641905335854	2.4078966163217146
6.599999999999904	1.9465143401840928	1.7828819212358686	0.	0	-3.2324895812045327	2.4048652418645187
6.6099999999999035	1.9424122867253348	1.7791247041424305	0.	0	-3.2284221419213157	2.4018392016840715
6.619999999999903	1.938324401584133	1.7753804643164608	0.	0	-3.2243618595867773	2.3988184860365207
6.629999999999903	1.9342506172904699	1.771649139959765	0.	0	-3.220308721111815	2.3958030851840086
6.639999999999903	1.930190866781388	1.7679306696469876	0.	0	-3.2162627134155546	2.3927929893947977
6.649999999999903	1.9261450833980318	1.764224992322905	0.	0	-3.2122238234255267	2.3897881889434025
6.659999999999902	1.9221132008827142	1.7605320472997374	0.	0	-3.2081920380778435	2.3867886741107243
6.669999999999902	1.9180951533760093	1.7568517742544882	0.	0	-3.2041673443173657	2.3837944351841704
6.679999999999902	1.9140908754138697	1.7531841132263002	0.	0	-3.2001497290978755	2.3808054624577872
6.689999999999902	1.9101003019247635	1.7495290046138368	0.	0	-3.1961391793822425	2.3778217462323816
6.699999999999902	1.9061233682268433	1.7458863891726861	0.	0	-3.1921356821425895	2.3748432768156436
6.709999999999901	1.902160010025131	1.7422562080127844	0.	0	-3.188139224360455	2.371870044522269
6.719999999999901	1.8982101634087352	1.7386384025958663	0.	0	-3.1841497930269584	2.368902039674081
6.729999999999901	1.8942737648480805	1.7350329147329275	0.	0	-3.1801673751429558	2.3659392526001475
6.739999999999901	1.8903507511921707	1.7314396865817177	0.	0	-3.176191957719198	2.362981673636897
6.7499999999999005	1.8864410596658692	1.7278586606442499	0.	0	-3.172223527776489	2.3600292931282367
6.7599999999999	1.8825446278672036	1.724289779764332	0.	0	-3.1682620723458395	2.3570821014256684
6.7699999999999	1.8786613937646928	1.720732987125117	0.	0	-3.164307578468618	2.354140088888399
6.7799999999999	1.8747912956946948	1.7171882262466758	0.	0	-3.160360033196699	2.351203245883452
6.7899999999999	1.8709342723587812	1.7136554409835911	0.	0	-3.1564194235926166	2.348271562785781
6.7999999999998995	1.8670902628211274	1.7101345755225676	0.	0	-3.152485736729707	2.345345029978376
6.809999999999899	1.8632592065059295	1.7066255743800656	0.	0	-3.148558959692256	2.342423637852373
6.819999999999899	1.8594410431948396	1.7031283823999517	0.	0	-3.1446390795756405	2.3395073768071595
6.829999999999899	1.8556357130244243	1.6996429447511723	0.	0	-3.1407260834864688	2.3365962372504794
6.839999999999899	1.851843156483642	1.696169206925441	0.	0	-3.136819958542724	2.3336902095985383
6.849999999999898	1.848063314411345	1.6927071147349526	0.	0	-3.1329206918738985	2.3307892842761047
6.859999999999898	1.8442961279937975	1.6892566143101084	0.	0	-3.1290282706211316	2.3278934517166117
6.869999999999898	1.8405415387622168	1.6858176520972643	0.	0	-3.125142681937344	2.3250027023622577
6.879999999999898	1.8367994885903356	1.6823901748564989	0.	0	-3.1212639129873687	2.322117026664104
6.8899999999998975	1.8330699196919822	1.6789741296593959	0.	0	-3.117391950948085	2.3192364150821714
6.899999999999897	1.829352774618681	1.6755694638868475	0.	0	-3.113526783008547	2.3163608580855426
6.909999999999897	1.8256479962572745	1.672176125226875	0.	0	-3.1096683963701097	2.3134903461524474
6.919999999999897	1.8219555278275625	1.6687940616724677	0.	0	-3.105816778246558	2.3106248697703666
6.929999999999897	1.8182753128799625	1.6654232215194393	0.	0	-3.1019719158642274	2.307764419436115
6.9399999999998965	1.8146072952931882	1.6620635533643018	0.	0	-3.098133796462132	2.3049089856559433
6.949999999999896	1.8109514192719485	1.6587150061021574	0.	0	-3.094302407292081	2.3020585589456184
6.959999999999896	1.807307629344661	1.6553775289246055	0.	0	-3.0904777356188027	2.2992131298305205
6.969999999999896	1.8036758703611913	1.65205107131767	0.	0	-3.086659768720059	2.296372688845725
6.979999999999896	1.8000560874906033	1.6487355830597412	0.	0	-3.082848493886765	2.2935372265360936
6.989999999999895	1.7964482262189339	1.6454310142195352	0.	0	-3.0790438984231043	2.290706733456359
6.999999999999895	1.7928522323469815	1.64213731515407	0.	0	-3.0752459696466397	2.287881200171208
7.009999999999895	1.7892680519881148	1.6388544365066577	0.	0	-3.0714546948884265	2.285060617255365
7.019999999999895	1.7856956315660983	1.6355823292049132	0.	0	-3.0676700614931276	2.282244975293679
7.0299999999998946	1.7821349178129373	1.6323209444587796	0.	0	-3.0638920568191153	2.279434264881196
7.039999999999894	1.7785858577667368	1.629070233758568	0.	0	-3.060120668238584	2.2766284766232476
7.049999999999894	1.7750483987695813	1.6258301488730156	0.	0	-3.056355883137658	2.2738276011355274
7.059999999999894	1.7715224884654297	1.6226006418473564	0.	0	-3.0525976889164905	2.2710316290441668
7.069999999999894	1.7680080747980285	1.6193816650014106	0.	0	-3.048846072989371	2.268240550985814
7.0799999999998935	1.7645051060088388	1.6161731709276865	0.	0	-3.045101022784829	2.26545435760771
7.089999999999893	1.761013530634988	1.6129751124895026	0.	0	-3.0413625257457295	2.2626730395677637
7.099999999999893	1.7575332975072238	1.6097874428191166	0.	0	-3.037630569329378	2.2598965875346244
7.109999999999893	1.754064355747901	1.6066101153158772	0.	0	-3.0339051410076134	2.257124992187755
7.119999999999893	1.7506066547689716	1.603443083644387	0.	0	-3.0301862282669076	2.2543582442175056
7.129999999999892	1.7471601442699989	1.6002863017326816	0.	0	-3.026473818608462	2.2515963343251832
7.139999999999892	1.743724774236182	1.5971397237704212	0.	0	-3.0227678995482954	2.248839253223119
7.149999999999892	1.7403004949364025	1.5940033042070996	0.	0	-3.0190684586173453	2.2460869916347437
7.159999999999892	1.7368872569212785	1.5908769977502646	0.	0	-3.0153754833615514	2.2433395402946488
7.169999999999892	1.7334850110212423	1.5877607593637548	0.	0	-3.011688961341948	2.240596889948655
7.179999999999891	1.7300937083446273	1.5846545442659488	0.	0	-3.0080088801347564	2.237859031353882
7.189999999999891	1.7267133002757753	1.581558307928031	0.	0	-3.004335227331467	2.2351259552788103
7.199999999999891	1.723343738473153	1.5784720060722666	0.	0	-3.000667990538929	2.2323976525033453
7.209999999999891	1.7199849748674894	1.5753955946702956	0.	0	-2.9970071573794326	2.229674113818881
7.2199999999998905	1.7166369616599244	1.5723290299414368	0.	0	-2.9933527154907953	2.226955330028363
7.22999999999989	1.7132996513201717	1.5692722683510052	0.	0	-2.9897046525264437	2.224241291946349
7.23999999999989	1.7099729965847001	1.5662252666086471	0.	0	-2.986062956155492	2.2215319903990687
7.24999999999989	1.7066569504549234	1.5631879816666805	0.	0	-2.982427614062828	2.2188274162244856
7.25999999999989	1.7033514661954101	1.5601603707184566	0.	0	-2.978798613949184	2.2161275602723522
7.269999999999889	1.7000564973321048	1.5571423911967304	0.	0	-2.9751759435312226	2.2134324134042718
7.279999999999889	1.6967719976505626	1.554134000772043	0.	0	-2.971559590541607	2.2107419664937513
7.289999999999889	1.6934979211942003	1.5511351573511205	0.	0	-2.967949542729077	2.2080562104262604
7.299999999999889	1.6902342222625555	1.5481458190752793	0.	0	-2.96434578785853	2.205375136099286
7.309999999999889	1.6869808554095704	1.5451659443188537	0.	0	-2.960748313711084	2.202698734422386
7.319999999999888	1.683737775441876	1.5421954916876248	0.	0	-2.957157108084157	2.200026996317242
7.329999999999888	1.6805049374170982	1.539234420017269	0.	0	-2.9535721587915345	2.1973599127177144
7.339999999999888	1.677282296642177	1.5362826883718184	0.	0	-2.9499934536634393	2.1946974745698915
7.349999999999888	1.6740698086716916	1.533340256042127	0.	0	-2.9464209805466015	2.192039672832143
7.3599999999998875	1.6708674293062096	1.5304070825443572	0.	0	-2.942854727304326	2.18938649847517
7.369999999999887	1.6676751145906397	1.5274831276184733	0.	0	-2.9392946818165564	2.186737942482051
7.379999999999887	1.6644928208126002	1.5245683512267456	0.	0	-2.935740831979944	2.1840939958482957
7.389999999999887	1.6613205045008055	1.521662713552273	0.	0	-2.932193165707908	2.181454649581888
7.399999999999887	1.6581581224234534	1.5187661749975052	0.	0	-2.9286516709307033	2.1788198947033366
7.4099999999998865	1.6550056315866395	1.5158786961827917	0.	0	-2.9251163355954786	2.1761897222457196
7.419999999999886	1.6518629892327694	1.513000237944927	0.	0	-2.921587147666343	2.173564123254733
7.429999999999886	1.6487301528389962	1.510130761335718	0.	0	-2.9180640951244174	2.1709430887887278
7.439999999999886	1.6456070801156601	1.5072702276205572	0.	0	-2.914547165967904	2.1683266099187644
7.449999999999886	1.6424937290047472	1.5044185982770089	0.	0	-2.9110363482121375	2.1657146777286482
7.459999999999885	1.6393900576783527	1.5015758349934034	0.	0	-2.907531629889643	2.1631072833149743
7.469999999999885	1.6362960245371667	1.4987418996674486	0.	0	-2.904032999050196	2.16050441778717
7.479999999999885	1.6332115882089586	1.4959167544048428	0.	0	-2.9005404437608733	2.157906072267538
7.489999999999885	1.630136707547087	1.4931003615179095	0.	0	-2.897053952106111	2.1553122378912906
7.4999999999998845	1.6270713416290066	1.490292683524229	0.	0	-2.893573512187754	2.1527229058065958
